2716
0 9999 9999 9999
1 9999 9999 9999
2 9999 9999 9999
3 9999 9999 9999
4 9999 9999 9999
5 9999 9999 9999
6 9999 9999 9999
7 9999 9999 9999
8 9999 9999 9999
9 9999 9999 9999
10 9999 9999 9999
11 9999 9999 9999
12 9999 9999 9999
13 9999 9999 9999
14 9999 9999 9999
15 9999 9999 9999
16 9999 9999 9999
17 9999 9999 9999
18 9999 9999 9999
19 9999 9999 9999
20 9999 9999 9999
21 9999 9999 9999
22 9999 9999 9999
23 9999 9999 9999
24 9999 9999 9999
25 9999 9999 9999
26 9999 9999 9999
27 9999 9999 9999
28 9999 9999 9999
29 9999 9999 9999
30 9999 9999 9999
31 9999 9999 9999
32 9999 9999 9999
33 9999 9999 9999
34 9999 9999 9999
35 9999 9999 9999
36 9999 9999 9999
37 9999 9999 9999
38 9999 9999 9999
39 9999 9999 9999
40 9999 9999 9999
41 9999 9999 9999
42 9999 9999 9999
43 9999 9999 9999
44 9999 9999 9999
45 9999 9999 9999
46 9999 9999 9999
47 9999 9999 9999
48 9999 9999 9999
49 9999 9999 9999
50 9999 9999 9999
51 9999 9999 9999
52 9999 9999 9999
53 9999 9999 9999
54 9999 9999 9999
55 9999 9999 9999
56 9999 9999 9999
57 9999 9999 9999
58 9999 9999 9999
59 9999 9999 9999
60 9999 9999 9999
61 9999 9999 9999
62 9999 9999 9999
63 9999 9999 9999
64 9999 9999 9999
65 9999 9999 9999
66 9999 9999 9999
67 9999 9999 9999
68 9999 9999 9999
69 9999 9999 9999
70 9999 9999 9999
71 9999 9999 9999
72 9999 9999 9999
73 9999 9999 9999
74 9999 9999 9999
75 9999 9999 9999
76 9999 9999 9999
77 9999 9999 9999
78 9999 9999 9999
79 9999 9999 9999
80 9999 9999 9999
81 9999 9999 9999
82 9999 9999 9999
83 9999 9999 9999
84 9999 9999 9999
85 9999 9999 9999
86 9999 9999 9999
87 9999 9999 9999
88 9999 9999 9999
89 9999 9999 9999
90 9999 9999 9999
91 9999 9999 9999
92 9999 9999 9999
93 9999 9999 9999
94 9999 9999 9999
95 9999 9999 9999
96 9999 9999 9999
97 9999 9999 9999
98 9999 9999 9999
99 9999 9999 9999
100 9999 9999 9999
101 9999 9999 9999
102 9999 9999 9999
103 9999 9999 9999
104 9999 9999 9999
105 9999 9999 9999
106 9999 9999 9999
107 9999 9999 9999
108 9999 9999 9999
109 9999 9999 9999
110 9999 9999 9999
111 9999 9999 9999
112 9999 9999 9999
113 9999 9999 9999
114 9999 9999 9999
115 9999 9999 9999
116 9999 9999 9999
117 9999 9999 9999
118 9999 9999 9999
119 9999 9999 9999
120 9999 9999 9999
121 9999 9999 9999
122 9999 9999 9999
123 9999 9999 9999
124 9999 9999 9999
125 9999 9999 9999
126 9999 9999 9999
127 9999 9999 9999
128 9999 9999 9999
129 9999 9999 9999
130 9999 9999 9999
131 9999 9999 9999
132 9999 9999 9999
133 9999 9999 9999
134 9999 9999 9999
135 9999 9999 9999
136 9999 9999 9999
137 9999 9999 9999
138 9999 9999 9999
139 9999 9999 9999
140 9999 9999 9999
141 9999 9999 9999
142 9999 9999 9999
143 9999 9999 9999
144 9999 9999 9999
145 9999 9999 9999
146 9999 9999 9999
147 9999 9999 9999
148 9999 9999 9999
149 9999 9999 9999
150 9999 9999 9999
151 9999 9999 9999
152 9999 9999 9999
153 9999 9999 9999
154 9999 9999 9999
155 9999 9999 9999
156 9999 9999 9999
157 9999 9999 9999
158 9999 9999 9999
159 9999 9999 9999
160 9999 9999 9999
161 9999 9999 9999
162 9999 9999 9999
163 9999 9999 9999
164 9999 9999 9999
165 9999 9999 9999
166 9999 9999 9999
167 9999 9999 9999
168 9999 9999 9999
169 9999 9999 9999
170 9999 9999 9999
171 9999 9999 9999
172 9999 9999 9999
173 9999 9999 9999
174 9999 9999 9999
175 9999 9999 9999
176 9999 9999 9999
177 9999 9999 9999
178 9999 9999 9999
179 9999 9999 9999
180 9999 9999 9999
181 9999 9999 9999
182 9999 9999 9999
183 9999 9999 9999
184 9999 9999 9999
185 9999 9999 9999
186 9999 9999 9999
187 9999 9999 9999
188 9999 9999 9999
189 9999 9999 9999
190 9999 9999 9999
191 9999 9999 9999
192 9999 9999 9999
193 9999 9999 9999
194 9999 9999 9999
195 9999 9999 9999
196 9999 9999 9999
197 9999 9999 9999
198 9999 9999 9999
199 9999 9999 9999
200 9999 9999 9999
201 9999 9999 9999
202 9999 9999 9999
203 9999 9999 9999
204 9999 9999 9999
205 9999 9999 9999
206 9999 9999 9999
207 9999 9999 9999
208 9999 9999 9999
209 9999 9999 9999
210 9999 9999 9999
211 9999 9999 9999
212 9999 9999 9999
213 9999 9999 9999
214 9999 9999 9999
215 9999 9999 9999
216 9999 9999 9999
217 9999 9999 9999
218 9999 9999 9999
219 9999 9999 9999
220 9999 9999 9999
221 9999 9999 9999
222 9999 9999 9999
223 9999 9999 9999
224 9999 9999 9999
225 9999 9999 9999
226 9999 9999 9999
227 9999 9999 9999
228 9999 9999 9999
229 9999 9999 9999
230 9999 9999 9999
231 9999 9999 9999
232 9999 9999 9999
233 9999 9999 9999
234 9999 9999 9999
235 9999 9999 9999
236 9999 9999 9999
237 9999 9999 9999
238 9999 9999 9999
239 9999 9999 9999
240 9999 9999 9999
241 9999 9999 9999
242 9999 9999 9999
243 9999 9999 9999
244 9999 9999 9999
245 9999 9999 9999
246 9999 9999 9999
247 9999 9999 9999
248 9999 9999 9999
249 9999 9999 9999
250 9999 9999 9999
251 9999 9999 9999
252 9999 9999 9999
253 9999 9999 9999
254 9999 9999 9999
255 9999 9999 9999
256 9999 9999 9999
257 9999 9999 9999
258 9999 9999 9999
259 9999 9999 9999
260 9999 9999 9999
261 9999 9999 9999
262 9999 9999 9999
263 9999 9999 9999
264 9999 9999 9999
265 9999 9999 9999
266 9999 9999 9999
267 9999 9999 9999
268 9999 9999 9999
269 9999 9999 9999
270 9999 9999 9999
271 9999 9999 9999
272 9999 9999 9999
273 9999 9999 9999
274 9999 9999 9999
275 9999 9999 9999
276 9999 9999 9999
277 9999 9999 9999
278 9999 9999 9999
279 9999 9999 9999
280 9999 9999 9999
281 9999 9999 9999
282 9999 9999 9999
283 9999 9999 9999
284 9999 9999 9999
285 9999 9999 9999
286 9999 9999 9999
287 9999 9999 9999
288 9999 9999 9999
289 9999 9999 9999
290 9999 9999 9999
291 9999 9999 9999
292 9999 9999 9999
293 9999 9999 9999
294 9999 9999 9999
295 9999 9999 9999
296 9999 9999 9999
297 9999 9999 9999
298 9999 9999 9999
299 9999 9999 9999
300 9999 9999 9999
301 9999 9999 9999
302 9999 9999 9999
303 9999 9999 9999
304 9999 9999 9999
305 9999 9999 9999
306 9999 9999 9999
307 9999 9999 9999
308 9999 9999 9999
309 9999 9999 9999
310 9999 9999 9999
311 9999 9999 9999
312 9999 9999 9999
313 9999 9999 9999
314 9999 9999 9999
315 9999 9999 9999
316 9999 9999 9999
317 9999 9999 9999
318 9999 9999 9999
319 9999 9999 9999
320 9999 9999 9999
321 9999 9999 9999
322 9999 9999 9999
323 9999 9999 9999
324 9999 9999 9999
325 9999 9999 9999
326 9999 9999 9999
327 9999 9999 9999
328 9999 9999 9999
329 9999 9999 9999
330 9999 9999 9999
331 9999 9999 9999
332 9999 9999 9999
333 9999 9999 9999
334 9999 9999 9999
335 9999 9999 9999
336 9999 9999 9999
337 9999 9999 9999
338 9999 9999 9999
339 9999 9999 9999
340 9999 9999 9999
341 9999 9999 9999
342 9999 9999 9999
343 9999 9999 9999
344 9999 9999 9999
345 9999 9999 9999
346 9999 9999 9999
347 9999 9999 9999
348 9999 9999 9999
349 9999 9999 9999
350 9999 9999 9999
351 9999 9999 9999
352 9999 9999 9999
353 9999 9999 9999
354 9999 9999 9999
355 9999 9999 9999
356 9999 9999 9999
357 9999 9999 9999
358 9999 9999 9999
359 9999 9999 9999
360 9999 9999 9999
361 9999 9999 9999
362 9999 9999 9999
363 9999 9999 9999
364 9999 9999 9999
365 9999 9999 9999
366 9999 9999 9999
367 9999 9999 9999
368 9999 9999 9999
369 9999 9999 9999
370 9999 9999 9999
371 9999 9999 9999
372 9999 9999 9999
373 9999 9999 9999
374 9999 9999 9999
375 9999 9999 9999
376 9999 9999 9999
377 9999 9999 9999
378 9999 9999 9999
379 9999 9999 9999
380 9999 9999 9999
381 9999 9999 9999
382 9999 9999 9999
383 9999 9999 9999
384 9999 9999 9999
385 9999 9999 9999
386 9999 9999 9999
387 9999 9999 9999
388 9999 9999 9999
389 9999 9999 9999
390 9999 9999 9999
391 9999 9999 9999
392 9999 9999 9999
393 9999 9999 9999
394 9999 9999 9999
395 9999 9999 9999
396 9999 9999 9999
397 9999 9999 9999
398 9999 9999 9999
399 9999 9999 9999
400 9999 9999 9999
401 9999 9999 9999
402 9999 9999 9999
403 9999 9999 9999
404 9999 9999 9999
405 9999 9999 9999
406 9999 9999 9999
407 9999 9999 9999
408 9999 9999 9999
409 9999 9999 9999
410 9999 9999 9999
411 9999 9999 9999
412 9999 9999 9999
413 9999 9999 9999
414 9999 9999 9999
415 9999 9999 9999
416 9999 9999 9999
417 9999 9999 9999
418 9999 9999 9999
419 9999 9999 9999
420 9999 9999 9999
421 9999 9999 9999
422 9999 9999 9999
423 9999 9999 9999
424 9999 9999 9999
425 9999 9999 9999
426 9999 9999 9999
427 9999 9999 9999
428 9999 9999 9999
429 9999 9999 9999
430 9999 9999 9999
431 9999 9999 9999
432 5 10 0
433 5 10 1
434 5 10 2
435 5 10 3
436 5 10 4
437 5 10 5
438 5 10 6
439 5 10 7
440 5 10 8
441 5 10 9
442 5 10 10
443 5 10 11
444 5 10 12
445 5 10 13
446 5 10 14
447 5 10 15
448 1 13 0
449 1 13 1
450 1 13 2
451 1 13 3
452 1 13 4
453 1 13 5
454 1 13 6
455 1 13 7
456 1 13 8
457 1 13 9
458 1 13 10
459 1 13 11
460 1 13 12
461 1 13 13
462 1 13 14
463 1 13 15
464 1 12 0
465 1 12 1
466 1 12 2
467 1 12 3
468 1 12 4
469 1 12 5
470 1 12 6
471 1 12 7
472 1 12 8
473 1 12 9
474 1 12 10
475 1 12 11
476 1 12 12
477 1 12 13
478 1 12 14
479 1 12 15
480 2 0 0
481 2 0 1
482 2 0 2
483 2 0 3
484 2 0 4
485 2 0 5
486 2 0 6
487 2 0 7
488 3 0 0
489 3 0 1
490 3 0 2
491 3 0 3
492 3 10 14
493 3 10 15
494 3 0 6
495 3 0 7
496 3 1 0
497 3 1 1
498 3 1 2
499 3 1 3
500 3 1 4
501 3 1 5
502 3 1 6
503 3 1 7
504 3 2 0
505 3 2 1
506 3 2 2
507 3 2 3
508 3 2 4
509 3 2 5
510 3 2 6
511 3 2 7
512 1 0 0
513 1 0 1
514 1 0 2
515 1 0 3
516 1 0 4
517 1 0 5
518 1 0 6
519 1 0 7
520 1 1 0
521 1 1 1
522 1 1 2
523 1 1 3
524 1 1 4
525 1 1 5
526 1 1 6
527 1 1 7
528 2 0 8
529 2 0 9
530 2 0 10
531 2 0 11
532 2 0 12
533 2 0 13
534 2 0 14
535 2 0 15
536 3 0 8
537 3 0 9
538 3 0 10
539 3 0 11
540 3 0 12
541 3 0 13
542 3 0 14
543 3 0 15
544 3 1 8
545 3 1 9
546 3 1 10
547 3 1 11
548 3 1 12
549 3 1 13
550 3 1 14
551 3 1 15
552 3 2 8
553 3 2 9
554 3 2 10
555 3 2 11
556 3 2 12
557 3 2 13
558 3 2 14
559 3 2 15
560 1 0 8
561 1 0 9
562 1 0 10
563 1 0 11
564 1 0 12
565 1 0 13
566 1 0 14
567 1 0 15
568 1 1 8
569 1 1 9
570 1 1 10
571 1 1 11
572 1 1 12
573 1 1 13
574 1 1 14
575 1 1 15
576 2 1 0
577 2 1 1
578 2 1 2
579 2 1 3
580 2 1 4
581 2 1 5
582 2 1 6
583 2 1 7
584 3 3 0
585 3 3 1
586 3 3 2
587 3 3 3
588 3 3 4
589 3 3 5
590 3 3 6
591 3 3 7
592 3 4 0
593 3 4 1
594 3 4 2
595 3 4 3
596 3 4 4
597 3 4 5
598 3 4 6
599 3 4 7
600 3 5 0
601 3 5 1
602 3 5 2
603 3 5 3
604 3 5 4
605 3 5 5
606 3 5 6
607 3 5 7
608 1 2 0
609 1 2 1
610 1 2 2
611 1 2 3
612 1 2 4
613 1 2 5
614 1 2 6
615 1 2 7
616 1 3 0
617 1 3 1
618 1 3 2
619 1 3 3
620 1 3 4
621 1 3 5
622 1 3 6
623 1 3 7
624 2 1 8
625 2 1 9
626 2 1 10
627 2 1 11
628 2 1 12
629 2 1 13
630 2 1 14
631 2 1 15
632 3 3 8
633 3 3 9
634 3 3 10
635 3 3 11
636 3 3 12
637 3 3 13
638 3 3 14
639 3 3 15
640 3 4 8
641 3 4 9
642 3 4 10
643 3 4 11
644 3 4 12
645 3 4 13
646 3 4 14
647 3 4 15
648 3 5 8
649 3 5 9
650 3 5 10
651 3 5 11
652 3 5 12
653 3 5 13
654 3 5 14
655 3 5 15
656 1 2 8
657 1 2 9
658 1 2 10
659 1 2 11
660 1 2 12
661 1 2 13
662 1 2 14
663 1 2 15
664 1 3 8
665 1 3 9
666 1 3 10
667 1 3 11
668 1 3 12
669 1 3 13
670 1 3 14
671 1 3 15
672 2 2 0
673 2 2 1
674 2 2 2
675 2 2 3
676 2 2 4
677 2 2 5
678 2 2 6
679 2 2 7
680 2 3 0
681 2 3 1
682 2 3 2
683 2 3 3
684 2 3 4
685 2 3 5
686 2 3 6
687 2 3 7
688 3 6 0
689 3 6 1
690 3 6 2
691 3 6 3
692 3 6 4
693 3 6 5
694 3 6 6
695 3 6 7
696 3 7 0
697 3 7 1
698 3 7 2
699 3 7 3
700 3 7 4
701 3 7 5
702 3 7 6
703 3 7 7
704 1 4 0
705 1 4 1
706 1 4 2
707 1 4 3
708 1 4 4
709 1 4 5
710 1 4 6
711 1 4 7
712 1 5 0
713 1 5 1
714 1 5 2
715 1 5 3
716 1 5 4
717 1 5 5
718 1 5 6
719 1 5 7
720 2 2 8
721 2 2 9
722 2 2 10
723 2 2 11
724 2 2 12
725 2 2 13
726 2 2 14
727 2 2 15
728 2 3 8
729 2 3 9
730 2 3 10
731 2 3 11
732 2 3 12
733 2 3 13
734 2 3 14
735 2 3 15
736 3 6 8
737 3 6 9
738 3 6 10
739 3 6 11
740 3 6 12
741 3 6 13
742 3 6 14
743 3 6 15
744 3 7 8
745 3 7 9
746 3 7 10
747 3 7 11
748 3 7 12
749 3 7 13
750 3 7 14
751 3 7 15
752 1 4 8
753 1 4 9
754 1 4 10
755 1 4 11
756 1 4 12
757 1 4 13
758 1 4 14
759 1 4 15
760 1 5 8
761 1 5 9
762 1 5 10
763 1 5 11
764 1 5 12
765 1 5 13
766 1 5 14
767 1 5 15
768 2 4 0
769 2 4 1
770 2 4 2
771 2 4 3
772 2 4 4
773 2 4 5
774 2 4 6
775 2 4 7
776 2 5 0
777 2 5 1
778 2 5 2
779 2 5 3
780 2 5 4
781 2 5 5
782 2 5 6
783 2 5 7
784 3 8 0
785 3 8 1
786 3 8 2
787 3 8 3
788 3 8 4
789 3 8 5
790 3 8 6
791 3 8 7
792 3 9 0
793 3 9 1
794 3 9 2
795 3 9 3
796 3 9 4
797 3 9 5
798 3 9 6
799 3 9 7
800 1 6 0
801 1 6 1
802 1 6 2
803 1 6 3
804 1 6 4
805 1 6 5
806 1 6 6
807 1 6 7
808 1 7 0
809 1 7 1
810 1 7 2
811 1 7 3
812 1 7 4
813 1 7 5
814 1 7 6
815 1 7 7
816 2 4 8
817 2 4 9
818 2 4 10
819 2 4 11
820 2 4 12
821 2 4 13
822 2 4 14
823 2 4 15
824 2 5 8
825 2 5 9
826 2 5 10
827 2 5 11
828 2 5 12
829 2 5 13
830 2 5 14
831 2 5 15
832 3 8 8
833 3 8 9
834 3 8 10
835 3 8 11
836 3 8 12
837 3 8 13
838 3 8 14
839 3 8 15
840 3 9 8
841 3 9 9
842 3 9 10
843 3 9 11
844 3 9 12
845 3 9 13
846 3 9 14
847 3 9 15
848 1 6 8
849 1 6 9
850 1 6 10
851 1 6 11
852 1 6 12
853 1 6 13
854 1 6 14
855 1 6 15
856 1 7 8
857 1 7 9
858 1 7 10
859 1 7 11
860 1 7 12
861 1 7 13
862 1 7 14
863 1 7 15
864 2 6 0
865 2 6 1
866 2 6 2
867 2 6 3
868 2 6 4
869 2 6 5
870 2 6 6
871 2 6 7
872 2 7 0
873 2 7 1
874 2 7 2
875 2 7 3
876 2 7 4
877 2 7 5
878 2 7 6
879 2 7 7
880 2 12 0
881 2 12 1
882 2 12 2
883 2 12 3
884 2 12 4
885 2 12 5
886 2 12 6
887 2 12 7
888 2 13 0
889 2 13 1
890 3 10 12
891 3 10 13
892 2 13 4
893 2 13 5
894 2 13 6
895 2 13 7
896 0 2 0
897 0 2 1
898 0 2 2
899 0 2 3
900 0 2 4
901 0 2 5
902 0 2 6
903 0 2 7
904 3 10 0
905 3 10 1
906 0 3 2
907 0 3 3
908 0 3 4
909 0 3 5
910 0 3 6
911 0 3 7
912 2 6 8
913 2 6 9
914 2 6 10
915 2 6 11
916 2 6 12
917 2 6 13
918 2 6 14
919 2 6 15
920 2 7 8
921 2 7 9
922 2 7 10
923 2 7 11
924 2 7 12
925 2 7 13
926 2 7 14
927 2 7 15
928 2 12 8
929 2 12 9
930 2 12 10
931 2 12 11
932 2 12 12
933 2 12 13
934 2 12 14
935 2 12 15
936 2 13 8
937 2 13 9
938 2 13 10
939 2 13 11
940 2 13 12
941 2 13 13
942 2 13 14
943 2 13 15
944 0 2 8
945 0 2 9
946 0 2 10
947 0 2 11
948 0 2 12
949 0 2 13
950 0 2 14
951 0 2 15
952 0 3 8
953 0 3 9
954 0 3 10
955 0 3 11
956 0 3 12
957 0 3 13
958 0 3 14
959 0 3 15
960 2 8 0
961 2 8 1
962 2 8 2
963 2 8 3
964 2 8 4
965 2 8 5
966 2 8 6
967 2 8 7
968 2 9 0
969 2 9 1
970 3 10 10
971 3 10 11
972 2 9 4
973 2 9 5
974 2 9 6
975 2 9 7
976 5 0 0
977 5 0 1
978 5 0 2
979 5 0 3
980 0 0 0
981 0 0 1
982 0 0 2
983 0 0 3
984 0 4 0
985 0 4 1
986 0 4 2
987 0 4 3
988 0 4 4
989 0 4 5
990 0 4 6
991 0 4 7
992 0 5 0
993 0 5 1
994 0 5 2
995 0 5 3
996 0 5 4
997 0 5 5
998 0 5 6
999 0 5 7
1000 2 8 8
1001 2 8 9
1002 2 8 10
1003 2 8 11
1004 2 8 12
1005 2 8 13
1006 2 8 14
1007 2 8 15
1008 2 9 8
1009 2 9 9
1010 2 9 10
1011 2 9 11
1012 2 9 12
1013 2 9 13
1014 2 9 14
1015 2 9 15
1016 5 0 4
1017 5 0 5
1018 5 0 6
1019 5 0 7
1020 0 0 4
1021 0 0 5
1022 0 0 6
1023 0 0 7
1024 0 4 8
1025 0 4 9
1026 0 4 10
1027 0 4 11
1028 0 4 12
1029 0 4 13
1030 0 4 14
1031 0 4 15
1032 0 5 8
1033 0 5 9
1034 0 5 10
1035 0 5 11
1036 0 5 12
1037 0 5 13
1038 0 5 14
1039 0 5 15
1040 2 10 0
1041 2 10 1
1042 2 10 2
1043 2 10 3
1044 2 10 4
1045 2 10 5
1046 2 10 6
1047 2 10 7
1048 2 11 0
1049 2 11 1
1050 2 11 2
1051 2 11 3
1052 2 11 4
1053 2 11 5
1054 2 11 6
1055 2 11 7
1056 5 0 8
1057 5 0 9
1058 5 0 10
1059 5 0 11
1060 0 0 8
1061 0 0 9
1062 0 0 10
1063 0 0 11
1064 0 6 0
1065 0 6 1
1066 0 6 2
1067 0 6 3
1068 0 6 4
1069 0 6 5
1070 0 6 6
1071 0 6 7
1072 0 7 0
1073 0 7 1
1074 0 7 2
1075 0 7 3
1076 0 7 4
1077 0 7 5
1078 0 7 6
1079 0 7 7
1080 2 10 8
1081 2 10 9
1082 2 10 10
1083 2 10 11
1084 2 10 12
1085 2 10 13
1086 2 10 14
1087 2 10 15
1088 2 11 8
1089 2 11 9
1090 2 11 10
1091 2 11 11
1092 2 11 12
1093 2 11 13
1094 2 11 14
1095 2 11 15
1096 5 0 12
1097 5 0 13
1098 5 0 14
1099 5 0 15
1100 0 0 12
1101 0 0 13
1102 0 0 14
1103 0 0 15
1104 0 6 8
1105 0 6 9
1106 0 6 10
1107 0 6 11
1108 0 6 12
1109 0 6 13
1110 0 6 14
1111 0 6 15
1112 0 7 8
1113 0 7 9
1114 0 7 10
1115 0 7 11
1116 0 7 12
1117 0 7 13
1118 0 7 14
1119 0 7 15
1120 4 1 7
1121 4 1 6
1122 4 1 5
1123 4 1 4
1124 4 1 3
1125 4 1 2
1126 4 1 1
1127 4 1 0
1128 4 2 7
1129 4 2 6
1130 4 2 5
1131 4 2 4
1132 4 2 3
1133 4 2 2
1134 4 2 1
1135 4 2 0
1136 5 1 3
1137 5 1 2
1138 5 1 1
1139 5 1 0
1140 0 1 3
1141 0 1 2
1142 0 1 1
1143 0 1 0
1144 0 8 7
1145 0 8 6
1146 0 8 5
1147 0 8 4
1148 0 8 3
1149 0 8 2
1150 0 8 1
1151 0 8 0
1152 0 9 7
1153 0 9 6
1154 0 9 5
1155 0 9 4
1156 0 9 3
1157 0 9 2
1158 0 9 1
1159 0 9 0
1160 4 1 15
1161 4 1 14
1162 4 1 13
1163 4 1 12
1164 4 1 11
1165 4 1 10
1166 4 1 9
1167 4 1 8
1168 4 2 15
1169 4 2 14
1170 4 2 13
1171 4 2 12
1172 4 2 11
1173 4 2 10
1174 4 2 9
1175 4 2 8
1176 5 1 7
1177 5 1 6
1178 5 1 5
1179 5 1 4
1180 0 1 7
1181 0 1 6
1182 0 1 5
1183 0 1 4
1184 0 8 15
1185 0 8 14
1186 0 8 13
1187 0 8 12
1188 0 8 11
1189 0 8 10
1190 3 10 3
1191 3 10 2
1192 0 9 15
1193 0 9 14
1194 0 9 13
1195 0 9 12
1196 0 9 11
1197 0 9 10
1198 0 9 9
1199 0 9 8
1200 4 3 7
1201 4 3 6
1202 4 3 5
1203 4 3 4
1204 4 3 3
1205 4 3 2
1206 4 3 1
1207 4 3 0
1208 4 4 7
1209 4 4 6
1210 4 4 5
1211 4 4 4
1212 4 4 3
1213 4 4 2
1214 4 4 1
1215 4 4 0
1216 5 1 11
1217 5 1 10
1218 5 1 9
1219 5 1 8
1220 0 1 11
1221 0 1 10
1222 0 1 9
1223 0 1 8
1224 0 10 7
1225 0 10 6
1226 0 10 5
1227 0 10 4
1228 0 10 3
1229 0 10 2
1230 0 10 1
1231 0 10 0
1232 0 11 7
1233 0 11 6
1234 0 11 5
1235 0 11 4
1236 0 11 3
1237 0 11 2
1238 0 11 1
1239 0 11 0
1240 4 3 15
1241 4 3 14
1242 4 3 13
1243 4 3 12
1244 4 3 11
1245 4 3 10
1246 4 3 9
1247 4 3 8
1248 4 4 15
1249 4 4 14
1250 4 4 13
1251 4 4 12
1252 4 4 11
1253 4 4 10
1254 4 4 9
1255 4 4 8
1256 5 1 15
1257 5 1 14
1258 5 1 13
1259 5 1 12
1260 0 1 15
1261 0 1 14
1262 0 1 13
1263 0 1 12
1264 0 10 15
1265 0 10 14
1266 0 10 13
1267 0 10 12
1268 0 10 11
1269 0 10 10
1270 3 10 5
1271 3 10 4
1272 3 11 3
1273 3 11 2
1274 0 11 13
1275 0 11 12
1276 0 11 11
1277 0 11 10
1278 0 11 9
1279 0 11 8
1280 4 5 7
1281 4 5 6
1282 4 5 5
1283 4 5 4
1284 4 5 3
1285 4 5 2
1286 4 5 1
1287 4 5 0
1288 4 6 7
1289 4 6 6
1290 4 6 5
1291 4 6 4
1292 4 6 3
1293 4 6 2
1294 4 6 1
1295 4 6 0
1296 5 2 7
1297 5 2 6
1298 5 2 5
1299 5 2 4
1300 5 2 3
1301 5 2 2
1302 5 2 1
1303 5 2 0
1304 5 3 7
1305 5 3 6
1306 5 3 5
1307 5 3 4
1308 5 3 3
1309 5 3 2
1310 5 3 1
1311 5 3 0
1312 5 4 7
1313 5 4 6
1314 5 4 5
1315 5 4 4
1316 5 4 3
1317 5 4 2
1318 5 4 1
1319 5 4 0
1320 5 5 7
1321 5 5 6
1322 5 5 5
1323 5 5 4
1324 5 5 3
1325 5 5 2
1326 5 5 1
1327 5 5 0
1328 4 5 15
1329 4 5 14
1330 4 5 13
1331 4 5 12
1332 4 5 11
1333 4 5 10
1334 4 5 9
1335 4 5 8
1336 4 6 15
1337 4 6 14
1338 4 6 13
1339 4 6 12
1340 3 11 7
1341 3 11 6
1342 4 6 9
1343 4 6 8
1344 5 2 15
1345 5 2 14
1346 5 2 13
1347 5 2 12
1348 5 2 11
1349 5 2 10
1350 5 2 9
1351 5 2 8
1352 5 3 15
1353 5 3 14
1354 5 3 13
1355 5 3 12
1356 5 3 11
1357 5 3 10
1358 5 3 9
1359 5 3 8
1360 5 4 15
1361 5 4 14
1362 5 4 13
1363 5 4 12
1364 5 4 11
1365 5 4 10
1366 5 4 9
1367 5 4 8
1368 5 5 15
1369 5 5 14
1370 5 5 13
1371 5 5 12
1372 5 5 11
1373 5 5 10
1374 5 5 9
1375 5 5 8
1376 4 7 7
1377 4 7 6
1378 4 7 5
1379 4 7 4
1380 4 7 3
1381 4 7 2
1382 4 7 1
1383 4 7 0
1384 4 8 7
1385 4 8 6
1386 4 8 5
1387 4 8 4
1388 4 8 3
1389 4 8 2
1390 4 8 1
1391 4 8 0
1392 5 6 7
1393 5 6 6
1394 5 6 5
1395 5 6 4
1396 5 6 3
1397 5 6 2
1398 5 6 1
1399 5 6 0
1400 5 7 7
1401 5 7 6
1402 5 7 5
1403 5 7 4
1404 5 7 3
1405 5 7 2
1406 5 7 1
1407 5 7 0
1408 5 8 7
1409 5 8 6
1410 5 8 5
1411 5 8 4
1412 5 8 3
1413 5 8 2
1414 5 8 1
1415 5 8 0
1416 5 9 7
1417 5 9 6
1418 5 9 5
1419 5 9 4
1420 5 9 3
1421 5 9 2
1422 5 9 1
1423 5 9 0
1424 4 7 15
1425 4 7 14
1426 4 7 13
1427 4 7 12
1428 4 7 11
1429 4 7 10
1430 4 7 9
1431 4 7 8
1432 4 8 15
1433 4 8 14
1434 4 8 13
1435 4 8 12
1436 4 8 11
1437 4 8 10
1438 4 8 9
1439 4 8 8
1440 5 6 15
1441 5 6 14
1442 5 6 13
1443 5 6 12
1444 5 6 11
1445 5 6 10
1446 5 6 9
1447 5 6 8
1448 5 7 15
1449 5 7 14
1450 5 7 13
1451 5 7 12
1452 5 7 11
1453 5 7 10
1454 5 7 9
1455 5 7 8
1456 5 8 15
1457 5 8 14
1458 5 8 13
1459 5 8 12
1460 5 8 11
1461 5 8 10
1462 5 8 9
1463 5 8 8
1464 5 9 15
1465 5 9 14
1466 5 9 13
1467 5 9 12
1468 5 9 11
1469 5 9 10
1470 5 9 9
1471 5 9 8
1472 9999 9999 9999
1473 9999 9999 9999
1474 9999 9999 9999
1475 9999 9999 9999
1476 9999 9999 9999
1477 9999 9999 9999
1478 9999 9999 9999
1479 9999 9999 9999
1480 9999 9999 9999
1481 9999 9999 9999
1482 9999 9999 9999
1483 9999 9999 9999
1484 9999 9999 9999
1485 9999 9999 9999
1486 9999 9999 9999
1487 9999 9999 9999
1488 9999 9999 9999
1489 9999 9999 9999
1490 9999 9999 9999
1491 9999 9999 9999
1492 4 0 7
1493 4 0 6
1494 4 0 5
1495 4 0 4
1496 4 0 3
1497 4 0 2
1498 4 0 1
1499 4 0 0
1500 9999 9999 9999
1501 9999 9999 9999
1502 9999 9999 9999
1503 9999 9999 9999
1504 9999 9999 9999
1505 9999 9999 9999
1506 9999 9999 9999
1507 9999 9999 9999
1508 9999 9999 9999
1509 9999 9999 9999
1510 9999 9999 9999
1511 9999 9999 9999
1512 9999 9999 9999
1513 9999 9999 9999
1514 9999 9999 9999
1515 9999 9999 9999
1516 9999 9999 9999
1517 9999 9999 9999
1518 9999 9999 9999
1519 9999 9999 9999
1520 9999 9999 9999
1521 9999 9999 9999
1522 9999 9999 9999
1523 9999 9999 9999
1524 9999 9999 9999
1525 9999 9999 9999
1526 9999 9999 9999
1527 9999 9999 9999
1528 9999 9999 9999
1529 9999 9999 9999
1530 9999 9999 9999
1531 9999 9999 9999
1532 9999 9999 9999
1533 9999 9999 9999
1534 9999 9999 9999
1535 9999 9999 9999
1536 9999 9999 9999
1537 9999 9999 9999
1538 9999 9999 9999
1539 9999 9999 9999
1540 4 0 15
1541 4 0 14
1542 4 0 13
1543 4 0 12
1544 4 0 11
1545 4 0 10
1546 4 0 9
1547 4 0 8
1548 9999 9999 9999
1549 9999 9999 9999
1550 9999 9999 9999
1551 9999 9999 9999
1552 9999 9999 9999
1553 9999 9999 9999
1554 9999 9999 9999
1555 9999 9999 9999
1556 9999 9999 9999
1557 9999 9999 9999
1558 9999 9999 9999
1559 9999 9999 9999
1560 9999 9999 9999
1561 9999 9999 9999
1562 9999 9999 9999
1563 9999 9999 9999
1564 9999 9999 9999
1565 9999 9999 9999
1566 9999 9999 9999
1567 9999 9999 9999
1568 9999 9999 9999
1569 9999 9999 9999
1570 9999 9999 9999
1571 9999 9999 9999
1572 9999 9999 9999
1573 9999 9999 9999
1574 9999 9999 9999
1575 9999 9999 9999
1576 9999 9999 9999
1577 9999 9999 9999
1578 9999 9999 9999
1579 9999 9999 9999
1580 9999 9999 9999
1581 9999 9999 9999
1582 9999 9999 9999
1583 9999 9999 9999
1584 9999 9999 9999
1585 9999 9999 9999
1586 9999 9999 9999
1587 9999 9999 9999
1588 9999 9999 9999
1589 9999 9999 9999
1590 9999 9999 9999
1591 9999 9999 9999
1592 9999 9999 9999
1593 9999 9999 9999
1594 9999 9999 9999
1595 9999 9999 9999
1596 9999 9999 9999
1597 9999 9999 9999
1598 9999 9999 9999
1599 9999 9999 9999
1600 9999 9999 9999
1601 9999 9999 9999
1602 9999 9999 9999
1603 9999 9999 9999
1604 9999 9999 9999
1605 9999 9999 9999
1606 9999 9999 9999
1607 9999 9999 9999
1608 9999 9999 9999
1609 9999 9999 9999
1610 9999 9999 9999
1611 9999 9999 9999
1612 9999 9999 9999
1613 9999 9999 9999
1614 9999 9999 9999
1615 9999 9999 9999
1616 9999 9999 9999
1617 9999 9999 9999
1618 9999 9999 9999
1619 9999 9999 9999
1620 9999 9999 9999
1621 9999 9999 9999
1622 9999 9999 9999
1623 9999 9999 9999
1624 9999 9999 9999
1625 9999 9999 9999
1626 9999 9999 9999
1627 9999 9999 9999
1628 9999 9999 9999
1629 9999 9999 9999
1630 9999 9999 9999
1631 9999 9999 9999
1632 9999 9999 9999
1633 9999 9999 9999
1634 9999 9999 9999
1635 9999 9999 9999
1636 9999 9999 9999
1637 9999 9999 9999
1638 9999 9999 9999
1639 9999 9999 9999
1640 9999 9999 9999
1641 9999 9999 9999
1642 9999 9999 9999
1643 9999 9999 9999
1644 9999 9999 9999
1645 9999 9999 9999
1646 9999 9999 9999
1647 9999 9999 9999
1648 9999 9999 9999
1649 9999 9999 9999
1650 9999 9999 9999
1651 9999 9999 9999
1652 9999 9999 9999
1653 9999 9999 9999
1654 9999 9999 9999
1655 9999 9999 9999
1656 9999 9999 9999
1657 9999 9999 9999
1658 9999 9999 9999
1659 9999 9999 9999
1660 9999 9999 9999
1661 9999 9999 9999
1662 9999 9999 9999
1663 9999 9999 9999
1664 9999 9999 9999
1665 9999 9999 9999
1666 9999 9999 9999
1667 9999 9999 9999
1668 9999 9999 9999
1669 9999 9999 9999
1670 9999 9999 9999
1671 9999 9999 9999
1672 9999 9999 9999
1673 9999 9999 9999
1674 9999 9999 9999
1675 9999 9999 9999
1676 9999 9999 9999
1677 9999 9999 9999
1678 9999 9999 9999
1679 9999 9999 9999
1680 9999 9999 9999
1681 9999 9999 9999
1682 9999 9999 9999
1683 9999 9999 9999
1684 9999 9999 9999
1685 9999 9999 9999
1686 9999 9999 9999
1687 9999 9999 9999
1688 9999 9999 9999
1689 9999 9999 9999
1690 9999 9999 9999
1691 9999 9999 9999
1692 9999 9999 9999
1693 9999 9999 9999
1694 9999 9999 9999
1695 9999 9999 9999
1696 9999 9999 9999
1697 9999 9999 9999
1698 9999 9999 9999
1699 9999 9999 9999
1700 9999 9999 9999
1701 9999 9999 9999
1702 9999 9999 9999
1703 9999 9999 9999
1704 9999 9999 9999
1705 9999 9999 9999
1706 9999 9999 9999
1707 9999 9999 9999
1708 9999 9999 9999
1709 9999 9999 9999
1710 9999 9999 9999
1711 9999 9999 9999
1712 9999 9999 9999
1713 9999 9999 9999
1714 9999 9999 9999
1715 9999 9999 9999
1716 9999 9999 9999
1717 9999 9999 9999
1718 9999 9999 9999
1719 9999 9999 9999
1720 9999 9999 9999
1721 9999 9999 9999
1722 9999 9999 9999
1723 9999 9999 9999
1724 9999 9999 9999
1725 9999 9999 9999
1726 9999 9999 9999
1727 9999 9999 9999
1728 9999 9999 9999
1729 9999 9999 9999
1730 9999 9999 9999
1731 9999 9999 9999
1732 9999 9999 9999
1733 9999 9999 9999
1734 9999 9999 9999
1735 9999 9999 9999
1736 9999 9999 9999
1737 9999 9999 9999
1738 9999 9999 9999
1739 9999 9999 9999
1740 9999 9999 9999
1741 9999 9999 9999
1742 9999 9999 9999
1743 9999 9999 9999
1744 9999 9999 9999
1745 9999 9999 9999
1746 9999 9999 9999
1747 9999 9999 9999
1748 9999 9999 9999
1749 9999 9999 9999
1750 9999 9999 9999
1751 9999 9999 9999
1752 9999 9999 9999
1753 9999 9999 9999
1754 9999 9999 9999
1755 9999 9999 9999
1756 9999 9999 9999
1757 9999 9999 9999
1758 9999 9999 9999
1759 9999 9999 9999
1760 9999 9999 9999
1761 9999 9999 9999
1762 9999 9999 9999
1763 9999 9999 9999
1764 9999 9999 9999
1765 9999 9999 9999
1766 9999 9999 9999
1767 9999 9999 9999
1768 9999 9999 9999
1769 9999 9999 9999
1770 9999 9999 9999
1771 9999 9999 9999
1772 9999 9999 9999
1773 9999 9999 9999
1774 9999 9999 9999
1775 9999 9999 9999
1776 9999 9999 9999
1777 9999 9999 9999
1778 9999 9999 9999
1779 9999 9999 9999
1780 9999 9999 9999
1781 9999 9999 9999
1782 9999 9999 9999
1783 9999 9999 9999
1784 9999 9999 9999
1785 9999 9999 9999
1786 9999 9999 9999
1787 9999 9999 9999
1788 9999 9999 9999
1789 9999 9999 9999
1790 9999 9999 9999
1791 9999 9999 9999
1792 9999 9999 9999
1793 9999 9999 9999
1794 9999 9999 9999
1795 9999 9999 9999
1796 9999 9999 9999
1797 9999 9999 9999
1798 9999 9999 9999
1799 9999 9999 9999
1800 9999 9999 9999
1801 9999 9999 9999
1802 9999 9999 9999
1803 9999 9999 9999
1804 9999 9999 9999
1805 9999 9999 9999
1806 9999 9999 9999
1807 9999 9999 9999
1808 9999 9999 9999
1809 9999 9999 9999
1810 9999 9999 9999
1811 9999 9999 9999
1812 9999 9999 9999
1813 9999 9999 9999
1814 9999 9999 9999
1815 9999 9999 9999
1816 9999 9999 9999
1817 9999 9999 9999
1818 9999 9999 9999
1819 9999 9999 9999
1820 9999 9999 9999
1821 9999 9999 9999
1822 9999 9999 9999
1823 9999 9999 9999
1824 9999 9999 9999
1825 9999 9999 9999
1826 9999 9999 9999
1827 9999 9999 9999
1828 9999 9999 9999
1829 9999 9999 9999
1830 9999 9999 9999
1831 9999 9999 9999
1832 9999 9999 9999
1833 9999 9999 9999
1834 9999 9999 9999
1835 9999 9999 9999
1836 9999 9999 9999
1837 9999 9999 9999
1838 9999 9999 9999
1839 9999 9999 9999
1840 9999 9999 9999
1841 9999 9999 9999
1842 9999 9999 9999
1843 9999 9999 9999
1844 9999 9999 9999
1845 9999 9999 9999
1846 9999 9999 9999
1847 9999 9999 9999
1848 9999 9999 9999
1849 9999 9999 9999
1850 9999 9999 9999
1851 9999 9999 9999
1852 9999 9999 9999
1853 9999 9999 9999
1854 9999 9999 9999
1855 9999 9999 9999
1856 9999 9999 9999
1857 9999 9999 9999
1858 9999 9999 9999
1859 9999 9999 9999
1860 9999 9999 9999
1861 9999 9999 9999
1862 9999 9999 9999
1863 9999 9999 9999
1864 9999 9999 9999
1865 9999 9999 9999
1866 9999 9999 9999
1867 9999 9999 9999
1868 9999 9999 9999
1869 9999 9999 9999
1870 9999 9999 9999
1871 9999 9999 9999
1872 9999 9999 9999
1873 9999 9999 9999
1874 9999 9999 9999
1875 9999 9999 9999
1876 9999 9999 9999
1877 9999 9999 9999
1878 9999 9999 9999
1879 9999 9999 9999
1880 9999 9999 9999
1881 9999 9999 9999
1882 9999 9999 9999
1883 9999 9999 9999
1884 9999 9999 9999
1885 9999 9999 9999
1886 9999 9999 9999
1887 9999 9999 9999
1888 9999 9999 9999
1889 9999 9999 9999
1890 9999 9999 9999
1891 9999 9999 9999
1892 9999 9999 9999
1893 9999 9999 9999
1894 9999 9999 9999
1895 9999 9999 9999
1896 9999 9999 9999
1897 9999 9999 9999
1898 9999 9999 9999
1899 9999 9999 9999
1900 9999 9999 9999
1901 9999 9999 9999
1902 9999 9999 9999
1903 9999 9999 9999
1904 9999 9999 9999
1905 9999 9999 9999
1906 9999 9999 9999
1907 9999 9999 9999
1908 9999 9999 9999
1909 9999 9999 9999
1910 9999 9999 9999
1911 9999 9999 9999
1912 9999 9999 9999
1913 9999 9999 9999
1914 9999 9999 9999
1915 9999 9999 9999
1916 9999 9999 9999
1917 9999 9999 9999
1918 9999 9999 9999
1919 9999 9999 9999
1920 9999 9999 9999
1921 9999 9999 9999
1922 9999 9999 9999
1923 9999 9999 9999
1924 9999 9999 9999
1925 9999 9999 9999
1926 9999 9999 9999
1927 9999 9999 9999
1928 9999 9999 9999
1929 9999 9999 9999
1930 9999 9999 9999
1931 9999 9999 9999
1932 9999 9999 9999
1933 9999 9999 9999
1934 9999 9999 9999
1935 9999 9999 9999
1936 9999 9999 9999
1937 9999 9999 9999
1938 9999 9999 9999
1939 9999 9999 9999
1940 9999 9999 9999
1941 9999 9999 9999
1942 9999 9999 9999
1943 9999 9999 9999
1944 9999 9999 9999
1945 9999 9999 9999
1946 9999 9999 9999
1947 9999 9999 9999
1948 9999 9999 9999
1949 9999 9999 9999
1950 9999 9999 9999
1951 9999 9999 9999
1952 9999 9999 9999
1953 9999 9999 9999
1954 9999 9999 9999
1955 9999 9999 9999
1956 9999 9999 9999
1957 9999 9999 9999
1958 9999 9999 9999
1959 9999 9999 9999
1960 9999 9999 9999
1961 9999 9999 9999
1962 9999 9999 9999
1963 9999 9999 9999
1964 9999 9999 9999
1965 9999 9999 9999
1966 9999 9999 9999
1967 9999 9999 9999
1968 9999 9999 9999
1969 9999 9999 9999
1970 9999 9999 9999
1971 9999 9999 9999
1972 9999 9999 9999
1973 9999 9999 9999
1974 9999 9999 9999
1975 9999 9999 9999
1976 9999 9999 9999
1977 9999 9999 9999
1978 9999 9999 9999
1979 9999 9999 9999
1980 9999 9999 9999
1981 9999 9999 9999
1982 9999 9999 9999
1983 9999 9999 9999
1984 9999 9999 9999
1985 9999 9999 9999
1986 9999 9999 9999
1987 9999 9999 9999
1988 9999 9999 9999
1989 9999 9999 9999
1990 9999 9999 9999
1991 9999 9999 9999
1992 9999 9999 9999
1993 9999 9999 9999
1994 9999 9999 9999
1995 9999 9999 9999
1996 9999 9999 9999
1997 9999 9999 9999
1998 9999 9999 9999
1999 9999 9999 9999
2000 9999 9999 9999
2001 9999 9999 9999
2002 9999 9999 9999
2003 9999 9999 9999
2004 9999 9999 9999
2005 9999 9999 9999
2006 9999 9999 9999
2007 9999 9999 9999
2008 9999 9999 9999
2009 9999 9999 9999
2010 9999 9999 9999
2011 9999 9999 9999
2012 9999 9999 9999
2013 9999 9999 9999
2014 9999 9999 9999
2015 9999 9999 9999
2016 9999 9999 9999
2017 9999 9999 9999
2018 9999 9999 9999
2019 9999 9999 9999
2020 9999 9999 9999
2021 9999 9999 9999
2022 9999 9999 9999
2023 9999 9999 9999
2024 9999 9999 9999
2025 9999 9999 9999
2026 9999 9999 9999
2027 9999 9999 9999
2028 9999 9999 9999
2029 9999 9999 9999
2030 9999 9999 9999
2031 9999 9999 9999
2032 9999 9999 9999
2033 9999 9999 9999
2034 9999 9999 9999
2035 9999 9999 9999
2036 9999 9999 9999
2037 9999 9999 9999
2038 9999 9999 9999
2039 9999 9999 9999
2040 9999 9999 9999
2041 9999 9999 9999
2042 9999 9999 9999
2043 9999 9999 9999
2044 9999 9999 9999
2045 9999 9999 9999
2046 9999 9999 9999
2047 9999 9999 9999
2048 9999 9999 9999
2049 9999 9999 9999
2050 9999 9999 9999
2051 9999 9999 9999
2052 9999 9999 9999
2053 9999 9999 9999
2054 9999 9999 9999
2055 9999 9999 9999
2056 9999 9999 9999
2057 9999 9999 9999
2058 9999 9999 9999
2059 9999 9999 9999
2060 9999 9999 9999
2061 9999 9999 9999
2062 9999 9999 9999
2063 9999 9999 9999
2064 9999 9999 9999
2065 9999 9999 9999
2066 9999 9999 9999
2067 9999 9999 9999
2068 9999 9999 9999
2069 9999 9999 9999
2070 9999 9999 9999
2071 9999 9999 9999
2072 9999 9999 9999
2073 9999 9999 9999
2074 9999 9999 9999
2075 9999 9999 9999
2076 9999 9999 9999
2077 9999 9999 9999
2078 9999 9999 9999
2079 9999 9999 9999
2080 9999 9999 9999
2081 9999 9999 9999
2082 9999 9999 9999
2083 9999 9999 9999
2084 9999 9999 9999
2085 9999 9999 9999
2086 9999 9999 9999
2087 9999 9999 9999
2088 9999 9999 9999
2089 9999 9999 9999
2090 9999 9999 9999
2091 9999 9999 9999
2092 9999 9999 9999
2093 9999 9999 9999
2094 9999 9999 9999
2095 9999 9999 9999
2096 9999 9999 9999
2097 9999 9999 9999
2098 9999 9999 9999
2099 9999 9999 9999
2100 9999 9999 9999
2101 9999 9999 9999
2102 9999 9999 9999
2103 9999 9999 9999
2104 9999 9999 9999
2105 9999 9999 9999
2106 9999 9999 9999
2107 9999 9999 9999
2108 9999 9999 9999
2109 9999 9999 9999
2110 9999 9999 9999
2111 9999 9999 9999
2112 9999 9999 9999
2113 9999 9999 9999
2114 9999 9999 9999
2115 9999 9999 9999
2116 9999 9999 9999
2117 9999 9999 9999
2118 9999 9999 9999
2119 9999 9999 9999
2120 9999 9999 9999
2121 9999 9999 9999
2122 9999 9999 9999
2123 9999 9999 9999
2124 9999 9999 9999
2125 9999 9999 9999
2126 9999 9999 9999
2127 9999 9999 9999
2128 9999 9999 9999
2129 9999 9999 9999
2130 9999 9999 9999
2131 9999 9999 9999
2132 9999 9999 9999
2133 9999 9999 9999
2134 9999 9999 9999
2135 9999 9999 9999
2136 9999 9999 9999
2137 9999 9999 9999
2138 9999 9999 9999
2139 9999 9999 9999
2140 9999 9999 9999
2141 9999 9999 9999
2142 9999 9999 9999
2143 9999 9999 9999
2144 9999 9999 9999
2145 9999 9999 9999
2146 9999 9999 9999
2147 9999 9999 9999
2148 9999 9999 9999
2149 9999 9999 9999
2150 9999 9999 9999
2151 9999 9999 9999
2152 9999 9999 9999
2153 9999 9999 9999
2154 9999 9999 9999
2155 9999 9999 9999
2156 9999 9999 9999
2157 9999 9999 9999
2158 9999 9999 9999
2159 9999 9999 9999
2160 9999 9999 9999
2161 9999 9999 9999
2162 9999 9999 9999
2163 9999 9999 9999
2164 9999 9999 9999
2165 9999 9999 9999
2166 9999 9999 9999
2167 9999 9999 9999
2168 9999 9999 9999
2169 9999 9999 9999
2170 9999 9999 9999
2171 9999 9999 9999
2172 9999 9999 9999
2173 9999 9999 9999
2174 9999 9999 9999
2175 9999 9999 9999
2176 9999 9999 9999
2177 9999 9999 9999
2178 9999 9999 9999
2179 9999 9999 9999
2180 9999 9999 9999
2181 9999 9999 9999
2182 9999 9999 9999
2183 9999 9999 9999
2184 9999 9999 9999
2185 9999 9999 9999
2186 9999 9999 9999
2187 9999 9999 9999
2188 9999 9999 9999
2189 9999 9999 9999
2190 9999 9999 9999
2191 9999 9999 9999
2192 9999 9999 9999
2193 9999 9999 9999
2194 9999 9999 9999
2195 9999 9999 9999
2196 9999 9999 9999
2197 9999 9999 9999
2198 9999 9999 9999
2199 9999 9999 9999
2200 9999 9999 9999
2201 9999 9999 9999
2202 9999 9999 9999
2203 9999 9999 9999
2204 9999 9999 9999
2205 9999 9999 9999
2206 9999 9999 9999
2207 9999 9999 9999
2208 9999 9999 9999
2209 9999 9999 9999
2210 9999 9999 9999
2211 9999 9999 9999
2212 9999 9999 9999
2213 9999 9999 9999
2214 9999 9999 9999
2215 9999 9999 9999
2216 9999 9999 9999
2217 9999 9999 9999
2218 9999 9999 9999
2219 9999 9999 9999
2220 9999 9999 9999
2221 9999 9999 9999
2222 9999 9999 9999
2223 9999 9999 9999
2224 9999 9999 9999
2225 9999 9999 9999
2226 9999 9999 9999
2227 9999 9999 9999
2228 9999 9999 9999
2229 9999 9999 9999
2230 9999 9999 9999
2231 9999 9999 9999
2232 9999 9999 9999
2233 9999 9999 9999
2234 9999 9999 9999
2235 9999 9999 9999
2236 9999 9999 9999
2237 9999 9999 9999
2238 9999 9999 9999
2239 9999 9999 9999
2240 9999 9999 9999
2241 9999 9999 9999
2242 9999 9999 9999
2243 9999 9999 9999
2244 9999 9999 9999
2245 9999 9999 9999
2246 9999 9999 9999
2247 9999 9999 9999
2248 9999 9999 9999
2249 9999 9999 9999
2250 9999 9999 9999
2251 9999 9999 9999
2252 9999 9999 9999
2253 9999 9999 9999
2254 9999 9999 9999
2255 9999 9999 9999
2256 9999 9999 9999
2257 9999 9999 9999
2258 9999 9999 9999
2259 9999 9999 9999
2260 9999 9999 9999
2261 9999 9999 9999
2262 9999 9999 9999
2263 9999 9999 9999
2264 9999 9999 9999
2265 9999 9999 9999
2266 9999 9999 9999
2267 9999 9999 9999
2268 9999 9999 9999
2269 9999 9999 9999
2270 9999 9999 9999
2271 9999 9999 9999
2272 9999 9999 9999
2273 9999 9999 9999
2274 9999 9999 9999
2275 9999 9999 9999
2276 9999 9999 9999
2277 9999 9999 9999
2278 9999 9999 9999
2279 9999 9999 9999
2280 9999 9999 9999
2281 9999 9999 9999
2282 9999 9999 9999
2283 9999 9999 9999
2284 9999 9999 9999
2285 9999 9999 9999
2286 9999 9999 9999
2287 9999 9999 9999
2288 9999 9999 9999
2289 9999 9999 9999
2290 9999 9999 9999
2291 9999 9999 9999
2292 9999 9999 9999
2293 9999 9999 9999
2294 9999 9999 9999
2295 9999 9999 9999
2296 9999 9999 9999
2297 9999 9999 9999
2298 9999 9999 9999
2299 9999 9999 9999
2300 9999 9999 9999
2301 9999 9999 9999
2302 9999 9999 9999
2303 9999 9999 9999
2304 9999 9999 9999
2305 9999 9999 9999
2306 9999 9999 9999
2307 9999 9999 9999
2308 9999 9999 9999
2309 9999 9999 9999
2310 9999 9999 9999
2311 9999 9999 9999
2312 9999 9999 9999
2313 9999 9999 9999
2314 9999 9999 9999
2315 9999 9999 9999
2316 9999 9999 9999
2317 9999 9999 9999
2318 9999 9999 9999
2319 9999 9999 9999
2320 9999 9999 9999
2321 9999 9999 9999
2322 9999 9999 9999
2323 9999 9999 9999
2324 9999 9999 9999
2325 9999 9999 9999
2326 9999 9999 9999
2327 9999 9999 9999
2328 9999 9999 9999
2329 9999 9999 9999
2330 9999 9999 9999
2331 9999 9999 9999
2332 9999 9999 9999
2333 9999 9999 9999
2334 9999 9999 9999
2335 9999 9999 9999
2336 9999 9999 9999
2337 9999 9999 9999
2338 9999 9999 9999
2339 9999 9999 9999
2340 9999 9999 9999
2341 9999 9999 9999
2342 9999 9999 9999
2343 9999 9999 9999
2344 9999 9999 9999
2345 9999 9999 9999
2346 9999 9999 9999
2347 9999 9999 9999
2348 9999 9999 9999
2349 9999 9999 9999
2350 9999 9999 9999
2351 9999 9999 9999
2352 9999 9999 9999
2353 9999 9999 9999
2354 9999 9999 9999
2355 9999 9999 9999
2356 9999 9999 9999
2357 9999 9999 9999
2358 9999 9999 9999
2359 9999 9999 9999
2360 9999 9999 9999
2361 9999 9999 9999
2362 9999 9999 9999
2363 9999 9999 9999
2364 9999 9999 9999
2365 9999 9999 9999
2366 9999 9999 9999
2367 9999 9999 9999
2368 9999 9999 9999
2369 9999 9999 9999
2370 9999 9999 9999
2371 9999 9999 9999
2372 9999 9999 9999
2373 9999 9999 9999
2374 9999 9999 9999
2375 9999 9999 9999
2376 9999 9999 9999
2377 9999 9999 9999
2378 9999 9999 9999
2379 9999 9999 9999
2380 9999 9999 9999
2381 9999 9999 9999
2382 9999 9999 9999
2383 9999 9999 9999
2384 9999 9999 9999
2385 9999 9999 9999
2386 4 9 1
2387 4 9 3
2388 4 9 5
2389 4 9 7
2390 4 9 9
2391 1 8 8
2392 1 8 6
2393 1 8 4
2394 1 8 2
2395 1 8 0
2396 4 9 0
2397 4 9 2
2398 4 9 4
2399 4 9 11
2400 4 9 13
2401 1 8 12
2402 1 8 10
2403 1 8 5
2404 1 8 3
2405 1 8 1
2406 4 10 1
2407 4 10 3
2408 4 9 6
2409 4 9 8
2410 4 9 10
2411 4 9 12
2412 1 8 13
2413 1 8 11
2414 1 8 9
2415 1 8 7
2416 1 9 2
2417 1 9 0
2418 4 10 5
2419 4 10 7
2420 4 10 9
2421 4 10 11
2422 4 10 13
2423 4 10 15
2424 1 9 12
2425 1 9 14
2426 3 10 8
2427 1 9 8
2428 1 9 6
2429 1 9 4
2430 4 10 0
2431 4 10 2
2432 4 10 4
2433 4 10 6
2434 4 10 8
2435 4 10 10
2436 3 10 9
2437 1 9 9
2438 1 9 7
2439 1 9 5
2440 1 9 3
2441 1 9 1
2442 4 11 1
2443 4 11 3
2444 4 11 5
2445 4 11 7
2446 4 10 12
2447 4 10 14
2448 1 9 15
2449 1 9 13
2450 1 10 6
2451 1 10 4
2452 1 10 2
2453 1 10 0
2454 4 11 9
2455 4 11 11
2456 4 11 13
2457 4 11 15
2458 4 11 0
2459 4 11 2
2460 1 10 3
2461 1 10 1
2462 1 10 14
2463 1 10 12
2464 1 10 10
2465 1 10 8
2466 4 11 4
2467 4 11 6
2468 4 11 8
2469 4 11 10
2470 4 11 12
2471 4 11 14
2472 1 10 15
2473 1 10 13
2474 1 10 11
2475 1 10 9
2476 1 10 7
2477 1 10 5
2478 4 12 1
2479 4 12 3
2480 4 12 5
2481 4 12 7
2482 4 12 9
2483 4 12 11
2484 1 11 10
2485 1 11 8
2486 1 11 6
2487 1 11 4
2488 1 11 2
2489 1 11 0
2490 4 12 0
2491 4 12 2
2492 4 12 4
2493 4 12 6
2494 4 12 13
2495 4 12 15
2496 1 11 14
2497 1 11 12
2498 1 11 7
2499 1 11 5
2500 1 11 3
2501 1 11 1
2502 4 12 8
2503 4 12 10
2504 4 12 12
2505 4 12 14
2506 5 12 1
2507 5 12 3
2508 5 11 2
2509 5 11 0
2510 1 11 15
2511 1 11 13
2512 1 11 11
2513 1 11 9
2514 5 12 5
2515 5 12 7
2516 5 12 9
2517 5 12 11
2518 5 12 13
2519 5 12 15
2520 5 11 14
2521 5 11 12
2522 5 11 10
2523 5 11 8
2524 5 11 6
2525 5 11 4
2526 9999 9999 9999
2527 9999 9999 9999
2528 9999 9999 9999
2529 9999 9999 9999
2530 9999 9999 9999
2531 9999 9999 9999
2532 9999 9999 9999
2533 9999 9999 9999
2534 9999 9999 9999
2535 9999 9999 9999
2536 9999 9999 9999
2537 9999 9999 9999
2538 9999 9999 9999
2539 9999 9999 9999
2540 9999 9999 9999
2541 9999 9999 9999
2542 9999 9999 9999
2543 9999 9999 9999
2544 9999 9999 9999
2545 9999 9999 9999
2546 9999 9999 9999
2547 9999 9999 9999
2548 9999 9999 9999
2549 9999 9999 9999
2550 9999 9999 9999
2551 9999 9999 9999
2552 9999 9999 9999
2553 9999 9999 9999
2554 9999 9999 9999
2555 9999 9999 9999
2556 9999 9999 9999
2557 9999 9999 9999
2558 9999 9999 9999
2559 9999 9999 9999
2560 9999 9999 9999
2561 9999 9999 9999
2562 9999 9999 9999
2563 9999 9999 9999
2564 9999 9999 9999
2565 9999 9999 9999
2566 9999 9999 9999
2567 9999 9999 9999
2568 9999 9999 9999
2569 9999 9999 9999
2570 9999 9999 9999
2571 9999 9999 9999
2572 9999 9999 9999
2573 9999 9999 9999
2574 9999 9999 9999
2575 9999 9999 9999
2576 9999 9999 9999
2577 9999 9999 9999
2578 9999 9999 9999
2579 9999 9999 9999
2580 9999 9999 9999
2581 9999 9999 9999
2582 9999 9999 9999
2583 9999 9999 9999
2584 9999 9999 9999
2585 9999 9999 9999
2586 9999 9999 9999
2587 9999 9999 9999
2588 9999 9999 9999
2589 9999 9999 9999
2590 9999 9999 9999
2591 9999 9999 9999
2592 9999 9999 9999
2593 9999 9999 9999
2594 9999 9999 9999
2595 9999 9999 9999
2596 9999 9999 9999
2597 9999 9999 9999
2598 9999 9999 9999
2599 9999 9999 9999
2600 9999 9999 9999
2601 9999 9999 9999
2602 9999 9999 9999
2603 9999 9999 9999
2604 9999 9999 9999
2605 9999 9999 9999
2606 9999 9999 9999
2607 9999 9999 9999
2608 9999 9999 9999
2609 9999 9999 9999
2610 9999 9999 9999
2611 9999 9999 9999
2612 9999 9999 9999
2613 9999 9999 9999
2614 9999 9999 9999
2615 9999 9999 9999
2616 9999 9999 9999
2617 9999 9999 9999
2618 9999 9999 9999
2619 9999 9999 9999
2620 9999 9999 9999
2621 9999 9999 9999
2622 9999 9999 9999
2623 9999 9999 9999
2624 9999 9999 9999
2625 9999 9999 9999
2626 9999 9999 9999
2627 9999 9999 9999
2628 9999 9999 9999
2629 9999 9999 9999
2630 9999 9999 9999
2631 9999 9999 9999
2632 9999 9999 9999
2633 9999 9999 9999
2634 9999 9999 9999
2635 9999 9999 9999
2636 9999 9999 9999
2637 9999 9999 9999
2638 9999 9999 9999
2639 9999 9999 9999
2640 9999 9999 9999
2641 9999 9999 9999
2642 9999 9999 9999
2643 9999 9999 9999
2644 9999 9999 9999
2645 9999 9999 9999
2646 9999 9999 9999
2647 9999 9999 9999
2648 9999 9999 9999
2649 9999 9999 9999
2650 9999 9999 9999
2651 9999 9999 9999
2652 9999 9999 9999
2653 9999 9999 9999
2654 9999 9999 9999
2655 9999 9999 9999
2656 9999 9999 9999
2657 9999 9999 9999
2658 9999 9999 9999
2659 9999 9999 9999
2660 9999 9999 9999
2661 9999 9999 9999
2662 9999 9999 9999
2663 9999 9999 9999
2664 9999 9999 9999
2665 9999 9999 9999
2666 9999 9999 9999
2667 9999 9999 9999
2668 9999 9999 9999
2669 9999 9999 9999
2670 9999 9999 9999
2671 9999 9999 9999
2672 9999 9999 9999
2673 9999 9999 9999
2674 9999 9999 9999
2675 9999 9999 9999
2676 9999 9999 9999
2677 9999 9999 9999
2678 9999 9999 9999
2679 9999 9999 9999
2680 9999 9999 9999
2681 9999 9999 9999
2682 9999 9999 9999
2683 9999 9999 9999
2684 9999 9999 9999
2685 9999 9999 9999
2686 9999 9999 9999
2687 9999 9999 9999
2688 9999 9999 9999
2689 9999 9999 9999
2690 9999 9999 9999
2691 9999 9999 9999
2692 9999 9999 9999
2693 9999 9999 9999
2694 9999 9999 9999
2695 9999 9999 9999
2696 9999 9999 9999
2697 9999 9999 9999
2698 9999 9999 9999
2699 9999 9999 9999
2700 9999 9999 9999
2701 9999 9999 9999
2702 9999 9999 9999
2703 9999 9999 9999
2704 9999 9999 9999
2705 9999 9999 9999
2706 9999 9999 9999
2707 9999 9999 9999
2708 9999 9999 9999
2709 9999 9999 9999
2710 9999 9999 9999
2711 9999 9999 9999
2712 9999 9999 9999
2713 9999 9999 9999
2714 9999 9999 9999
2715 9999 9999 9999
