2716
0 1 11 0
1 1 11 1
2 1 10 0
3 1 10 1
4 1 9 0
5 1 9 1
6 1 8 0
7 1 8 1
8 1 7 0
9 1 7 1
10 1 6 0
11 1 6 1
12 1 5 0
13 1 5 1
14 1 4 0
15 1 4 1
16 1 3 0
17 1 3 1
18 1 2 0
19 1 2 1
20 1 1 4
21 1 1 5
22 1 0 4
23 1 0 5
24 8 7 4
25 8 7 5
26 8 6 4
27 8 6 5
28 8 5 0
29 8 5 1
30 8 4 0
31 8 4 1
32 8 3 0
33 8 3 1
34 8 2 0
35 8 2 1
36 8 1 0
37 8 1 1
38 8 0 0
39 8 0 1
40 7 15 0
41 7 15 1
42 7 14 0
43 7 14 1
44 7 13 0
45 7 13 1
46 7 12 0
47 7 12 1
48 1 11 2
49 1 11 3
50 1 10 2
51 1 10 3
52 1 9 2
53 1 9 3
54 1 8 2
55 1 8 3
56 1 7 2
57 1 7 3
58 1 6 2
59 1 6 3
60 1 5 2
61 1 5 3
62 1 4 2
63 1 4 3
64 1 3 2
65 1 3 3
66 1 2 2
67 1 2 3
68 1 1 6
69 1 1 7
70 1 0 6
71 1 0 7
72 8 7 6
73 8 7 7
74 8 6 6
75 8 6 7
76 8 5 2
77 8 5 3
78 8 4 2
79 8 4 3
80 8 3 2
81 8 3 3
82 8 2 2
83 8 2 3
84 8 1 2
85 8 1 3
86 8 0 2
87 8 0 3
88 7 15 2
89 7 15 3
90 7 14 2
91 7 14 3
92 7 13 2
93 7 13 3
94 7 12 2
95 7 12 3
96 1 11 4
97 1 11 5
98 1 10 4
99 1 10 5
100 1 9 4
101 1 9 5
102 1 8 4
103 1 8 5
104 1 7 4
105 1 7 5
106 1 6 4
107 1 6 5
108 1 5 4
109 1 5 5
110 1 4 4
111 1 4 5
112 1 3 4
113 1 3 5
114 1 2 4
115 1 2 5
116 1 1 8
117 1 1 9
118 1 0 8
119 1 0 9
120 8 7 8
121 8 7 9
122 8 6 8
123 8 6 9
124 8 5 4
125 8 5 5
126 8 4 4
127 8 4 5
128 8 3 4
129 8 3 5
130 8 2 4
131 8 2 5
132 8 1 4
133 8 1 5
134 8 0 4
135 8 0 5
136 7 15 4
137 7 15 5
138 7 14 4
139 7 14 5
140 7 13 4
141 7 13 5
142 7 12 4
143 7 12 5
144 1 11 6
145 1 11 7
146 1 10 6
147 1 10 7
148 1 9 6
149 1 9 7
150 1 8 6
151 1 8 7
152 1 7 6
153 1 7 7
154 1 6 6
155 1 6 7
156 1 5 6
157 1 5 7
158 1 4 6
159 1 4 7
160 1 3 6
161 1 3 7
162 1 2 6
163 1 2 7
164 1 1 10
165 1 1 11
166 1 0 10
167 1 0 11
168 8 7 10
169 8 7 11
170 8 6 10
171 8 6 11
172 8 5 6
173 8 5 7
174 8 4 6
175 8 4 7
176 8 3 6
177 8 3 7
178 8 2 6
179 8 2 7
180 8 1 6
181 8 1 7
182 8 0 6
183 8 0 7
184 7 15 6
185 7 15 7
186 7 14 6
187 7 14 7
188 7 13 6
189 7 13 7
190 7 12 6
191 7 12 7
192 1 11 8
193 1 11 9
194 1 10 8
195 1 10 9
196 1 9 8
197 1 9 9
198 1 8 8
199 1 8 9
200 1 7 8
201 1 7 9
202 1 6 8
203 1 6 9
204 1 5 8
205 1 5 9
206 1 4 8
207 1 4 9
208 1 3 8
209 1 3 9
210 1 2 8
211 1 2 9
212 1 1 12
213 1 1 13
214 1 0 12
215 1 0 13
216 8 7 12
217 8 7 13
218 8 6 12
219 8 6 13
220 8 5 8
221 8 5 9
222 8 4 8
223 8 4 9
224 8 3 8
225 8 3 9
226 8 2 8
227 8 2 9
228 8 1 8
229 8 1 9
230 8 0 8
231 8 0 9
232 7 15 8
233 7 15 9
234 7 14 8
235 7 14 9
236 7 13 8
237 7 13 9
238 7 12 8
239 7 12 9
240 1 11 10
241 1 11 11
242 1 10 10
243 1 10 11
244 1 9 10
245 1 9 11
246 1 8 10
247 1 8 11
248 1 7 10
249 1 7 11
250 1 6 10
251 1 6 11
252 1 5 10
253 1 5 11
254 1 4 10
255 1 4 11
256 1 3 10
257 1 3 11
258 1 2 10
259 1 2 11
260 1 1 14
261 1 1 15
262 1 0 14
263 1 0 15
264 8 7 14
265 8 7 15
266 8 6 14
267 8 6 15
268 8 5 10
269 8 5 11
270 8 4 10
271 8 4 11
272 8 3 10
273 8 3 11
274 8 2 10
275 8 2 11
276 8 1 10
277 8 1 11
278 8 0 10
279 8 0 11
280 7 15 10
281 7 15 11
282 7 14 10
283 7 14 11
284 7 13 10
285 7 13 11
286 7 12 10
287 7 12 11
288 1 11 12
289 1 11 13
290 1 10 12
291 1 10 13
292 1 9 12
293 1 9 13
294 1 8 12
295 1 8 13
296 1 7 12
297 1 7 13
298 1 6 12
299 1 6 13
300 1 5 12
301 1 5 13
302 1 4 12
303 1 4 13
304 1 3 12
305 1 3 13
306 1 2 12
307 1 2 13
308 1 13 0
309 1 13 1
310 1 12 0
311 1 12 1
312 9 3 0
313 9 3 1
314 9 2 0
315 9 2 1
316 8 5 12
317 8 5 13
318 8 4 12
319 8 4 13
320 8 3 12
321 8 3 13
322 8 2 12
323 8 2 13
324 8 1 12
325 8 1 13
326 8 0 12
327 8 0 13
328 7 15 12
329 7 15 13
330 7 14 12
331 7 14 13
332 7 13 12
333 7 13 13
334 7 12 12
335 7 12 13
336 1 11 14
337 1 11 15
338 1 10 14
339 1 10 15
340 1 9 14
341 1 9 15
342 1 8 14
343 1 8 15
344 1 7 14
345 1 7 15
346 1 6 14
347 1 6 15
348 1 5 14
349 1 5 15
350 1 4 14
351 1 4 15
352 1 3 14
353 1 3 15
354 1 2 14
355 1 2 15
356 1 13 2
357 1 13 3
358 1 12 2
359 1 12 3
360 9 3 2
361 9 3 3
362 9 2 2
363 9 2 3
364 8 5 14
365 8 5 15
366 8 4 14
367 8 4 15
368 8 3 14
369 8 3 15
370 8 2 14
371 8 2 15
372 8 1 14
373 8 1 15
374 8 0 14
375 8 0 15
376 7 15 14
377 7 15 15
378 7 14 14
379 7 14 15
380 7 13 14
381 7 13 15
382 7 12 14
383 7 12 15
384 2 7 0
385 2 7 1
386 2 6 0
387 2 6 1
388 2 5 0
389 2 5 1
390 2 4 0
391 2 4 1
392 2 3 0
393 2 3 1
394 2 2 0
395 2 2 1
396 2 1 0
397 2 1 1
398 2 0 0
399 2 0 1
400 1 15 0
401 1 15 1
402 1 14 0
403 1 14 1
404 1 13 4
405 1 13 5
406 1 12 4
407 1 12 5
408 9 3 4
409 9 3 5
410 9 2 4
411 9 2 5
412 9 1 0
413 9 1 1
414 9 0 0
415 9 0 1
416 8 15 0
417 8 15 1
418 8 14 0
419 8 14 1
420 8 13 0
421 8 13 1
422 8 12 0
423 8 12 1
424 8 11 0
425 8 11 1
426 8 10 0
427 8 10 1
428 8 9 0
429 8 9 1
430 8 8 0
431 8 8 1
432 2 7 2
433 2 7 3
434 2 6 2
435 2 6 3
436 2 5 2
437 2 5 3
438 2 4 2
439 2 4 3
440 2 3 2
441 2 3 3
442 2 2 2
443 2 2 3
444 2 1 2
445 2 1 3
446 2 0 2
447 2 0 3
448 1 15 2
449 1 15 3
450 1 14 2
451 1 14 3
452 1 13 6
453 1 13 7
454 1 12 6
455 1 12 7
456 9 3 6
457 9 3 7
458 9 2 6
459 9 2 7
460 9 1 2
461 9 1 3
462 9 0 2
463 9 0 3
464 8 15 2
465 8 15 3
466 8 14 2
467 8 14 3
468 8 13 2
469 8 13 3
470 8 12 2
471 8 12 3
472 8 11 2
473 8 11 3
474 8 10 2
475 8 10 3
476 8 9 2
477 8 9 3
478 8 8 2
479 8 8 3
480 2 7 4
481 2 7 5
482 2 6 4
483 2 6 5
484 2 5 4
485 2 5 5
486 2 4 4
487 2 4 5
488 2 3 4
489 2 3 5
490 2 2 4
491 2 2 5
492 2 1 4
493 2 1 5
494 2 0 4
495 2 0 5
496 1 15 4
497 1 15 5
498 1 14 4
499 1 14 5
500 1 13 8
501 1 13 9
502 1 12 8
503 1 12 9
504 9 3 8
505 9 3 9
506 9 2 8
507 9 2 9
508 9 1 4
509 9 1 5
510 9 0 4
511 9 0 5
512 8 15 4
513 8 15 5
514 8 14 4
515 8 14 5
516 8 13 4
517 8 13 5
518 8 12 4
519 8 12 5
520 8 11 4
521 8 11 5
522 8 10 4
523 8 10 5
524 8 9 4
525 8 9 5
526 8 8 4
527 8 8 5
528 2 7 6
529 2 7 7
530 2 6 6
531 2 6 7
532 2 5 6
533 2 5 7
534 2 4 6
535 2 4 7
536 2 3 6
537 2 3 7
538 2 2 6
539 2 2 7
540 2 1 6
541 2 1 7
542 2 0 6
543 2 0 7
544 1 15 6
545 1 15 7
546 1 14 6
547 1 14 7
548 1 13 12
549 1 13 13
550 1 12 12
551 1 12 13
552 9 3 12
553 9 3 13
554 9 2 12
555 9 2 13
556 9 1 6
557 9 1 7
558 9 0 6
559 9 0 7
560 8 15 6
561 8 15 7
562 8 14 6
563 8 14 7
564 8 13 6
565 8 13 7
566 8 12 6
567 8 12 7
568 8 11 6
569 8 11 7
570 8 10 6
571 8 10 7
572 8 9 6
573 8 9 7
574 8 8 6
575 8 8 7
576 2 7 8
577 2 7 9
578 2 6 8
579 2 6 9
580 2 5 8
581 2 5 9
582 2 4 8
583 2 4 9
584 2 3 8
585 2 3 9
586 2 2 8
587 2 2 9
588 2 1 8
589 2 1 9
590 2 0 8
591 2 0 9
592 1 15 8
593 1 15 9
594 1 14 8
595 1 14 9
596 1 13 14
597 1 13 15
598 1 12 14
599 1 12 15
600 9 3 14
601 9 3 15
602 9 2 14
603 9 2 15
604 9 1 8
605 9 1 9
606 9 0 8
607 9 0 9
608 8 15 8
609 8 15 9
610 8 14 8
611 8 14 9
612 8 13 8
613 8 13 9
614 8 12 8
615 8 12 9
616 8 11 8
617 8 11 9
618 8 10 8
619 8 10 9
620 8 9 8
621 8 9 9
622 8 8 8
623 8 8 9
624 2 7 10
625 2 7 11
626 2 6 10
627 2 6 11
628 2 5 10
629 2 5 11
630 2 4 10
631 2 4 11
632 2 3 10
633 2 3 11
634 2 2 10
635 2 2 11
636 2 1 10
637 2 1 11
638 2 0 10
639 2 0 11
640 1 15 10
641 1 15 11
642 1 14 10
643 1 14 11
644 2 9 0
645 2 9 1
646 2 8 0
647 2 8 1
648 9 15 0
649 9 15 1
650 9 14 0
651 9 14 1
652 9 1 10
653 9 1 11
654 9 0 10
655 9 0 11
656 8 15 10
657 8 15 11
658 8 14 10
659 8 14 11
660 8 13 10
661 8 13 11
662 8 12 10
663 8 12 11
664 8 11 10
665 8 11 11
666 8 10 10
667 8 10 11
668 8 9 10
669 8 9 11
670 8 8 10
671 8 8 11
672 2 7 12
673 2 7 13
674 2 6 12
675 2 6 13
676 2 5 12
677 2 5 13
678 2 4 12
679 2 4 13
680 2 3 12
681 2 3 13
682 2 2 12
683 2 2 13
684 2 1 12
685 2 1 13
686 2 0 12
687 2 0 13
688 1 15 12
689 1 15 13
690 1 14 12
691 1 14 13
692 2 9 2
693 2 9 3
694 2 8 2
695 2 8 3
696 9 15 2
697 9 15 3
698 9 14 2
699 9 14 3
700 9 1 12
701 9 1 13
702 9 0 12
703 9 0 13
704 8 15 12
705 8 15 13
706 8 14 12
707 8 14 13
708 8 13 12
709 8 13 13
710 8 12 12
711 8 12 13
712 8 11 12
713 8 11 13
714 8 10 12
715 8 10 13
716 8 9 12
717 8 9 13
718 8 8 12
719 8 8 13
720 2 7 14
721 2 7 15
722 2 6 14
723 2 6 15
724 2 5 14
725 2 5 15
726 2 4 14
727 2 4 15
728 2 3 14
729 2 3 15
730 2 2 14
731 2 2 15
732 2 1 14
733 2 1 15
734 2 0 14
735 2 0 15
736 1 15 14
737 1 15 15
738 1 14 14
739 1 14 15
740 2 9 4
741 2 9 5
742 2 8 4
743 2 8 5
744 9 15 4
745 9 15 5
746 9 14 4
747 9 14 5
748 9 1 14
749 9 1 15
750 9 0 14
751 9 0 15
752 8 15 14
753 8 15 15
754 8 14 14
755 8 14 15
756 8 13 14
757 8 13 15
758 8 12 14
759 8 12 15
760 8 11 14
761 8 11 15
762 8 10 14
763 8 10 15
764 8 9 14
765 8 9 15
766 8 8 14
767 8 8 15
768 3 3 0
769 3 3 1
770 3 2 0
771 3 2 1
772 3 1 0
773 3 1 1
774 3 0 0
775 3 0 1
776 2 15 0
777 2 15 1
778 2 14 0
779 2 14 1
780 2 13 0
781 2 13 1
782 2 12 0
783 2 12 1
784 2 11 0
785 2 11 1
786 2 10 0
787 2 10 1
788 2 9 6
789 2 9 7
790 2 8 6
791 2 8 7
792 9 15 6
793 9 15 7
794 9 14 6
795 9 14 7
796 9 13 0
797 9 13 1
798 9 12 0
799 9 12 1
800 9 11 0
801 9 11 1
802 9 10 0
803 9 10 1
804 9 9 0
805 9 9 1
806 9 8 0
807 9 8 1
808 9 7 0
809 9 7 1
810 9 6 0
811 9 6 1
812 9 5 0
813 9 5 1
814 9 4 0
815 9 4 1
816 3 3 2
817 3 3 3
818 3 2 2
819 3 2 3
820 3 1 2
821 3 1 3
822 3 0 2
823 3 0 3
824 2 15 2
825 2 15 3
826 2 14 2
827 2 14 3
828 2 13 2
829 2 13 3
830 2 12 2
831 2 12 3
832 2 11 2
833 2 11 3
834 2 10 2
835 2 10 3
836 2 9 8
837 2 9 9
838 2 8 8
839 2 8 9
840 9 15 8
841 9 15 9
842 9 14 8
843 9 14 9
844 9 13 2
845 9 13 3
846 9 12 2
847 9 12 3
848 9 11 2
849 9 11 3
850 9 10 2
851 9 10 3
852 9 9 2
853 9 9 3
854 9 8 2
855 9 8 3
856 9 7 2
857 9 7 3
858 9 6 2
859 9 6 3
860 9 5 2
861 9 5 3
862 9 4 2
863 9 4 3
864 3 3 4
865 3 3 5
866 3 2 4
867 3 2 5
868 3 1 4
869 3 1 5
870 3 0 4
871 3 0 5
872 2 15 4
873 2 15 5
874 2 14 4
875 2 14 5
876 2 13 4
877 2 13 5
878 2 12 4
879 2 12 5
880 2 11 4
881 2 11 5
882 2 10 4
883 2 10 5
884 2 9 10
885 2 9 11
886 2 8 10
887 2 8 11
888 9 15 10
889 9 15 11
890 9 14 10
891 9 14 11
892 9 13 4
893 9 13 5
894 9 12 4
895 9 12 5
896 9 11 4
897 9 11 5
898 9 10 4
899 9 10 5
900 9 9 4
901 9 9 5
902 9 8 4
903 9 8 5
904 9 7 4
905 9 7 5
906 9 6 4
907 9 6 5
908 9 5 4
909 9 5 5
910 9 4 4
911 9 4 5
912 3 3 6
913 3 3 7
914 3 2 6
915 3 2 7
916 3 1 6
917 3 1 7
918 3 0 6
919 3 0 7
920 2 15 6
921 2 15 7
922 2 14 6
923 2 14 7
924 2 13 6
925 2 13 7
926 2 12 6
927 2 12 7
928 2 11 6
929 2 11 7
930 2 10 6
931 2 10 7
932 2 9 12
933 2 9 13
934 2 8 12
935 2 8 13
936 9 15 12
937 9 15 13
938 9 14 12
939 9 14 13
940 9 13 6
941 9 13 7
942 9 12 6
943 9 12 7
944 9 11 6
945 9 11 7
946 9 10 6
947 9 10 7
948 9 9 6
949 9 9 7
950 9 8 6
951 9 8 7
952 9 7 6
953 9 7 7
954 9 6 6
955 9 6 7
956 9 5 6
957 9 5 7
958 9 4 6
959 9 4 7
960 3 3 8
961 3 3 9
962 3 2 8
963 3 2 9
964 3 1 8
965 3 1 9
966 3 0 8
967 3 0 9
968 2 15 8
969 2 15 9
970 2 14 8
971 2 14 9
972 2 13 8
973 2 13 9
974 2 12 8
975 2 12 9
976 2 11 8
977 2 11 9
978 2 10 8
979 2 10 9
980 9 13 8
981 9 13 9
982 9 12 8
983 9 12 9
984 9 11 8
985 9 11 9
986 9 10 8
987 9 10 9
988 9 9 8
989 9 9 9
990 9 8 8
991 9 8 9
992 9 7 8
993 9 7 9
994 9 6 8
995 9 6 9
996 9 5 8
997 9 5 9
998 9 4 8
999 9 4 9
1000 3 3 10
1001 3 3 11
1002 3 2 10
1003 3 2 11
1004 3 1 10
1005 3 1 11
1006 3 0 10
1007 3 0 11
1008 2 15 10
1009 2 15 11
1010 2 14 10
1011 2 14 11
1012 2 13 10
1013 2 13 11
1014 2 12 10
1015 2 12 11
1016 2 11 10
1017 2 11 11
1018 2 10 10
1019 2 10 11
1020 9 13 10
1021 9 13 11
1022 9 12 10
1023 9 12 11
1024 9 11 10
1025 9 11 11
1026 9 10 10
1027 9 10 11
1028 9 9 10
1029 9 9 11
1030 9 8 10
1031 9 8 11
1032 9 7 10
1033 9 7 11
1034 9 6 10
1035 9 6 11
1036 9 5 10
1037 9 5 11
1038 9 4 10
1039 9 4 11
1040 3 3 12
1041 3 3 13
1042 3 2 12
1043 3 2 13
1044 3 1 12
1045 3 1 13
1046 3 0 12
1047 3 0 13
1048 2 15 12
1049 2 15 13
1050 2 14 12
1051 2 14 13
1052 2 13 12
1053 2 13 13
1054 2 12 12
1055 2 12 13
1056 2 11 12
1057 2 11 13
1058 2 10 12
1059 2 10 13
1060 9 13 12
1061 9 13 13
1062 9 12 12
1063 9 12 13
1064 9 11 12
1065 9 11 13
1066 9 10 12
1067 9 10 13
1068 9 9 12
1069 9 9 13
1070 9 8 12
1071 9 8 13
1072 9 7 12
1073 9 7 13
1074 9 6 12
1075 9 6 13
1076 9 5 12
1077 9 5 13
1078 9 4 12
1079 9 4 13
1080 3 3 14
1081 3 3 15
1082 3 2 14
1083 3 2 15
1084 3 1 14
1085 3 1 15
1086 3 0 14
1087 3 0 15
1088 2 15 14
1089 2 15 15
1090 2 14 14
1091 2 14 15
1092 2 13 14
1093 2 13 15
1094 2 12 14
1095 2 12 15
1096 2 11 14
1097 2 11 15
1098 2 10 14
1099 2 10 15
1100 9 13 14
1101 9 13 15
1102 9 12 14
1103 9 12 15
1104 9 11 14
1105 9 11 15
1106 9 10 14
1107 9 10 15
1108 9 9 14
1109 9 9 15
1110 9 8 14
1111 9 8 15
1112 9 7 14
1113 9 7 15
1114 9 6 14
1115 9 6 15
1116 9 5 14
1117 9 5 15
1118 9 4 14
1119 9 4 15
1120 3 15 15
1121 3 15 14
1122 3 14 15
1123 3 14 14
1124 3 13 15
1125 3 13 14
1126 3 12 15
1127 3 12 14
1128 3 11 15
1129 3 11 14
1130 3 10 15
1131 3 10 14
1132 3 9 15
1133 3 9 14
1134 3 8 15
1135 3 8 14
1136 3 7 15
1137 3 7 14
1138 3 6 15
1139 3 6 14
1140 6 1 15
1141 6 1 14
1142 6 0 15
1143 6 0 14
1144 5 15 15
1145 5 15 14
1146 5 14 15
1147 5 14 14
1148 5 13 15
1149 5 13 14
1150 5 12 15
1151 5 12 14
1152 5 11 15
1153 5 11 14
1154 5 10 15
1155 5 10 14
1156 5 9 15
1157 5 9 14
1158 5 8 15
1159 5 8 14
1160 3 15 13
1161 3 15 12
1162 3 14 13
1163 3 14 12
1164 3 13 13
1165 3 13 12
1166 3 12 13
1167 3 12 12
1168 3 11 13
1169 3 11 12
1170 3 10 13
1171 3 10 12
1172 3 9 13
1173 3 9 12
1174 3 8 13
1175 3 8 12
1176 3 7 13
1177 3 7 12
1178 3 6 13
1179 3 6 12
1180 6 1 13
1181 6 1 12
1182 6 0 13
1183 6 0 12
1184 5 15 13
1185 5 15 12
1186 5 14 13
1187 5 14 12
1188 5 13 13
1189 5 13 12
1190 5 12 13
1191 5 12 12
1192 5 11 13
1193 5 11 12
1194 5 10 13
1195 5 10 12
1196 5 9 13
1197 5 9 12
1198 5 8 13
1199 5 8 12
1200 3 15 11
1201 3 15 10
1202 3 14 11
1203 3 14 10
1204 3 13 11
1205 3 13 10
1206 3 12 11
1207 3 12 10
1208 3 11 11
1209 3 11 10
1210 3 10 11
1211 3 10 10
1212 3 9 11
1213 3 9 10
1214 3 8 11
1215 3 8 10
1216 3 7 11
1217 3 7 10
1218 3 6 11
1219 3 6 10
1220 6 1 11
1221 6 1 10
1222 6 0 11
1223 6 0 10
1224 5 15 11
1225 5 15 10
1226 5 14 11
1227 5 14 10
1228 5 13 11
1229 5 13 10
1230 5 12 11
1231 5 12 10
1232 5 11 11
1233 5 11 10
1234 5 10 11
1235 5 10 10
1236 5 9 11
1237 5 9 10
1238 5 8 11
1239 5 8 10
1240 3 15 9
1241 3 15 8
1242 3 14 9
1243 3 14 8
1244 3 13 9
1245 3 13 8
1246 3 12 9
1247 3 12 8
1248 3 11 9
1249 3 11 8
1250 3 10 9
1251 3 10 8
1252 3 9 9
1253 3 9 8
1254 3 8 9
1255 3 8 8
1256 3 7 9
1257 3 7 8
1258 3 6 9
1259 3 6 8
1260 6 1 9
1261 6 1 8
1262 6 0 9
1263 6 0 8
1264 5 15 9
1265 5 15 8
1266 5 14 9
1267 5 14 8
1268 5 13 9
1269 5 13 8
1270 5 12 9
1271 5 12 8
1272 5 11 9
1273 5 11 8
1274 5 10 9
1275 5 10 8
1276 5 9 9
1277 5 9 8
1278 5 8 9
1279 5 8 8
1280 3 15 7
1281 3 15 6
1282 3 14 7
1283 3 14 6
1284 3 13 7
1285 3 13 6
1286 3 12 7
1287 3 12 6
1288 3 11 7
1289 3 11 6
1290 3 10 7
1291 3 10 6
1292 3 9 7
1293 3 9 6
1294 3 8 7
1295 3 8 6
1296 3 7 7
1297 3 7 6
1298 3 6 7
1299 3 6 6
1300 3 5 13
1301 3 5 12
1302 3 4 13
1303 3 4 12
1304 6 3 13
1305 6 3 12
1306 6 2 13
1307 6 2 12
1308 6 1 7
1309 6 1 6
1310 6 0 7
1311 6 0 6
1312 5 15 7
1313 5 15 6
1314 5 14 7
1315 5 14 6
1316 5 13 7
1317 5 13 6
1318 5 12 7
1319 5 12 6
1320 5 11 7
1321 5 11 6
1322 5 10 7
1323 5 10 6
1324 5 9 7
1325 5 9 6
1326 5 8 7
1327 5 8 6
1328 3 15 5
1329 3 15 4
1330 3 14 5
1331 3 14 4
1332 3 13 5
1333 3 13 4
1334 3 12 5
1335 3 12 4
1336 3 11 5
1337 3 11 4
1338 3 10 5
1339 3 10 4
1340 3 9 5
1341 3 9 4
1342 3 8 5
1343 3 8 4
1344 3 7 5
1345 3 7 4
1346 3 6 5
1347 3 6 4
1348 3 5 11
1349 3 5 10
1350 3 4 11
1351 3 4 10
1352 6 3 11
1353 6 3 10
1354 6 2 11
1355 6 2 10
1356 6 1 5
1357 6 1 4
1358 6 0 5
1359 6 0 4
1360 5 15 5
1361 5 15 4
1362 5 14 5
1363 5 14 4
1364 5 13 5
1365 5 13 4
1366 5 12 5
1367 5 12 4
1368 5 11 5
1369 5 11 4
1370 5 10 5
1371 5 10 4
1372 5 9 5
1373 5 9 4
1374 5 8 5
1375 5 8 4
1376 3 15 3
1377 3 15 2
1378 3 14 3
1379 3 14 2
1380 3 13 3
1381 3 13 2
1382 3 12 3
1383 3 12 2
1384 3 11 3
1385 3 11 2
1386 3 10 3
1387 3 10 2
1388 3 9 3
1389 3 9 2
1390 3 8 3
1391 3 8 2
1392 3 7 3
1393 3 7 2
1394 3 6 3
1395 3 6 2
1396 3 5 9
1397 3 5 8
1398 3 4 9
1399 3 4 8
1400 6 3 9
1401 6 3 8
1402 6 2 9
1403 6 2 8
1404 6 1 3
1405 6 1 2
1406 6 0 3
1407 6 0 2
1408 5 15 3
1409 5 15 2
1410 5 14 3
1411 5 14 2
1412 5 13 3
1413 5 13 2
1414 5 12 3
1415 5 12 2
1416 5 11 3
1417 5 11 2
1418 5 10 3
1419 5 10 2
1420 5 9 3
1421 5 9 2
1422 5 8 3
1423 5 8 2
1424 3 15 1
1425 3 15 0
1426 3 14 1
1427 3 14 0
1428 3 13 1
1429 3 13 0
1430 3 12 1
1431 3 12 0
1432 3 11 1
1433 3 11 0
1434 3 10 1
1435 3 10 0
1436 3 9 1
1437 3 9 0
1438 3 8 1
1439 3 8 0
1440 3 7 1
1441 3 7 0
1442 3 6 1
1443 3 6 0
1444 3 5 7
1445 3 5 6
1446 3 4 7
1447 3 4 6
1448 6 3 7
1449 6 3 6
1450 6 2 7
1451 6 2 6
1452 6 1 1
1453 6 1 0
1454 6 0 1
1455 6 0 0
1456 5 15 1
1457 5 15 0
1458 5 14 1
1459 5 14 0
1460 5 13 1
1461 5 13 0
1462 5 12 1
1463 5 12 0
1464 5 11 1
1465 5 11 0
1466 5 10 1
1467 5 10 0
1468 5 9 1
1469 5 9 0
1470 5 8 1
1471 5 8 0
1472 4 11 15
1473 4 11 14
1474 4 10 15
1475 4 10 14
1476 4 9 15
1477 4 9 14
1478 4 8 15
1479 4 8 14
1480 4 7 15
1481 4 7 14
1482 4 6 15
1483 4 6 14
1484 4 5 15
1485 4 5 14
1486 4 4 15
1487 4 4 14
1488 4 3 15
1489 4 3 14
1490 4 2 15
1491 4 2 14
1492 3 5 5
1493 3 5 4
1494 3 4 5
1495 3 4 4
1496 6 3 5
1497 6 3 4
1498 6 2 5
1499 6 2 4
1500 6 13 15
1501 6 13 14
1502 6 12 15
1503 6 12 14
1504 6 11 15
1505 6 11 14
1506 6 10 15
1507 6 10 14
1508 6 9 15
1509 6 9 14
1510 6 8 15
1511 6 8 14
1512 6 7 15
1513 6 7 14
1514 6 6 15
1515 6 6 14
1516 6 5 15
1517 6 5 14
1518 6 4 15
1519 6 4 14
1520 4 11 13
1521 4 11 12
1522 4 10 13
1523 4 10 12
1524 4 9 13
1525 4 9 12
1526 4 8 13
1527 4 8 12
1528 4 7 13
1529 4 7 12
1530 4 6 13
1531 4 6 12
1532 4 5 13
1533 4 5 12
1534 4 4 13
1535 4 4 12
1536 4 3 13
1537 4 3 12
1538 4 2 13
1539 4 2 12
1540 3 5 3
1541 3 5 2
1542 3 4 3
1543 3 4 2
1544 6 3 3
1545 6 3 2
1546 6 2 3
1547 6 2 2
1548 6 13 13
1549 6 13 12
1550 6 12 13
1551 6 12 12
1552 6 11 13
1553 6 11 12
1554 6 10 13
1555 6 10 12
1556 6 9 13
1557 6 9 12
1558 6 8 13
1559 6 8 12
1560 6 7 13
1561 6 7 12
1562 6 6 13
1563 6 6 12
1564 6 5 13
1565 6 5 12
1566 6 4 13
1567 6 4 12
1568 4 11 11
1569 4 11 10
1570 4 10 11
1571 4 10 10
1572 4 9 11
1573 4 9 10
1574 4 8 11
1575 4 8 10
1576 4 7 11
1577 4 7 10
1578 4 6 11
1579 4 6 10
1580 4 5 11
1581 4 5 10
1582 4 4 11
1583 4 4 10
1584 4 3 11
1585 4 3 10
1586 4 2 11
1587 4 2 10
1588 3 5 1
1589 3 5 0
1590 3 4 1
1591 3 4 0
1592 6 3 1
1593 6 3 0
1594 6 2 1
1595 6 2 0
1596 6 13 11
1597 6 13 10
1598 6 12 11
1599 6 12 10
1600 6 11 11
1601 6 11 10
1602 6 10 11
1603 6 10 10
1604 6 9 11
1605 6 9 10
1606 6 8 11
1607 6 8 10
1608 6 7 11
1609 6 7 10
1610 6 6 11
1611 6 6 10
1612 6 5 11
1613 6 5 10
1614 6 4 11
1615 6 4 10
1616 4 11 9
1617 4 11 8
1618 4 10 9
1619 4 10 8
1620 4 9 9
1621 4 9 8
1622 4 8 9
1623 4 8 8
1624 4 7 9
1625 4 7 8
1626 4 6 9
1627 4 6 8
1628 4 5 9
1629 4 5 8
1630 4 4 9
1631 4 4 8
1632 4 3 9
1633 4 3 8
1634 4 2 9
1635 4 2 8
1636 4 1 15
1637 4 1 14
1638 4 0 15
1639 4 0 14
1640 6 15 15
1641 6 15 14
1642 6 14 15
1643 6 14 14
1644 6 13 9
1645 6 13 8
1646 6 12 9
1647 6 12 8
1648 6 11 9
1649 6 11 8
1650 6 10 9
1651 6 10 8
1652 6 9 9
1653 6 9 8
1654 6 8 9
1655 6 8 8
1656 6 7 9
1657 6 7 8
1658 6 6 9
1659 6 6 8
1660 6 5 9
1661 6 5 8
1662 6 4 9
1663 6 4 8
1664 4 11 7
1665 4 11 6
1666 4 10 7
1667 4 10 6
1668 4 9 7
1669 4 9 6
1670 4 8 7
1671 4 8 6
1672 4 7 7
1673 4 7 6
1674 4 6 7
1675 4 6 6
1676 4 5 7
1677 4 5 6
1678 4 4 7
1679 4 4 6
1680 4 3 7
1681 4 3 6
1682 4 2 7
1683 4 2 6
1684 4 1 13
1685 4 1 12
1686 4 0 13
1687 4 0 12
1688 6 15 13
1689 6 15 12
1690 6 14 13
1691 6 14 12
1692 6 13 7
1693 6 13 6
1694 6 12 7
1695 6 12 6
1696 6 11 7
1697 6 11 6
1698 6 10 7
1699 6 10 6
1700 6 9 7
1701 6 9 6
1702 6 8 7
1703 6 8 6
1704 6 7 7
1705 6 7 6
1706 6 6 7
1707 6 6 6
1708 6 5 7
1709 6 5 6
1710 6 4 7
1711 9999 9999 9999
1712 4 11 5
1713 4 11 4
1714 4 10 5
1715 4 10 4
1716 4 9 5
1717 4 9 4
1718 4 8 5
1719 4 8 4
1720 4 7 5
1721 4 7 4
1722 4 6 5
1723 4 6 4
1724 4 5 5
1725 4 5 4
1726 4 4 5
1727 4 4 4
1728 4 3 5
1729 4 3 4
1730 4 2 5
1731 4 2 4
1732 4 1 11
1733 4 1 10
1734 4 0 11
1735 4 0 10
1736 6 15 11
1737 6 15 10
1738 6 14 11
1739 6 14 10
1740 6 13 5
1741 6 13 4
1742 6 12 5
1743 6 12 4
1744 6 11 5
1745 6 11 4
1746 6 10 5
1747 6 10 4
1748 6 9 5
1749 6 9 4
1750 6 8 5
1751 6 8 4
1752 6 7 5
1753 6 7 4
1754 6 6 5
1755 6 6 4
1756 6 5 5
1757 6 5 4
1758 6 4 5
1759 6 4 4
1760 4 11 3
1761 4 11 2
1762 4 10 3
1763 4 10 2
1764 4 9 3
1765 4 9 2
1766 4 8 3
1767 4 8 2
1768 4 7 3
1769 4 7 2
1770 4 6 3
1771 4 6 2
1772 4 5 3
1773 4 5 2
1774 4 4 3
1775 4 4 2
1776 4 3 3
1777 4 3 2
1778 4 2 3
1779 4 2 2
1780 4 1 9
1781 4 1 8
1782 4 0 9
1783 4 0 8
1784 6 15 9
1785 6 15 8
1786 6 14 9
1787 6 14 8
1788 6 13 3
1789 6 13 2
1790 6 12 3
1791 6 12 2
1792 6 11 3
1793 6 11 2
1794 6 10 3
1795 6 10 2
1796 6 9 3
1797 6 9 2
1798 6 8 3
1799 6 8 2
1800 6 7 3
1801 6 7 2
1802 6 6 3
1803 6 6 2
1804 6 5 3
1805 6 5 2
1806 6 4 3
1807 6 4 2
1808 4 11 1
1809 4 11 0
1810 4 10 1
1811 4 10 0
1812 4 9 1
1813 4 9 0
1814 4 8 1
1815 4 8 0
1816 4 7 1
1817 4 7 0
1818 4 6 1
1819 4 6 0
1820 4 5 1
1821 4 5 0
1822 4 4 1
1823 4 4 0
1824 4 3 1
1825 4 3 0
1826 4 2 1
1827 4 2 0
1828 4 1 7
1829 4 1 6
1830 4 0 7
1831 4 0 6
1832 6 15 7
1833 6 15 6
1834 6 14 7
1835 6 14 6
1836 6 13 1
1837 6 13 0
1838 6 12 1
1839 6 12 0
1840 6 11 1
1841 6 11 0
1842 6 10 1
1843 6 10 0
1844 6 9 1
1845 6 9 0
1846 6 8 1
1847 6 8 0
1848 6 7 1
1849 6 7 0
1850 6 6 1
1851 6 6 0
1852 6 5 1
1853 6 5 0
1854 6 4 1
1855 6 4 0
1856 5 7 15
1857 5 7 14
1858 5 6 15
1859 5 6 14
1860 5 5 15
1861 5 5 14
1862 5 4 15
1863 5 4 14
1864 5 3 15
1865 5 3 14
1866 5 2 15
1867 5 2 14
1868 5 1 15
1869 5 1 14
1870 5 0 15
1871 5 0 14
1872 4 15 15
1873 4 15 14
1874 4 14 15
1875 4 14 14
1876 4 1 5
1877 4 1 4
1878 4 0 5
1879 4 0 4
1880 6 15 5
1881 6 15 4
1882 6 14 5
1883 6 14 4
1884 7 9 15
1885 7 9 14
1886 7 8 15
1887 7 8 14
1888 7 7 15
1889 7 7 14
1890 7 6 15
1891 7 6 14
1892 7 5 15
1893 7 5 14
1894 7 4 15
1895 7 4 14
1896 7 3 15
1897 7 3 14
1898 7 2 15
1899 7 2 14
1900 7 1 15
1901 7 1 14
1902 7 0 15
1903 7 0 14
1904 5 7 13
1905 5 7 12
1906 5 6 13
1907 5 6 12
1908 5 5 13
1909 5 5 12
1910 5 4 13
1911 5 4 12
1912 5 3 13
1913 5 3 12
1914 5 2 13
1915 5 2 12
1916 5 1 13
1917 5 1 12
1918 5 0 13
1919 5 0 12
1920 4 15 13
1921 4 15 12
1922 4 14 13
1923 4 14 12
1924 4 1 3
1925 4 1 2
1926 4 0 3
1927 4 0 2
1928 6 15 3
1929 6 15 2
1930 6 14 3
1931 6 14 2
1932 7 9 13
1933 7 9 12
1934 7 8 13
1935 7 8 12
1936 7 7 13
1937 7 7 12
1938 7 6 13
1939 7 6 12
1940 7 5 13
1941 7 5 12
1942 7 4 13
1943 7 4 12
1944 7 3 13
1945 7 3 12
1946 7 2 13
1947 7 2 12
1948 7 1 13
1949 7 1 12
1950 7 0 13
1951 7 0 12
1952 5 7 11
1953 5 7 10
1954 5 6 11
1955 5 6 10
1956 5 5 11
1957 5 5 10
1958 5 4 11
1959 5 4 10
1960 5 3 11
1961 5 3 10
1962 5 2 11
1963 5 2 10
1964 5 1 11
1965 5 1 10
1966 5 0 11
1967 5 0 10
1968 4 15 11
1969 4 15 10
1970 4 14 11
1971 4 14 10
1972 4 1 1
1973 4 1 0
1974 4 0 1
1975 4 0 0
1976 6 15 1
1977 6 15 0
1978 6 14 1
1979 6 14 0
1980 7 9 11
1981 7 9 10
1982 7 8 11
1983 7 8 10
1984 7 7 11
1985 7 7 10
1986 7 6 11
1987 7 6 10
1988 7 5 11
1989 7 5 10
1990 7 4 11
1991 7 4 10
1992 7 3 11
1993 7 3 10
1994 7 2 11
1995 7 2 10
1996 7 1 11
1997 7 1 10
1998 7 0 11
1999 7 0 10
2000 5 7 9
2001 5 7 8
2002 5 6 9
2003 5 6 8
2004 5 5 9
2005 5 5 8
2006 5 4 9
2007 5 4 8
2008 5 3 9
2009 5 3 8
2010 5 2 9
2011 5 2 8
2012 5 1 9
2013 5 1 8
2014 5 0 9
2015 5 0 8
2016 4 15 9
2017 4 15 8
2018 4 14 9
2019 4 14 8
2020 4 13 15
2021 4 13 14
2022 4 12 15
2023 4 12 14
2024 7 11 15
2025 7 11 14
2026 7 10 15
2027 7 10 14
2028 7 9 9
2029 7 9 8
2030 7 8 9
2031 7 8 8
2032 7 7 9
2033 7 7 8
2034 7 6 9
2035 7 6 8
2036 7 5 9
2037 7 5 8
2038 7 4 9
2039 7 4 8
2040 7 3 9
2041 7 3 8
2042 7 2 9
2043 7 2 8
2044 7 1 9
2045 7 1 8
2046 7 0 9
2047 7 0 8
2048 5 7 7
2049 5 7 6
2050 5 6 7
2051 5 6 6
2052 5 5 7
2053 5 5 6
2054 5 4 7
2055 5 4 6
2056 5 3 7
2057 5 3 6
2058 5 2 7
2059 5 2 6
2060 5 1 7
2061 5 1 6
2062 5 0 7
2063 5 0 6
2064 4 15 7
2065 4 15 6
2066 4 14 7
2067 4 14 6
2068 4 13 13
2069 4 13 12
2070 4 12 13
2071 4 12 12
2072 7 11 13
2073 7 11 12
2074 7 10 13
2075 7 10 12
2076 7 9 7
2077 7 9 6
2078 7 8 7
2079 7 8 6
2080 7 7 7
2081 7 7 6
2082 7 6 7
2083 7 6 6
2084 7 5 7
2085 7 5 6
2086 7 4 7
2087 7 4 6
2088 7 3 7
2089 7 3 6
2090 7 2 7
2091 7 2 6
2092 7 1 7
2093 7 1 6
2094 7 0 7
2095 7 0 6
2096 5 7 5
2097 5 7 4
2098 5 6 5
2099 5 6 4
2100 5 5 5
2101 5 5 4
2102 5 4 5
2103 5 4 4
2104 5 3 5
2105 5 3 4
2106 5 2 5
2107 5 2 4
2108 5 1 5
2109 5 1 4
2110 5 0 5
2111 5 0 4
2112 4 15 5
2113 4 15 4
2114 4 14 5
2115 4 14 4
2116 4 13 11
2117 4 13 10
2118 4 12 11
2119 4 12 10
2120 7 11 11
2121 7 11 10
2122 7 10 11
2123 7 10 10
2124 7 9 5
2125 7 9 4
2126 7 8 5
2127 7 8 4
2128 7 7 5
2129 7 7 4
2130 7 6 5
2131 7 6 4
2132 7 5 5
2133 7 5 4
2134 7 4 5
2135 7 4 4
2136 7 3 5
2137 7 3 4
2138 7 2 5
2139 7 2 4
2140 7 1 5
2141 7 1 4
2142 7 0 5
2143 7 0 4
2144 5 7 3
2145 5 7 2
2146 5 6 3
2147 5 6 2
2148 5 5 3
2149 5 5 2
2150 5 4 3
2151 5 4 2
2152 5 3 3
2153 5 3 2
2154 5 2 3
2155 5 2 2
2156 5 1 3
2157 5 1 2
2158 5 0 3
2159 5 0 2
2160 4 15 3
2161 4 15 2
2162 4 14 3
2163 4 14 2
2164 4 13 9
2165 4 13 8
2166 4 12 9
2167 4 12 8
2168 7 11 9
2169 7 11 8
2170 7 10 9
2171 7 10 8
2172 7 9 3
2173 7 9 2
2174 7 8 3
2175 7 8 2
2176 7 7 3
2177 7 7 2
2178 7 6 3
2179 7 6 2
2180 7 5 3
2181 7 5 2
2182 7 4 3
2183 7 4 2
2184 7 3 3
2185 7 3 2
2186 7 2 3
2187 7 2 2
2188 7 1 3
2189 7 1 2
2190 7 0 3
2191 7 0 2
2192 5 7 1
2193 5 7 0
2194 5 6 1
2195 5 6 0
2196 5 5 1
2197 5 5 0
2198 5 4 1
2199 5 4 0
2200 5 3 1
2201 5 3 0
2202 5 2 1
2203 5 2 0
2204 5 1 1
2205 5 1 0
2206 5 0 1
2207 5 0 0
2208 4 15 1
2209 4 15 0
2210 4 14 1
2211 4 14 0
2212 4 13 7
2213 4 13 6
2214 4 12 7
2215 4 12 6
2216 7 11 7
2217 7 11 6
2218 7 10 7
2219 7 10 6
2220 7 9 1
2221 7 9 0
2222 7 8 1
2223 7 8 0
2224 7 7 1
2225 7 7 0
2226 7 6 1
2227 7 6 0
2228 7 5 1
2229 7 5 0
2230 7 4 1
2231 7 4 0
2232 7 3 1
2233 7 3 0
2234 7 2 1
2235 7 2 0
2236 7 1 1
2237 7 1 0
2238 7 0 1
2239 7 0 0
2240 0 1 0
2241 0 1 1
2242 0 0 4
2243 0 0 5
2244 0 0 10
2245 0 0 11
2246 10 7 10
2247 10 7 11
2248 10 7 4
2249 10 7 5
2250 10 6 0
2251 10 6 1
2252 0 2 0
2253 0 2 1
2254 0 1 2
2255 0 1 3
2256 0 0 6
2257 0 0 7
2258 0 0 12
2259 0 0 13
2260 10 7 12
2261 10 7 13
2262 10 7 6
2263 10 7 7
2264 10 6 2
2265 10 6 3
2266 10 5 0
2267 10 5 1
2268 0 3 0
2269 0 2 2
2270 0 2 3
2271 0 2 4
2272 0 2 5
2273 0 2 6
2274 0 0 8
2275 0 0 9
2276 0 0 14
2277 0 0 15
2278 10 7 14
2279 10 7 15
2280 10 7 8
2281 10 7 9
2282 10 5 2
2283 10 5 3
2284 10 5 4
2285 10 5 5
2286 10 5 6
2287 10 4 0
2288 0 3 2
2289 0 3 1
2290 0 3 3
2291 0 2 10
2292 0 2 11
2293 0 1 4
2294 0 1 5
2295 0 1 6
2296 0 1 7
2297 9999 9999 9999
2298 9999 9999 9999
2299 9999 9999 9999
2300 9999 9999 9999
2301 10 6 6
2302 10 6 7
2303 10 6 4
2304 10 6 5
2305 10 5 10
2306 10 5 11
2307 10 4 2
2308 10 4 1
2309 10 4 3
2310 0 3 4
2311 0 3 5
2312 0 3 6
2313 0 3 7
2314 0 2 12
2315 0 2 13
2316 0 1 8
2317 0 1 9
2318 0 1 10
2319 0 1 11
2320 9999 9999 9999
2321 9999 9999 9999
2322 9999 9999 9999
2323 9999 9999 9999
2324 10 6 10
2325 10 6 11
2326 10 6 8
2327 10 6 9
2328 10 5 12
2329 10 5 13
2330 10 4 6
2331 10 4 9
2332 10 4 4
2333 10 4 5
2334 0 4 11
2335 0 3 8
2336 0 3 9
2337 0 3 10
2338 0 3 11
2339 0 2 14
2340 0 2 15
2341 0 1 12
2342 0 1 13
2343 0 1 14
2344 0 1 15
2345 9999 9999 9999
2346 9999 9999 9999
2347 9999 9999 9999
2348 9999 9999 9999
2349 10 6 14
2350 10 6 15
2351 10 6 12
2352 10 6 13
2353 10 5 14
2354 10 5 15
2355 10 4 8
2356 10 4 11
2357 10 4 10
2358 10 4 13
2359 10 3 10
2360 0 4 7
2361 0 4 9
2362 10 3 8
2363 10 3 6
2364 0 4 1
2365 0 4 3
2366 0 4 5
2367 10 3 4
2368 10 3 2
2369 10 3 0
2370 0 4 8
2371 0 4 10
2372 0 4 12
2373 0 4 14
2374 10 3 15
2375 10 3 13
2376 10 3 11
2377 10 3 9
2378 0 4 0
2379 0 4 2
2380 0 4 4
2381 0 4 6
2382 10 3 7
2383 10 3 5
2384 10 3 3
2385 10 3 1
2386 0 5 1
2387 0 5 3
2388 0 5 5
2389 0 5 7
2390 0 5 9
2391 10 2 8
2392 10 2 6
2393 10 2 4
2394 10 2 2
2395 10 2 0
2396 0 5 0
2397 0 5 2
2398 0 5 4
2399 0 5 11
2400 0 5 13
2401 10 2 12
2402 10 2 10
2403 10 2 5
2404 10 2 3
2405 10 2 1
2406 0 6 1
2407 0 6 3
2408 0 5 6
2409 0 5 8
2410 0 5 10
2411 0 5 12
2412 10 2 13
2413 10 2 11
2414 10 2 9
2415 10 2 7
2416 10 1 2
2417 10 1 0
2418 0 6 5
2419 0 6 7
2420 0 6 9
2421 0 6 11
2422 0 6 13
2423 0 6 15
2424 10 1 12
2425 10 1 14
2426 10 1 10
2427 10 1 8
2428 10 1 6
2429 10 1 4
2430 0 6 0
2431 0 6 2
2432 0 6 4
2433 0 6 6
2434 0 6 8
2435 0 6 10
2436 10 1 11
2437 10 1 9
2438 10 1 7
2439 10 1 5
2440 10 1 3
2441 10 1 1
2442 0 7 1
2443 0 7 3
2444 0 7 5
2445 0 7 7
2446 0 6 12
2447 0 6 14
2448 10 1 15
2449 10 1 13
2450 10 0 6
2451 10 0 4
2452 10 0 2
2453 10 0 0
2454 0 7 9
2455 0 7 11
2456 0 7 13
2457 0 7 15
2458 0 7 0
2459 0 7 2
2460 10 0 3
2461 10 0 1
2462 10 0 14
2463 10 0 12
2464 10 0 10
2465 10 0 8
2466 0 7 4
2467 0 7 6
2468 0 7 8
2469 0 7 10
2470 0 7 12
2471 0 7 14
2472 10 0 15
2473 10 0 13
2474 10 0 11
2475 10 0 9
2476 10 0 7
2477 10 0 5
2478 0 8 1
2479 0 8 3
2480 0 8 5
2481 0 8 7
2482 0 8 9
2483 0 8 11
2484 10 15 10
2485 10 15 8
2486 10 15 6
2487 10 15 4
2488 10 15 2
2489 10 15 0
2490 0 8 0
2491 0 8 2
2492 0 8 4
2493 0 8 6
2494 0 8 13
2495 0 8 15
2496 10 15 14
2497 10 15 12
2498 10 15 7
2499 10 15 5
2500 10 15 3
2501 10 15 1
2502 0 8 8
2503 0 8 10
2504 0 8 12
2505 0 8 14
2506 0 9 14
2507 0 9 12
2508 10 14 13
2509 10 14 15
2510 10 15 15
2511 10 15 13
2512 10 15 11
2513 10 15 9
2514 0 9 10
2515 0 9 8
2516 0 9 6
2517 0 9 4
2518 0 9 2
2519 0 9 0
2520 10 14 1
2521 10 14 3
2522 10 14 5
2523 10 14 7
2524 10 14 9
2525 10 14 11
2526 0 9 11
2527 0 9 9
2528 0 9 7
2529 0 9 5
2530 0 9 3
2531 0 9 1
2532 10 14 0
2533 10 14 2
2534 10 14 4
2535 10 14 6
2536 10 14 8
2537 10 14 10
2538 0 9 15
2539 0 9 13
2540 0 10 6
2541 0 10 4
2542 0 10 2
2543 0 10 0
2544 10 13 1
2545 10 13 3
2546 10 13 5
2547 10 13 7
2548 10 14 12
2549 10 14 14
2550 0 10 12
2551 0 10 10
2552 0 10 8
2553 0 10 3
2554 0 10 1
2555 10 13 0
2556 10 13 2
2557 10 13 9
2558 10 13 11
2559 10 13 13
2560 0 10 13
2561 0 10 11
2562 0 10 9
2563 0 10 7
2564 0 10 5
2565 10 13 4
2566 10 13 6
2567 10 13 8
2568 10 13 10
2569 10 13 12
2570 0 11 0
2571 0 11 2
2572 0 11 4
2573 0 11 6
2574 10 12 2
2575 10 12 3
2576 10 12 5
2577 10 12 7
2578 0 11 8
2579 0 11 10
2580 0 11 12
2581 0 11 14
2582 10 12 9
2583 10 12 11
2584 10 12 13
2585 10 12 15
2586 0 11 1
2587 0 11 3
2588 0 11 5
2589 10 12 10
2590 10 12 12
2591 10 12 14
2592 0 11 7
2593 0 11 9
2594 10 12 6
2595 10 12 8
2596 0 11 11
2597 0 12 11
2598 0 12 10
2599 0 12 9
2600 0 12 8
2601 0 13 0
2602 0 13 1
2603 0 14 0
2604 0 14 1
2605 0 14 2
2606 0 14 3
2607 9999 9999 9999
2608 9999 9999 9999
2609 9999 9999 9999
2610 9999 9999 9999
2611 10 9 2
2612 10 9 3
2613 10 9 0
2614 10 9 1
2615 10 10 0
2616 10 10 1
2617 10 11 11
2618 10 11 10
2619 10 11 9
2620 10 11 8
2621 10 12 4
2622 0 12 7
2623 0 12 6
2624 0 12 5
2625 0 12 4
2626 0 13 2
2627 0 13 3
2628 0 14 4
2629 0 14 5
2630 0 14 6
2631 0 14 7
2632 9999 9999 9999
2633 9999 9999 9999
2634 9999 9999 9999
2635 9999 9999 9999
2636 10 9 6
2637 10 9 7
2638 10 9 4
2639 10 9 5
2640 10 10 2
2641 10 10 3
2642 10 11 7
2643 10 11 6
2644 10 11 5
2645 10 11 4
2646 0 12 3
2647 0 12 1
2648 0 12 2
2649 0 13 4
2650 0 13 5
2651 0 14 8
2652 0 14 9
2653 0 14 10
2654 0 14 11
2655 9999 9999 9999
2656 9999 9999 9999
2657 9999 9999 9999
2658 9999 9999 9999
2659 10 9 10
2660 10 9 11
2661 10 9 8
2662 10 9 9
2663 10 10 4
2664 10 10 5
2665 10 11 3
2666 10 11 1
2667 10 11 2
2668 0 12 0
2669 0 13 9
2670 0 13 10
2671 0 13 11
2672 0 13 12
2673 0 13 13
2674 0 15 0
2675 0 15 1
2676 0 15 6
2677 0 15 7
2678 10 8 6
2679 10 8 7
2680 10 8 0
2681 10 8 1
2682 10 10 9
2683 10 10 10
2684 10 10 11
2685 10 10 12
2686 10 10 13
2687 10 11 0
2688 0 13 14
2689 0 13 15
2690 0 14 12
2691 0 14 13
2692 0 15 2
2693 0 15 3
2694 0 15 8
2695 0 15 9
2696 10 8 8
2697 10 8 9
2698 10 8 2
2699 10 8 3
2700 10 9 12
2701 10 9 13
2702 10 10 14
2703 10 10 15
2704 0 14 14
2705 0 14 15
2706 0 15 4
2707 0 15 5
2708 0 15 10
2709 0 15 11
2710 10 8 10
2711 10 8 11
2712 10 8 4
2713 10 8 5
2714 10 9 14
2715 10 9 15
