0	0.886475	2.11511
1	1.34207	1.90567
2	-0.020789	2.06837
3	1.31855	1.8685
4	0.847046	1.99127
5	1.33222	2.0145
6	-0.344214	2.21384
7	1.93888	1.82745
8	0.347504	2.14001
9	-1.08595	1.95948
10	0.964822	2.30296
11	-1.18784	2.24289
12	1.41784	1.86131
13	1.31538	2.12744
14	2.68065	1.83263
15	1.41678	1.8114
16	3.33729	1.89683
17	0.373023	2.03907
18	1.30704	2.0048
19	1.91129	2.03898
20	3.26527	1.96682
21	1.02821	2.19342
22	1.75421	2.21089
23	3.11104	2.27517
24	1.5772	2.12362
25	0.673269	2.38606
26	1.4425	2.20863
27	0.82792	2.40184
28	1.5361	2.58099
29	0.79264	2.17806
30	1.86103	2.17949
31	1.91455	2.07515
32	-1.44905	2.30032
33	-0.75244	2.04741
34	0.28893	2.44876
35	-0.4071	2.33432
36	1.28991	2.21818
37	0.97779	2.16909
38	0.6142	2.25198
39	2.8975	2.21081
40	0.2761	2.24784
41	1.50098	2.30979
42	1.81417	2.13278
43	0.8496	2.07721
44	-1.84159	2.17008
45	0.83201	2.4333
46	1.97251	2.39766
47	1.00399	2.27844
48	1.1305	1.44944
49	0.71292	1.42338
50	-0.538873	1.12924
51	0.618994	1.21319
52	2.47527	1.03297
53	0.600694	0.983248
54	1.4196	1.05725
55	1.40217	0.946427
56	1.42602	1.04561
57	0.981766	1.0492
58	-0.046259	1.03574
59	2.04483	1.08693
60	3.01318	1.02754
61	1.06216	1.06566
62	1.99042	1.0729
63	-0.057577	1.34999
64	0.454284	1.19781
65	0.153722	1.19306
66	0.818024	0.97019
67	0.967236	1.00663
68	2.37021	1.01083
69	0.67102	1.48908
70	0.0985305	1.48229
71	1.38344	1.55367
72	0.843309	1.9558
73	-0.511271	1.4255
74	-1.46041	1.40116
75	-0.834738	1.39362
76	0.356156	1.40538
77	-0.069808	1.64135
78	-0.392118	1.97549
79	-0.705463	1.68721
80	-1.96834	1.51036
81	-1.5654	1.52176
82	-1.49902	1.54124
83	-2.04743	1.7414
84	-0.615709	1.68197
85	-0.207176	1.77287
86	0.333641	1.47347
87	-0.640925	2.12909
88	-1.46935	1.92414
89	-2.05216	1.82554
90	-1.25145	1.85901
91	-1.0124	1.6697
92	-3.11577	1.79537
93	-3.07519	2.067
94	-2.01617	1.30495
95	-3.84297	1.81164
96	4.1237	1.3354
97	2.36577	1.45229
98	0.81449	1.32887
99	1.40085	1.01424
100	1.9847	1.20042
101	2.22787	0.98737
102	1.71731	1.07952
103	1.9636	1.16963
104	1.08676	1.15753
105	0.015304	1.23356
106	1.63433	1.34061
107	0.577528	1.2034
108	1.58776	1.2256
109	2.18129	0.966357
110	2.74984	1.09768
111	2.55664	0.987777
112	-0.58451	1.19669
113	-0.453497	1.28829
114	0.056665	1.01873
115	1.40469	1.07628
116	0.181556	1.24758
117	0.428929	1.66947
118	-0.69711	1.73821
119	0.886234	1.63548
120	-0.828	1.58737
121	-1.06161	1.62073
122	-1.92207	1.48136
123	-0.60353	1.62127
124	0.80012	1.4266
125	-0.271095	1.6736
126	-0.817583	1.55514
127	0.385886	1.52746
128	-1.95778	1.59119
129	0.282083	1.7177
130	-1.38821	1.44277
131	0.62821	1.56296
132	1.50613	1.78087
133	0.124723	1.60356
134	1.3951	1.37555
135	2.43425	1.0347
136	-0.980329	1.55749
137	-1.29346	1.63685
138	-0.463793	1.61103
139	0.347131	1.42827
140	-1.56166	1.6043
141	-3.11331	1.91615
142	-2.00704	1.6588
143	-3.07413	1.85959
144	1.79247	1.67538
145	0.7289	1.52482
146	0.254708	1.0642
147	0.43462	1.0818
148	1.85201	1.13629
149	1.29909	1.26764
150	1.35403	1.23148
151	2.35151	1.07913
152	-0.94847	0.977482
153	0.58729	1.03746
154	0.645328	1.06644
155	1.34613	1.25934
156	1.23988	1.31906
157	3.06446	1.29104
158	1.56669	1.27399
159	2.14215	0.934019
160	2.01832	1.3198
161	2.26733	1.01227
162	1.60059	1.01557
163	-0.385047	1.30225
164	0.806062	1.31736
165	1.15394	1.49354
166	-0.229582	1.52511
167	0.836272	1.54462
168	1.30533	1.84199
169	-0.500036	1.51906
170	-2.33213	1.37267
171	-2.24858	1.54837
172	0.395619	1.45537
173	-0.15098	1.40015
174	1.68156	1.4092
175	-1.19695	1.99323
176	0.410062	1.5179
177	-1.15491	1.75232
178	0.424613	1.74865
179	-1.00311	1.86992
180	1.28899	1.53661
181	1.96347	1.4843
182	-0.498717	1.77184
183	0.052412	1.6414
184	1.22106	1.82306
185	-1.1952	1.6142
186	-0.911565	1.55501
187	2.2367	1.54033
188	-2.61296	1.60932
189	-0.143561	1.579
190	-1.49364	1.57528
191	-2.8669	2.64603
192	2.4821	1.44328
193	2.7597	1.20565
194	0.732057	0.978204
195	1.17291	0.982583
196	1.15087	1.24731
197	1.35561	1.21209
198	0.674851	1.14616
199	2.74257	1.01134
200	0.760559	1.16735
201	2.0418	0.989835
202	0.548469	1.4502
203	-0.863717	1.2355
204	1.9542	1.13416
205	1.3407	1.22436
206	1.28992	1.25352
207	2.60357	1.11694
208	1.91196	0.998985
209	0.657835	1.17243
210	-10.8233	1.28048
211	1.37911	1.26908
212	1.2664	1.1596
213	0.850894	1.42229
214	-0.406913	1.48961
215	0.105696	1.44789
216	-0.17145	1.52174
217	-0.643398	1.55715
218	0.273105	1.41373
219	-1.08821	1.44643
220	0.690077	1.56831
221	-1.21587	1.59239
222	0.790422	1.50708
223	1.81749	1.41164
224	-0.690713	1.59785
225	0.306836	1.48522
226	-1.66215	1.68349
227	-0.616149	1.80786
228	0.35902	1.57196
229	0.920002	1.54371
230	0.197605	1.5786
231	0.402746	1.70369
232	1.68798	1.52178
233	0.552831	1.6667
234	0.298914	1.60094
235	1.85121	1.60316
236	-1.85869	1.71127
237	-0.999923	1.94466
238	-3.16719	1.66057
239	-4.15037	1.99974
240	1.63071	1.51785
241	2.87482	1.36437
242	1.21695	1.09098
243	0.340306	1.23972
244	1.47157	1.15902
245	0.131197	1.44182
246	1.19655	1.24717
247	1.28157	1.16543
248	2.21058	1.20662
249	0.592115	1.25487
250	1.13744	1.18501
251	1.76032	1.06542
252	2.70429	1.03334
253	2.0921	1.01053
254	2.43432	1.14021
255	1.23616	1.146
256	1.45382	1.14809
257	1.9788	1.12555
258	0.924927	1.16915
259	0.859985	1.30403
260	1.69729	1.09141
261	0.051426	1.80441
262	-1.70197	1.80161
263	-0.748149	1.76384
264	-0.370917	1.65634
265	0.459781	1.48287
266	-0.141415	1.66726
267	-2.54716	1.80992
268	1.62083	1.48436
269	1.27862	1.40174
270	0.396101	1.54765
271	1.0113	1.59464
272	-0.920942	1.51348
273	0.487516	1.74672
274	1.76906	1.59089
275	0.630111	1.69332
276	1.33993	1.42009
277	0.411356	1.67479
278	1.41482	1.46701
279	1.18122	1.46492
280	1.94467	1.58863
281	2.15997	1.54217
282	1.23888	1.52968
283	1.3852	1.41056
284	-1.19025	1.48253
285	1.51088	1.58358
286	-3.10349	1.51025
287	-1.71739	1.68007
288	2.90277	1.27686
289	2.40947	1.30623
290	1.50745	1.08947
291	0.683126	1.36267
292	1.31768	1.09215
293	1.65442	1.32237
294	1.05806	1.03144
295	3.48123	1.14683
296	1.21584	1.06078
297	1.8107	1.0117
298	0.405606	0.971478
299	0.790505	1.06802
300	2.31245	1.21981
301	3.75756	0.977552
302	2.85193	1.04198
303	2.22938	1.06053
304	2.45982	1.0875
305	1.47278	0.969802
306	0.0098293	1.17798
307	1.37474	1.05311
308	-1.21336	1.0879
309	-3.36944	1.79994
310	-2.08842	1.59382
311	-2.99746	1.74463
312	0.086198	1.48117
313	-0.236015	1.03161
314	0.370946	1.40587
315	7.91476	1.54349
316	0.129872	1.89301
317	2.52658	0.946022
318	0.304398	1.57995
319	1.85475	1.54277
320	-0.567404	1.41946
321	-1.56945	1.65161
322	-2.12667	1.82929
323	-1.57486	1.58158
324	-0.662728	1.55502
325	0.894799	1.65173
326	0.0361029	1.63407
327	-2.58105	1.61875
328	0.472239	1.46588
329	-1.21037	1.37983
330	-1.6721	1.47818
331	1.01556	1.41833
332	-3.18259	1.62009
333	-2.41745	1.42851
334	-0.41793	1.52335
335	-1.38903	1.92689
336	3.92557	1.28014
337	2.82978	1.29189
338	2.11506	1.08913
339	2.71533	1.18275
340	2.9773	0.953152
341	1.04226	1.41033
342	2.75712	0.952708
343	2.76263	1.02047
344	0.643527	1.10958
345	1.19836	1.22149
346	2.26062	0.967199
347	1.26152	1.08771
348	2.31472	1.15171
349	1.48969	1.02702
350	2.82404	1.05982
351	2.35604	0.999246
352	1.06423	0.947572
353	1.92292	1.06957
354	2.17391	1.18173
355	2.41911	0.991192
356	-0.098055	1.05474
357	-0.518589	1.81138
358	-1.11641	1.41279
359	-3.55859	1.61235
360	1.87197	1.42138
361	-1.31039	1.58205
362	8.15063	1.53371
363	0.895759	1.13736
364	-0.524921	1.65122
365	0.68219	1.57604
366	0.598701	1.7582
367	-0.058888	1.69423
368	-0.697802	1.72261
369	-1.19517	2.14024
370	1.43786	1.48018
371	-1.94574	1.77421
372	2.15649	1.37068
373	2.82534	1.49853
374	1.18117	1.60152
375	2.85411	1.31619
376	0.682826	1.58989
377	3.15201	1.4507
378	1.48662	1.64287
379	0.978784	1.364
380	-0.876604	1.64715
381	-2.25505	1.86416
382	-2.76053	1.61401
383	-2.27732	1.68225
384	0.659027	1.07387
385	0.036476	1.06779
386	3.89136	1.03661
387	1.77326	1.23427
388	-0.196322	1.03066
389	-1.58683	1.06473
390	-1.60322	0.984516
391	-0.345565	0.952663
392	1.91384	1.27321
393	2.74086	1.00573
394	1.40645	0.978688
395	2.16149	1.05826
396	-1.08062	1.06523
397	-0.226116	1.04052
398	-0.993638	1.09048
399	0.482351	0.905957
400	1.70801	1.0074
401	1.03613	0.997293
402	2.97614	0.983598
403	0.783714	1.18926
404	-1.38756	0.994622
405	-1.57565	1.50515
406	-1.93296	1.90193
407	-2.07964	1.39577
408	2.52792	1.43032
409	0.08538	1.75219
410	2.27137	1.47598
411	-0.373902	1.79796
412	-1.45573	1.44631
413	-2.13047	1.50107
414	-0.278842	1.43226
415	-2.51101	1.50059
416	0.319086	1.53329
417	-0.445279	1.62258
418	0.146946	1.54283
419	0.502204	1.4639
420	-1.10504	1.48383
421	-2.6104	1.6263
422	-1.45368	1.427
423	-0.377301	1.45025
424	-4.63572	1.49772
425	-5.20865	1.55828
426	-4.94651	1.3023
427	-4.77039	1.65362
428	-3.61428	1.36451
429	-2.62234	1.58871
430	-5.87253	1.68797
431	-5.33273	1.71075
432	-0.254017	0.998336
433	-0.432188	1.0783
434	2.29934	0.921203
435	0.756345	0.940456
436	0.15969	1.06246
437	-2.44487	1.35647
438	0.230197	1.03672
439	-1.45055	1.24049
440	2.22112	1.00258
441	0.842339	1.55007
442	1.90411	0.963635
443	2.91857	1.10104
444	1.23333	1.01179
445	-0.301948	0.97026
446	0.309401	0.97128
447	-0.582067	1.06132
448	2.30164	0.954129
449	1.83515	1.22237
450	2.99178	0.96972
451	0.35984	1.15197
452	1.50655	1.09518
453	-2.03175	2.05939
454	-2.40395	1.34487
455	-2.25917	1.43516
456	1.08037	1.47861
457	0.96682	1.44199
458	-0.252422	1.66473
459	0.273346	1.68974
460	-1.53113	1.64362
461	-0.975455	1.36226
462	-0.54481	1.56959
463	-2.71636	1.51241
464	0.107236	1.50283
465	0.212193	1.55369
466	-1.56108	1.64308
467	0.021558	2.2137
468	-1.01214	1.57881
469	-0.399527	1.66394
470	-2.10611	1.79607
471	-0.756144	2.30624
472	-4.06315	1.56998
473	-5.3082	1.46305
474	-5.25495	1.41883
475	-5.01546	1.62927
476	-5.65425	1.67818
477	-4.66653	1.66104
478	-5.6294	1.95262
479	-4.91577	1.54392
480	3.87203	1.09837
481	2.14992	0.944864
482	1.38221	0.96456
483	2.86834	1.05796
484	-1.54314	1.20891
485	-0.750848	1.05633
486	-0.851772	0.913969
487	-0.539907	1.07723
488	2.39796	1.3066
489	3.11841	0.957141
490	1.99953	0.988783
491	1.60604	1.07642
492	0.120218	0.997585
493	0.632303	0.981049
494	0.970652	1.02668
495	-0.809843	1.14612
496	2.25099	1.15522
497	2.19071	1.05357
498	1.64613	1.13912
499	2.10281	1.07335
500	1.30164	0.960634
501	-1.8556	1.49037
502	-1.96805	1.3391
503	-1.74746	1.56357
504	1.47277	1.43633
505	1.75477	1.59497
506	-0.310053	1.7093
507	1.32685	1.44692
508	-1.59717	1.54319
509	-2.49902	1.31323
510	-0.934073	1.46616
511	-0.962707	1.58013
512	0.268756	1.72883
513	-0.806717	1.498
514	2.30316	1.60113
515	-0.070806	1.32958
516	-0.733237	1.51943
517	-1.2371	1.37245
518	-1.58297	1.69956
519	-1.32191	2.56797
520	-4.05227	2.43232
521	-5.85121	1.44056
522	-2.75938	1.4159
523	-3.84334	1.40685
524	-3.52739	1.69069
525	-4.6792	1.59138
526	-3.5635	1.35857
527	-2.47382	1.73095
528	3.22738	0.967807
529	2.45102	1.09599
530	0.436872	0.954353
531	0.61097	0.942126
532	-0.001467	1.15868
533	0.507927	1.03065
534	-0.396192	1.03771
535	-1.3844	1.03601
536	0.571911	1.27489
537	0.689972	1.23616
538	2.02028	1.04875
539	1.62842	0.994601
540	-1.29321	1.1697
541	-1.44959	1.11655
542	-2.10051	1.1997
543	0.506813	1.42081
544	3.29554	1.01447
545	3.07692	1.0067
546	0.0790986	0.94319
547	1.34459	1.1004
548	-0.865829	0.980185
549	-2.25272	1.54097
550	-3.01723	1.79853
551	-3.24846	1.60628
552	1.7057	1.4265
553	3.13939	2.0835
554	1.74096	1.68443
555	2.34387	1.49338
556	-0.955418	1.45594
557	-0.802003	1.4566
558	-0.61289	1.70843
559	-0.632159	1.36637
560	-0.007878	1.60254
561	1.64342	1.45493
562	0.538477	1.89039
563	1.77381	1.59812
564	-1.57222	1.49342
565	-0.065119	1.39678
566	-1.37704	1.69322
567	-1.20744	1.45908
568	-3.95937	1.34774
569	-4.41833	1.53429
570	-3.63149	1.4901
571	-4.56243	1.72171
572	-1.51348	1.46391
573	-1.30186	1.5525
574	-4.31906	1.58407
575	-4.38479	1.44215
576	1.87526	0.972569
577	1.45469	1.10955
578	2.52194	1.24703
579	2.88675	1.1057
580	0.237925	0.955701
581	0.407059	1.05712
582	0.543476	0.951553
583	1.02659	1.06504
584	2.27956	1.34346
585	1.20113	1.48225
586	2.74779	0.976061
587	1.53672	1.18852
588	-1.40185	1.24062
589	-0.804523	0.934234
590	1.48922	1.10885
591	0.254291	1.19175
592	2.81309	0.997593
593	0.458107	1.06127
594	2.06141	1.00221
595	2.29349	1.08309
596	0.004816	1.00557
597	-1.79999	1.69839
598	-0.852903	1.51624
599	-1.24005	1.58234
600	1.80777	1.15501
601	1.38697	1.5217
602	1.15654	1.9194
603	2.56188	1.49734
604	-2.14151	2.0812
605	0.368036	1.85116
606	-0.365185	1.67812
607	-0.675605	1.81997
608	0.728258	1.7518
609	-0.922075	1.70687
610	0.568713	1.66014
611	1.21347	1.54456
612	-0.834324	1.61292
613	-1.76294	1.69048
614	-1.28797	1.3494
615	-1.04093	1.39329
616	-3.92651	1.49312
617	-4.54276	1.71094
618	-3.35214	1.48938
619	-3.03283	1.677
620	-3.57791	1.34856
621	-2.62789	1.55391
622	-5.28405	1.51312
623	-4.46199	1.86879
624	2.79838	0.949725
625	2.96421	1.03925
626	3.7202	0.970239
627	2.50734	0.979843
628	0.832208	0.976695
629	1.66991	0.978617
630	0.912511	0.994021
631	-0.752161	1.13838
632	2.23205	1.33351
633	3.26396	1.22609
634	1.82028	1.13001
635	1.8644	1.01198
636	0.112238	1.10763
637	1.50888	1.12029
638	0.785238	1.05228
639	1.62577	1.01229
640	2.86237	0.991598
641	2.42392	0.950555
642	2.47174	1.05297
643	2.55946	1.11763
644	1.63348	1.17286
645	-1.07431	1.54724
646	1.093	2.40085
647	1.28736	2.51415
648	-3.13815	1.33917
649	-2.71554	1.5584
650	-3.5325	1.3967
651	-4.57818	1.64068
652	-1.25262	1.89405
653	-2.49276	1.66384
654	-1.26847	1.68136
655	-0.731279	1.57639
656	-0.12379	1.88111
657	0.480451	1.57749
658	0.599111	1.47276
659	-0.454136	1.35482
660	-1.50743	1.41097
661	-1.13846	1.65897
662	-1.61987	1.45118
663	-0.92203	1.46171
664	-3.87033	1.45572
665	-2.31058	1.5013
666	-3.05702	1.52065
667	-3.34747	1.54693
668	-3.04039	1.50488
669	-4.1346	1.83874
670	-2.06752	1.65989
671	-2.23085	1.41011
672	3.55775	1.06834
673	2.50891	0.955402
674	2.39107	1.03873
675	1.97038	1.05936
676	0.733102	0.92972
677	-0.16251	1.22184
678	0.149396	1.42482
679	-0.560682	1.04599
680	1.8216	1.48338
681	2.82182	1.34662
682	4.02963	1.10116
683	2.94335	1.22765
684	-1.06057	1.10718
685	-1.39981	1.18368
686	-0.01728	0.933864
687	-1.79707	1.23694
688	3.03714	1.11728
689	0.529325	0.947018
690	1.25809	1.41549
691	2.05256	1.3159
692	1.74994	0.983349
693	0.688622	1.5541
694	1.93753	2.44145
695	-0.511227	2.29257
696	-2.69981	1.58308
697	-2.76926	1.45136
698	-3.25061	1.53323
699	-2.85011	1.51366
700	-1.78638	1.81978
701	-0.595008	1.673
702	-1.59841	1.79669
703	-0.849516	1.71162
704	0.569198	1.52925
705	-0.584519	1.84609
706	1.70694	1.14779
707	0.907024	1.62098
708	-1.88447	1.56659
709	-0.00577	1.60064
710	-0.308181	1.69838
711	-1.61689	1.25078
712	-4.71241	1.63771
713	-2.52937	1.33807
714	-3.70674	1.29584
715	-4.54395	1.4621
716	-2.19335	1.34581
717	-2.49584	1.53919
718	-4.10194	1.49086
719	-4.28846	1.86929
720	-0.699187	1.04252
721	-1.13984	1.30831
722	1.51082	1.20728
723	2.83345	0.995525
724	0.067555	1.05706
725	-0.0507383	1.01904
726	-0.972806	1.24714
727	0.160657	1.0773
728	2.32814	1.47296
729	1.35187	1.45069
730	1.50263	1.175
731	3.1374	0.948481
732	-0.955221	1.14891
733	-2.77887	1.16777
734	-1.1957	1.0628
735	-0.86958	1.0638
736	1.71566	1.30944
737	2.49548	1.04334
738	0.0576366	1.20504
739	-0.198794	1.25472
740	0.754685	1.17856
741	0.892755	1.47162
742	1.27856	2.38276
743	2.07421	2.21825
744	-2.34578	1.73129
745	-1.16993	1.47924
746	-3.34657	1.71858
747	-1.8597	1.407
748	0.000597	1.64307
749	-0.243394	1.60588
750	-1.51107	1.78717
751	-0.146553	1.88756
752	-0.141114	1.78213
753	0.211131	1.569
754	-0.897949	1.61976
755	1.30486	1.47878
756	-2.30759	1.63359
757	-1.44201	1.65869
758	-3.88628	1.61504
759	-3.03629	1.45828
760	-5.12309	1.84556
761	-2.85556	1.41177
762	-3.91396	1.79723
763	-4.2346	1.69842
764	-1.87101	1.44386
765	-3.52183	1.87095
766	-2.14783	1.71615
767	-3.92525	1.81321
768	0.0624339	0.955063
769	-0.934002	0.931074
770	0.113709	0.919972
771	-0.825009	1.1006
772	0.48118	1.03392
773	1.25305	1.02619
774	-0.009027	1.00923
775	1.28232	1.05668
776	-1.23739	1.06336
777	0.097123	0.987099
778	-1.78502	1.19089
779	-0.428976	1.13125
780	-1.05388	1.42623
781	1.09069	1.14067
782	-0.504574	1.00377
783	-1.44684	0.950822
784	-1.21423	1.11068
785	-2.0315	1.24621
786	0.092059	0.94609
787	0.258875	0.97841
788	1.1333	1.27919
789	0.005805	1.53189
790	1.59535	2.21416
791	0.709811	2.17319
792	-3.21262	1.53399
793	-2.73665	1.84702
794	-3.16195	1.963
795	-4.23916	1.50747
796	-1.34447	1.59532
797	-0.151989	1.61379
798	-2.74537	1.94289
799	-1.31646	1.57726
800	-2.41531	1.60838
801	-2.44025	1.3806
802	-3.62142	1.81035
803	-3.06314	1.78371
804	-3.38202	1.69356
805	-2.69503	1.84885
806	-1.89575	1.46125
807	-1.2021	1.92568
808	-5.10691	1.41708
809	-4.69899	1.43549
810	-2.6259	2.8729
811	-1.16584	3.01036
812	-4.9934	1.4664
813	-6.28284	1.5516
814	-8.17082	1.70593
815	-5.29664	1.79339
816	-1.26154	1.08878
817	0.305514	1.13606
818	-1.4896	1.21727
819	-0.495119	1.05385
820	0.551885	0.982327
821	1.00955	1.0804
822	0.350967	1.29122
823	0.749225	0.959913
824	-2.11878	1.27639
825	-0.843041	0.994729
826	-0.502504	1.21966
827	-2.06599	1.05556
828	0.36104	1.00998
829	-0.096043	1.13155
830	-0.698053	1.26574
831	0.056502	1.03282
832	1.58469	1.0581
833	-1.80981	1.04076
834	-0.300722	1.04866
835	-1.22646	1.25966
836	-0.386235	1.20335
837	0.043595	1.50294
838	0.28344	2.47149
839	1.22381	2.13029
840	-1.85442	1.87902
841	-2.54953	1.8388
842	-4.0319	1.70611
843	-2.02065	1.30488
844	-0.758143	1.59914
845	-0.796288	2.11149
846	-1.07912	1.47616
847	-3.4441	2.00526
848	-2.94705	1.80846
849	-1.86486	1.46199
850	-2.55939	1.646
851	-2.15064	1.72774
852	0.654129	0.967348
853	-2.35489	1.63779
854	-2.27056	1.72247
855	-0.828464	1.6455
856	-4.48438	1.59506
857	-3.72658	1.47934
858	-0.38154	2.98109
859	-4.40947	2.37182
860	-11.4069	1.37417
861	-6.7389	2.03733
862	-6.21925	1.43227
863	-5.12517	1.41101
864	-0.588081	0.883476
865	-0.365467	0.938996
866	-0.669819	1.41606
867	0.367764	1.01968
868	0.600637	0.863506
869	-0.755843	1.19549
870	0.756462	1.03335
871	0.457866	1.14212
872	-1.08151	1.19627
873	-1.86887	1.18438
874	-1.51738	1.15121
875	-1.1768	1.07359
876	-2.30769	1.09245
877	0.530943	1.25247
878	-1.2394	1.15111
879	-1.71623	1.1157
880	-0.621645	0.999389
881	-2.4858	1.31045
882	0.841353	1.00641
883	-1.3576	0.985012
884	-0.198048	1.05523
885	-1.36743	1.9065
886	0.538524	2.54646
887	2.05281	2.35105
888	-1.85844	1.6722
889	-1.9499	1.80662
890	-4.85015	2.09614
891	-3.9414	1.47338
892	-1.83601	1.94359
893	-2.50552	1.77321
894	-0.868611	1.96252
895	-4.18371	1.66785
896	-3.08608	1.7882
897	-2.85496	1.50966
898	-3.14086	2.22345
899	-2.0062	1.42051
900	-0.718099	1.51858
901	-1.32265	1.71473
902	-1.31392	1.7354
903	-1.41945	1.79775
904	-4.51191	1.73368
905	-4.52182	1.4761
906	-1.37403	3.12804
907	-1.5201	3.4427
908	-4.27434	1.71323
909	-4.73344	1.22371
910	-6.63	1.63773
911	-5.89823	1.8282
912	-0.610951	1.15773
913	-0.123672	1.03545
914	-1.73749	1.3112
915	0.157386	0.981799
916	1.04641	1.01926
917	0.356704	1.17995
918	0.853889	1.04527
919	0.895487	1.38208
920	-0.954591	1.07069
921	-0.426343	1.22803
922	-0.500905	1.30981
923	1.22195	1.06219
924	0.822968	1.39537
925	0.615194	1.27133
926	1.09668	1.00545
927	0.918883	1.19935
928	1.62539	1.14093
929	-0.0983028	1.2804
930	-0.263107	1.14795
931	-2.56304	1.10379
932	-0.473168	1.27499
933	-0.619616	2.58483
934	2.42603	2.348
935	0.918982	2.46417
936	-2.04656	1.92317
937	-0.926845	1.80865
938	-3.06745	1.31727
939	-2.54433	1.83757
940	-0.653263	1.80813
941	-1.29381	1.99469
942	-2.06746	1.62486
943	-0.516722	1.84046
944	-2.52063	1.58606
945	-1.37946	1.68865
946	-1.1418	1.36368
947	-1.58427	1.87099
948	-0.501743	1.44548
949	-1.21923	1.57732
950	-0.344107	1.38644
951	-1.2191	1.47815
952	-4.00196	1.65929
953	-4.08746	1.6273
954	-3.9284	2.27306
955	-1.0919	2.85389
956	-4.02222	1.37566
957	-5.60858	1.52336
958	-5.25077	1.53338
959	-5.21851	1.84343
960	-0.720032	1.22582
961	-1.72758	1.07621
962	-0.317849	1.02852
963	-0.176322	0.920697
964	1.48204	1.06935
965	1.23996	1.3952
966	-0.860048	1.31939
967	0.434959	1.02275
968	0.772912	1.00123
969	0.217241	1.1232
970	0.041499	1.20377
971	-1.13788	1.37991
972	-2.58953	1.31235
973	0.53054	1.20795
974	-0.726774	1.03765
975	-1.7259	1.18931
976	-0.195242	1.16968
977	-1.68283	1.19666
978	-2.03977	1.11699
979	-1.67132	1.19306
980	-0.423273	1.14337
981	-1.96938	1.66942
982	-1.70375	1.62801
983	-0.530625	1.88802
984	-3.29944	1.73482
985	-2.13069	1.82704
986	-1.5997	1.68956
987	-1.89695	1.58003
988	-0.291582	1.67784
989	0.578711	1.75611
990	-1.84328	1.64302
991	-1.12427	1.48414
992	-4.43997	1.60982
993	-4.61146	1.65342
994	-3.38584	2.0391
995	-4.33639	2.35878
996	-3.13382	1.66741
997	-4.77258	1.43359
998	-4.20718	1.44706
999	-5.98836	1.72326
1000	-0.620795	0.93999
1001	0.783803	0.94134
1002	1.69474	0.874215
1003	0.853809	1.01949
1004	0.886866	0.904869
1005	2.17685	1.06882
1006	1.71403	1.12033
1007	2.69682	0.959685
1008	0.455745	1.24415
1009	0.474163	0.985246
1010	0.987647	0.91278
1011	0.48837	0.946632
1012	2.28202	1.08338
1013	0.085235	1.34475
1014	-0.611994	1.42522
1015	-1.90889	1.18348
1016	0.449321	1.20643
1017	0.441689	0.968694
1018	-0.841816	1.17727
1019	-0.116237	1.06349
1020	0.771864	0.993556
1021	0.082419	1.7103
1022	-0.57272	1.45866
1023	-0.838826	1.33782
1024	-0.872396	1.51762
1025	-1.29027	1.39267
1026	-1.84584	1.33246
1027	-1.10977	1.56897
1028	-1.68234	1.50774
1029	-0.676245	1.81659
1030	0.705901	1.60437
1031	-1.31251	1.5995
1032	-4.41736	1.44456
1033	-3.85345	1.52783
1034	-4.80209	2.27411
1035	-2.45682	2.10546
1036	-3.60872	1.65034
1037	-5.22495	1.63674
1038	-6.03	1.51774
1039	-5.98939	1.34802
1040	0.484909	0.941928
1041	0.390407	0.98692
1042	1.1778	1.11767
1043	0.595294	1.24894
1044	-1.28245	1.13178
1045	-1.3249	1.23977
1046	1.09388	0.961541
1047	0.762497	1.22611
1048	-0.010678	1.02122
1049	0.307988	0.981737
1050	0.368975	1.08463
1051	0.308923	1.14512
1052	-0.255958	1.25566
1053	1.05597	1.12114
1054	0.465376	1.3203
1055	1.44508	1.12752
1056	0.349155	0.971123
1057	-1.29754	1.28277
1058	0.924417	1.34177
1059	-0.414	1.25716
1060	0.328384	1.21168
1061	-1.25758	1.97745
1062	-1.42203	1.71948
1063	-0.830885	1.83878
1064	-1.81432	1.98424
1065	-0.94786	1.56152
1066	0.124441	1.49296
1067	-2.09812	1.54789
1068	-0.60607	1.80189
1069	-1.39523	1.8934
1070	-1.65913	1.88042
1071	-0.865288	1.61684
1072	-3.5196	1.6101
1073	-3.0983	1.53653
1074	-4.42044	2.41563
1075	-2.76783	1.98805
1076	-3.58166	1.32755
1077	-2.57108	1.38376
1078	-5.47696	1.36153
1079	-4.4166	1.33976
1080	3.19629	0.968634
1081	1.82309	1.00852
1082	0.059598	1.11126
1083	1.06383	0.968784
1084	2.55432	1.1522
1085	1.32532	0.965021
1086	-0.276969	1.00031
1087	1.55274	0.936611
1088	-0.185059	1.16232
1089	0.214701	0.990024
1090	0.278624	1.03198
1091	0.807729	1.12147
1092	0.743445	1.18396
1093	2.19401	1.03597
1094	0.740976	1.06366
1095	0.856424	1.20561
1096	-0.068731	1.18959
1097	-0.559206	1.24723
1098	-0.067238	0.977797
1099	-1.71086	1.31862
1100	0.3917	2.01022
1101	-0.657458	2.00194
1102	-2.21709	2.12015
1103	-0.800788	1.1572
1104	-3.47764	1.74217
1105	-2.1851	1.67019
1106	-0.436049	1.59072
1107	-1.78322	1.84644
1108	-1.37926	1.88968
1109	-0.226595	0.92227
1110	-0.979023	1.60181
1111	-2.10211	1.86681
1112	-3.45422	1.71123
1113	-3.4567	1.49859
1114	-3.20119	2.33439
1115	-4.25978	2.43292
1116	-1.82546	1.65553
1117	-3.09399	1.60081
1118	-5.47485	1.34796
1119	-5.12615	1.43912
1120	2.08112	0.962948
1121	1.97578	0.949161
1122	2.86482	0.95315
1123	1.20267	1.08998
1124	4.53005	1.18022
1125	3.54927	1.01484
1126	0.756052	1.11182
1127	1.05518	0.984189
1128	-0.235929	1.106
1129	1.43109	1.00426
1130	0.278132	1.29989
1131	1.05911	1.04041
1132	2.55321	1.04327
1133	2.47894	1.13729
1134	3.19743	1.0895
1135	1.86472	0.96388
1136	0.819005	1.13512
1137	1.2353	1.05013
1138	0.292319	0.938735
1139	0.011533	1.02673
1140	0.427856	1.66122
1141	0.109741	1.85953
1142	1.37218	1.51373
1143	-0.209887	1.90663
1144	-0.52508	1.9363
1145	-1.6056	2.09486
1146	-0.647278	1.68166
1147	0.336148	1.74106
1148	2.0019	1.5823
1149	0.514991	1.49346
1150	-0.807754	1.51255
1151	-0.751352	1.56637
1152	-0.226905	1.44113
1153	-2.60896	1.85717
1154	-0.148678	1.58891
1155	1.02701	1.32666
1156	0.130983	1.45873
1157	-1.65958	1.5897
1158	3.00138	1.41667
1159	1.69666	1.36465
1160	1.81579	1.23057
1161	2.62852	1.06236
1162	1.13086	0.938203
1163	0.930179	0.918143
1164	2.12063	0.999159
1165	1.76968	1.11212
1166	0.778151	1.15909
1167	0.700803	1.11888
1168	0.983654	0.993847
1169	0.129725	0.912725
1170	1.1177	1.27048
1171	0.727514	1.22971
1172	2.32479	0.975514
1173	3.14463	1.1133
1174	3.51756	1.03317
1175	3.30255	1.01465
1176	0.385794	1.13384
1177	1.48354	1.01607
1178	0.711801	1.39061
1179	0.201774	1.03172
1180	1.9018	1.19151
1181	0.347278	1.53142
1182	-0.992372	1.66866
1183	-0.392562	1.82187
1184	-0.037713	1.44891
1185	-1.47932	1.71627
1186	-1.12652	1.59338
1187	-0.850138	1.69338
1188	0.35266	1.37621
1189	0.965363	1.86388
1190	2.51776	1.48641
1191	1.20728	1.68005
1192	0.29031	1.37878
1193	0.110616	1.5231
1194	-1.84288	1.62044
1195	0.718998	1.42215
1196	2.83885	1.70091
1197	1.58438	1.50101
1198	0.756544	1.49548
1199	2.75846	1.60216
1200	0.972692	0.898827
1201	1.48856	0.947905
1202	0.60955	0.945166
1203	1.42309	0.970951
1204	3.40201	0.964308
1205	2.3237	1.0588
1206	0.880697	0.950358
1207	0.802702	1.23212
1208	1.11755	1.05489
1209	0.533259	1.05634
1210	-0.042397	1.27949
1211	0.823822	1.14563
1212	0.938161	0.983959
1213	1.94885	1.28553
1214	1.99594	1.32468
1215	1.82626	1.02194
1216	1.24556	1.13764
1217	0.280761	1.37024
1218	-0.449182	1.10686
1219	0.13382	0.983873
1220	-0.610131	0.922074
1221	-2.44642	1.66908
1222	-0.0422438	2.00995
1223	0.543006	1.71504
1224	0.024697	1.47938
1225	-1.26245	1.86165
1226	-1.51836	1.4376
1227	-0.232147	0.996035
1228	1.00194	1.43143
1229	0.837245	1.77601
1230	1.04936	1.52077
1231	1.84613	1.45158
1232	-0.396081	1.65866
1233	-0.358995	1.39804
1234	1.76943	1.50065
1235	-0.150671	1.34515
1236	0.813952	1.46965
1237	2.05084	1.38655
1238	2.43436	1.51691
1239	1.90657	1.53837
1240	0.040194	1.23111
1241	0.813113	0.965775
1242	1.42532	0.982785
1243	-0.0290696	1.03297
1244	2.58507	1.00966
1245	1.56639	0.987643
1246	1.87183	1.00275
1247	1.3454	1.13915
1248	-0.103686	1.03258
1249	0.5443	1.43738
1250	0.553262	1.38414
1251	0.137902	1.64484
1252	1.29594	1.10297
1253	2.71093	0.946732
1254	1.57868	1.0153
1255	1.13154	1.17758
1256	1.28418	0.992372
1257	1.16011	1.02174
1258	1.98617	0.980406
1259	0.12994	1.1848
1260	0.200053	1.68983
1261	0.228819	1.74646
1262	0.02128	1.71474
1263	-2.66779	1.83457
1264	-0.754567	1.49713
1265	-1.29437	1.61389
1266	-1.01066	1.77607
1267	-1.25615	1.49051
1268	0.293522	1.35936
1269	0.734218	1.49966
1270	-0.951928	1.82209
1271	-0.032836	1.46252
1272	-0.222388	1.42519
1273	-0.009929	1.53215
1274	0.508398	1.39555
1275	-0.0745814	1.74192
1276	1.18627	1.51121
1277	0.410523	1.69404
1278	1.44639	1.45329
1279	1.65895	1.58608
1280	1.14587	1.05994
1281	2.05771	1.03953
1282	2.49308	1.01639
1283	0.167083	1.00647
1284	3.45712	1.05706
1285	3.56634	0.980871
1286	2.55157	0.971769
1287	2.41004	0.931018
1288	0.774217	0.979892
1289	0.707208	0.984118
1290	0.549192	1.12107
1291	0.904707	1.08734
1292	2.81328	0.993642
1293	3.02784	0.917056
1294	0.795448	1.39542
1295	2.03412	1.23701
1296	1.32226	1.13403
1297	1.44195	1.00352
1298	-1.11727	1.11147
1299	-0.739493	0.98104
1300	1.68965	1.14548
1301	1.40545	1.42691
1302	0.62962	1.4169
1303	1.14242	1.20981
1304	-0.112493	1.06286
1305	0.821047	1.30001
1306	-0.429108	1.43391
1307	-0.762041	1.18935
1308	-0.065025	1.62632
1309	-0.918466	1.68671
1310	-0.344579	1.66563
1311	-0.893942	1.73663
1312	-0.933359	1.63867
1313	0.802522	1.56942
1314	-1.0594	1.5339
1315	-2.01226	2.00157
1316	0.882111	1.49228
1317	0.270964	1.39773
1318	0.88952	1.46612
1319	-1.20577	1.69515
1320	-0.116493	1.65831
1321	0.24216	1.58388
1322	-1.00076	1.79959
1323	0.004404	1.88793
1324	1.16327	1.36635
1325	0.67626	1.57298
1326	1.80475	0.857121
1327	2.59499	1.41579
1328	0.556629	0.951173
1329	0.61675	0.989171
1330	1.65626	0.895969
1331	0.558848	0.894127
1332	2.89637	1.33689
1333	2.09344	1.01334
1334	1.60478	0.917548
1335	1.3072	1.12389
1336	-1.90521	1.28487
1337	-1.86073	1.34792
1338	1.20349	1.0225
1339	0.258042	1.07792
1340	0.909495	1.07644
1341	1.92693	0.955481
1342	1.6592	0.905268
1343	1.49539	1.21711
1344	-0.57441	1.03002
1345	1.36491	1.0621
1346	0.496816	1.04613
1347	-0.517638	1.07202
1348	2.42132	1.0315
1349	2.77351	1.18267
1350	2.17543	1.14738
1351	2.99053	1.50006
1352	1.25873	1.00347
1353	-0.129635	1.00561
1354	-2.00897	1.42394
1355	-1.64867	0.9873
1356	0.175929	1.41233
1357	0.866222	1.74352
1358	0.379744	1.47972
1359	0.087326	1.75089
1360	-1.92761	1.63026
1361	-2.46545	1.92796
1362	-0.501058	1.53822
1363	-0.792403	1.70005
1364	-1.0617	1.75985
1365	-0.239984	1.82998
1366	0.499014	1.50284
1367	1.00314	1.79463
1368	0.750873	1.41833
1369	0.204069	1.83983
1370	0.34449	1.29785
1371	-0.294226	1.75663
1372	0.0744343	1.44754
1373	0.154681	1.46728
1374	1.44967	1.26871
1375	0.533002	1.98567
1376	1.09141	0.957175
1377	1.58649	0.963458
1378	1.80555	0.957873
1379	1.07097	0.991597
1380	1.05277	1.15037
1381	2.04782	1.06548
1382	0.790939	1.04497
1383	0.09192	0.979612
1384	-0.752987	1.16726
1385	-0.499778	1.04231
1386	0.98543	0.968396
1387	1.9638	1.08011
1388	0.252497	1.08173
1389	1.7785	0.91665
1390	1.19934	0.99366
1391	1.26116	0.985171
1392	1.04827	1.04559
1393	0.817408	1.05578
1394	-0.0289062	1.11552
1395	1.05521	0.980821
1396	2.39628	0.986608
1397	2.29055	0.974479
1398	1.77886	1.19275
1399	2.67747	1.11413
1400	-0.451046	1.00708
1401	-1.55125	1.0038
1402	-0.232965	1.06085
1403	1.20866	1.05878
1404	1.07098	1.74904
1405	-2.18284	1.70058
1406	0.144128	1.64241
1407	0.128883	1.65356
1408	-0.085948	1.60574
1409	-0.292066	1.48543
1410	-1.30441	1.3936
1411	-1.73089	1.7877
1412	0.431166	1.54639
1413	0.592544	1.55555
1414	-0.936025	1.52974
1415	-2.23901	1.62344
1416	-0.909606	1.77392
1417	-0.820546	1.70457
1418	-0.931165	1.45297
1419	-0.705215	1.38817
1420	-0.607083	1.99771
1421	-0.122934	1.40092
1422	1.39437	1.6639
1423	1.557	1.45074
1424	0.548435	0.989556
1425	1.70793	0.938197
1426	-0.719374	1.23865
1427	0.0030119	1.10025
1428	1.74707	0.949698
1429	2.04025	1.09437
1430	1.56785	1.04707
1431	0.192479	1.0247
1432	0.128832	0.935653
1433	-1.23741	1.18846
1434	0.832393	0.960885
1435	0.060904	1.18859
1436	-0.033017	1.03097
1437	1.65703	1.06353
1438	1.6647	0.992486
1439	1.44799	1.00421
1440	-0.002471	0.897698
1441	0.822097	1.09388
1442	-0.67247	1.01761
1443	-1.45632	1.29374
1444	2.03084	0.937698
1445	1.97374	1.13867
1446	1.40541	1.36278
1447	1.62155	1.08995
1448	0.143081	1.26901
1449	0.274521	1.14906
1450	0.591391	0.945338
1451	-0.670046	0.95236
1452	1.16944	0.898662
1453	-0.264281	1.91159
1454	-1.64433	1.69487
1455	0.042673	1.52658
1456	-0.319584	1.83034
1457	-0.038029	1.69902
1458	-1.90823	1.45367
1459	-2.17517	1.7705
1460	-1.8373	1.92068
1461	-0.095701	1.95763
1462	1.11547	1.85495
1463	-0.063959	1.81579
1464	-0.242523	1.51184
1465	-1.08424	1.4011
1466	-1.91194	1.47635
1467	-2.18208	1.49864
1468	-0.382915	1.41308
1469	0.488682	1.52827
1470	3.13286	1.36591
1471	0.364638	1.69369
1472	1.08499	1.10694
1473	1.71997	1.03992
1474	2.45998	1.08258
1475	2.68465	1.22638
1476	-0.644794	1.09217
1477	0.202135	1.03725
1478	0.0762409	1.04337
1479	0.589073	1.06947
1480	1.17417	1.10778
1481	0.943665	1.23551
1482	1.73009	1.1578
1483	1.47012	1.27272
1484	0.774724	1.00364
1485	-0.229933	1.19349
1486	-0.0646432	1.15541
1487	-0.68296	1.10951
1488	2.40523	1.03187
1489	3.16797	1.1741
1490	0.950204	1.05482
1491	1.22653	1.00576
1492	0.694916	0.944488
1493	1.47627	1.00153
1494	1.54488	1.03143
1495	1.46742	1.13366
1496	1.41263	1.11649
1497	0.334293	1.10942
1498	-0.509624	1.05362
1499	-0.000338	0.973901
1500	-2.99193	1.6116
1501	-2.00353	1.45272
1502	-0.433774	1.3215
1503	0.004232	1.55165
1504	0.716143	1.65864
1505	1.51271	1.36643
1506	-0.358903	1.41644
1507	0.646269	1.91533
1508	-1.0995	1.34682
1509	-0.507069	1.52545
1510	-0.231484	1.05256
1511	-1.46417	1.89524
1512	0.499528	1.34167
1513	0.880042	1.52957
1514	-0.550175	1.49104
1515	1.84458	1.86479
1516	-0.103491	1.41721
1517	-0.46651	1.46356
1518	-0.61798	2.86655
1519	0.852455	2.82862
1520	2.99321	1.02591
1521	1.69897	1.22692
1522	1.37056	1.07076
1523	1.01842	1.10421
1524	-2.85928	1.14447
1525	-0.131336	1.01281
1526	0.835346	1.13162
1527	-0.060129	1.05871
1528	2.55256	1.23468
1529	1.58682	1.12951
1530	0.814596	1.18539
1531	1.13703	1.24002
1532	-0.048777	0.941259
1533	1.18768	1.11923
1534	-0.295535	1.05827
1535	0.447714	1.00586
1536	2.20748	1.10571
1537	2.84378	1.11244
1538	3.27968	1.2305
1539	2.1975	1.07406
1540	2.69067	0.969303
1541	1.39444	1.00924
1542	0.31278	1.06834
1543	1.99751	1.20927
1544	-0.115909	0.966493
1545	0.786833	0.968672
1546	-1.71201	1.12296
1547	-0.388781	1.13959
1548	-2.88547	1.60577
1549	-1.09528	1.45916
1550	-1.79146	1.53401
1551	1.53906	1.49528
1552	0.485088	1.42333
1553	0.144688	1.49912
1554	1.13335	1.34533
1555	1.39175	1.51568
1556	-1.29461	1.3797
1557	-0.670816	1.44448
1558	-1.27276	1.64526
1559	-0.413318	1.4461
1560	1.05086	1.47016
1561	0.812495	1.27007
1562	1.38939	1.59018
1563	1.11408	1.43318
1564	-1.26177	1.35437
1565	0.029813	1.4517
1566	1.00279	2.97125
1567	-0.49982	2.74276
1568	2.32461	1.1637
1569	2.38757	1.12113
1570	2.17113	1.14861
1571	2.61645	1.14633
1572	-0.163947	1.04099
1573	0.530623	1.10324
1574	0.57458	1.20716
1575	-0.33076	1.07546
1576	2.61046	1.11999
1577	2.36947	1.11202
1578	1.96055	1.11321
1579	3.43568	1.11992
1580	1.15014	1.01804
1581	-0.968043	1.23221
1582	0.043522	1.04944
1583	1.13715	1.18678
1584	3.11674	1.06472
1585	3.75717	1.1027
1586	2.17587	1.07118
1587	2.04946	1.01664
1588	1.9866	1.03609
1589	0.158119	1.05638
1590	1.78867	0.867922
1591	1.16946	1.11601
1592	1.06606	0.9923
1593	1.34215	1.24862
1594	-0.708866	1.01242
1595	-1.97539	1.08266
1596	-2.99017	1.50301
1597	-1.30604	1.53481
1598	-0.940669	1.36867
1599	-2.22629	1.4384
1600	0.162493	1.83561
1601	0.470893	1.37533
1602	0.965998	1.65614
1603	0.017421	1.65038
1604	-1.14756	1.56826
1605	-1.2777	1.41515
1606	-2.1858	1.60863
1607	-1.94609	1.58483
1608	1.29312	1.40088
1609	1.64412	1.46071
1610	0.637552	1.68126
1611	2.05593	1.62367
1612	1.19533	0.925083
1613	-1.10474	1.39816
1614	0.87583	3.06979
1615	-0.265277	1.8558
1616	2.37494	1.04661
1617	1.67951	1.2836
1618	1.05048	0.977494
1619	1.35623	1.02133
1620	0.638813	1.01907
1621	-1.79564	1.41586
1622	-0.145782	1.00799
1623	0.089796	1.21532
1624	1.73022	1.05523
1625	2.08253	1.03854
1626	0.83685	1.05662
1627	1.80479	1.26301
1628	-1.12709	1.03228
1629	-2.68013	1.11383
1630	1.07909	0.940256
1631	0.169189	1.12759
1632	0.712245	1.03981
1633	1.26392	1.05624
1634	3.05109	0.946261
1635	0.665631	1.17613
1636	-0.524754	1.16152
1637	-0.026855	1.01026
1638	-0.078299	1.13543
1639	-0.465708	0.97055
1640	3.69571	1.10246
1641	2.23735	1.02628
1642	1.20184	1.4632
1643	0.637403	0.884532
1644	-1.29303	1.3535
1645	-0.412619	1.3313
1646	-1.04857	1.42769
1647	-3.35188	2.05827
1648	0.038156	1.52832
1649	0.652168	1.54969
1650	0.324574	1.36841
1651	0.961029	1.65846
1652	-1.01404	1.71048
1653	1.10986	0.984914
1654	-2.42644	1.43246
1655	-1.08805	1.64812
1656	1.40759	1.7367
1657	1.0663	1.41647
1658	1.0258	1.63617
1659	0.273298	1.46106
1660	-0.631121	1.46448
1661	-0.334584	1.39826
1662	-0.1507	3.01857
1663	-0.34548	2.63068
1664	1.58091	1.0357
1665	1.21203	1.05174
1666	1.65311	1.10748
1667	0.02413	1.07263
1668	-0.557625	1.07855
1669	-1.20678	1.23329
1670	-0.2956	1.02342
1671	0.419197	1.15358
1672	3.029	1.21001
1673	2.98179	1.04885
1674	2.44531	1.05347
1675	3.40734	1.13195
1676	0.805805	1.17951
1677	0.540136	1.00705
1678	-0.030176	1.15454
1679	0.228918	0.990439
1680	2.29496	1.04425
1681	2.43884	1.1414
1682	1.51717	1.03624
1683	0.678352	1.19431
1684	1.36049	1.02065
1685	0.253346	1.02974
1686	-0.481168	0.998415
1687	-0.236853	0.970701
1688	-4.63727	1.37779
1689	3.36381	0.914072
1690	0.82342	1.10244
1691	2.65625	0.934722
1692	-1.50971	1.3961
1693	-2.77098	1.41746
1694	-1.99844	1.33223
1695	-1.05401	1.40345
1696	1.84132	1.65624
1697	1.58502	1.48446
1698	0.595265	1.42812
1699	1.17358	1.44511
1700	-2.00888	1.57018
1701	-1.69406	1.47459
1702	-0.316214	1.55167
1703	-1.64403	1.48931
1704	2.08719	1.55686
1705	1.85599	1.57369
1706	2.16245	1.44864
1707	0.736631	1.40258
1708	-1.14153	1.46676
1709	0.625502	1.39672
1710	0.62252	2.94449
1711	0.19626	3.08367
1712	3.17302	1.13288
1713	2.37772	0.948464
1714	2.44618	1.11483
1715	1.6211	1.1309
1716	-0.951472	1.12521
1717	-0.44526	1.0827
1718	0.779556	1.19733
1719	-0.91461	1.11426
1720	2.59323	1.04068
1721	1.86298	1.03083
1722	2.5707	1.08718
1723	2.626	1.16167
1724	-0.923471	1.19476
1725	-0.32742	1.0431
1726	0.0883117	1.07046
1727	-1.23259	0.985546
1728	2.99747	0.996279
1729	1.69877	1.19247
1730	1.64938	1.10634
1731	1.23634	1.04562
1732	-0.015319	1.01073
1733	-0.066859	1.08266
1734	1.3122	1.15252
1735	0.006825	1.15851
1736	2.253	1.00852
1737	2.12554	1.04155
1738	2.35212	0.953849
1739	2.55655	0.935469
1740	-1.95219	1.41846
1741	-1.91446	1.39374
1742	-2.30811	1.42742
1743	0.094111	1.40937
1744	0.888382	1.58802
1745	1.19173	1.55033
1746	-0.255826	1.56279
1747	0.740115	1.52819
1748	-1.34662	1.37179
1749	-1.41902	1.50813
1750	-1.19465	1.45975
1751	-0.621248	1.46598
1752	0.426321	1.5311
1753	1.49384	1.49767
1754	-0.297697	1.48745
1755	-0.371379	1.55534
1756	-1.49435	1.48505
1757	-1.84608	1.72432
1758	0.57414	2.89969
1759	0.17042	2.86207
1760	1.24449	1.05969
1761	1.49631	1.15245
1762	2.15103	1.09823
1763	2.60729	1.06559
1764	-0.339755	1.10317
1765	0.12128	1.33308
1766	1.25387	1.1571
1767	-0.675066	1.05327
1768	3.62134	1.22193
1769	1.75235	1.10372
1770	2.31095	1.17814
1771	0.771599	1.13439
1772	-0.114149	1.0623
1773	-0.474275	1.12634
1774	-0.281742	1.06455
1775	0.118475	1.16869
1776	2.07877	1.07333
1777	0.318853	1.19091
1778	1.60879	0.989872
1779	0.563543	1.05441
1780	1.06711	1.0884
1781	0.201587	0.986516
1782	0.180845	1.26897
1783	0.509073	1.07848
1784	2.53213	0.906148
1785	1.60886	0.938144
1786	3.77891	0.929023
1787	2.85371	1.09639
1788	-1.90429	1.34439
1789	-2.37535	1.56174
1790	-2.06201	1.98568
1791	0.004486	1.42245
1792	0.596647	1.45059
1793	1.96701	1.27498
1794	-1.53394	1.4186
1795	0.319304	1.57756
1796	-1.91261	1.46576
1797	-1.25755	1.40247
1798	-1.07408	1.80236
1799	-1.57249	2.34329
1800	1.16538	1.50356
1801	1.51667	1.59106
1802	0.595309	1.61811
1803	1.11902	1.53908
1804	-1.54568	1.47472
1805	-1.3774	1.44238
1806	-1.2275	2.84144
1807	-0.04802	2.59477
1808	2.43772	1.07733
1809	0.581714	1.03307
1810	1.31571	1.05849
1811	1.82304	1.0258
1812	-0.002009	1.0142
1813	-0.02439	1.08863
1814	1.64473	1.16174
1815	-0.257445	1.06575
1816	0.469523	1.21639
1817	0.143327	1.13639
1818	1.21409	1.12401
1819	-0.357211	1.22812
1820	-0.717867	1.04711
1821	-1.08377	0.983041
1822	-0.277407	1.1367
1823	-0.530048	1.1236
1824	0.639965	1.21486
1825	2.04683	1.11244
1826	0.764952	1.11031
1827	0.056192	1.07082
1828	-0.58149	1.09759
1829	-0.394403	0.990105
1830	-1.08634	1.42293
1831	-0.295894	1.14136
1832	2.24261	0.870579
1833	1.86979	0.933597
1834	2.8515	0.912229
1835	2.7299	1.12634
1836	-2.34692	1.49165
1837	-2.52707	1.43624
1838	-0.405973	1.55256
1839	-1.43346	1.34224
1840	2.28732	1.47156
1841	-0.610866	1.49033
1842	0.262303	1.39096
1843	0.587025	1.39417
1844	-3.73496	1.99289
1845	-3.12886	1.62085
1846	-1.24002	1.50816
1847	-1.19849	1.58543
1848	0.520791	1.51217
1849	1.34154	1.59393
1850	0.048024	1.49666
1851	0.786503	1.43273
1852	-0.90381	1.43403
1853	-0.959931	1.3965
1854	-0.33524	2.97589
1855	0.92732	2.99441
1856	-0.727384	1.22949
1857	-0.940392	1.05121
1858	0.935877	0.976502
1859	0.59646	0.922813
1860	1.51134	0.94652
1861	0.929728	1.10052
1862	0.695098	3.22488
1863	1.49221	1.12369
1864	0.316029	1.26214
1865	0.114821	1.18756
1866	-0.131636	0.957387
1867	0.074232	1.07837
1868	2.70781	1.01722
1869	4.15853	1.163
1870	0.435765	1.00691
1871	1.77647	1.13004
1872	1.11606	1.19718
1873	2.21856	1.02744
1874	-1.08719	1.188
1875	-0.856735	1.05019
1876	0.263604	1.21278
1877	1.17731	1.04117
1878	-0.000145	1.05074
1879	0.325887	0.982032
1880	0.249941	1.09605
1881	2.62709	0.99222
1882	1.8962	0.973993
1883	-0.783634	1.13246
1884	-1.58656	1.68638
1885	1.34042	1.49414
1886	-0.205679	1.64446
1887	-0.036541	1.47287
1888	-0.317116	1.34825
1889	0.667371	1.54712
1890	0.222451	1.50672
1891	-1.38283	1.46233
1892	1.0328	1.69329
1893	0.899946	1.62605
1894	2.56966	1.70827
1895	2.77182	1.4747
1896	-1.32161	1.41066
1897	-0.495529	1.65335
1898	-1.82482	2.44092
1899	-1.978	2.28112
1900	0.616417	1.32607
1901	1.82091	1.53081
1902	-0.7148	1.4402
1903	3.01795	0.899658
1904	1.18149	1.11631
1905	1.23268	0.966129
1906	0.141175	1.18374
1907	-0.735296	1.20874
1908	1.74186	0.928518
1909	1.16644	0.932289
1910	2.04126	0.988677
1911	0.713315	1.21304
1912	-1.08739	1.08946
1913	0.976935	0.991838
1914	0.144693	0.980327
1915	0.432701	1.09827
1916	-0.33231	1.2453
1917	0.442537	1.02828
1918	0.849325	1.2543
1919	-0.477624	1.12087
1920	0.120795	1.09076
1921	1.01268	1.03445
1922	0.181896	1.00708
1923	-0.692188	0.987514
1924	-2.20066	1.13431
1925	-1.2893	1.07317
1926	0.743551	0.972018
1927	-0.537442	1.24534
1928	0.168562	1.21187
1929	2.08692	0.943597
1930	0.477059	0.974285
1931	1.59047	1.09653
1932	-0.800336	1.61405
1933	1.16772	1.37286
1934	1.25848	1.37519
1935	1.34319	1.64525
1936	-0.271289	1.40392
1937	-0.728748	1.48571
1938	-1.43145	1.64066
1939	-0.585	1.53984
1940	2.1249	1.37709
1941	1.26121	1.74298
1942	1.3336	1.84656
1943	1.64435	1.5439
1944	-2.01898	1.7374
1945	0.451096	1.61111
1946	-0.96426	1.50703
1947	1.33257	1.35207
1948	2.39231	1.54504
1949	0.688853	1.47564
1950	-1.60767	1.80063
1951	1.43463	1.56147
1952	1.61068	1.11106
1953	0.157587	1.05504
1954	0.26041	1.01885
1955	0.298551	1.05203
1956	1.82098	1.04048
1957	2.36941	1.04459
1958	0.922923	0.992087
1959	0.948192	1.00583
1960	-0.405811	1.01449
1961	1.5183	1.11145
1962	-0.425689	0.952709
1963	0.669461	1.03542
1964	2.11595	1.06139
1965	0.423189	1.01905
1966	1.35247	1.00242
1967	1.34431	0.963566
1968	1.09645	1.00378
1969	0.326665	1.14363
1970	0.122911	1.03284
1971	0.247899	1.04136
1972	-0.145465	0.977694
1973	2.09577	0.987863
1974	-0.198905	1.05665
1975	0.505228	1.10505
1976	0.0634684	0.966904
1977	-0.408794	1.02453
1978	0.12324	0.994441
1979	-0.624877	0.915405
1980	1.76631	1.62417
1981	1.04014	1.45096
1982	0.341197	1.51148
1983	0.330069	1.44141
1984	-1.17522	1.44401
1985	-0.346025	1.53785
1986	-0.765861	0.981673
1987	-0.606941	1.03824
1988	0.545792	1.56527
1989	0.0871823	1.67921
1990	1.57813	1.53235
1991	1.33336	1.5652
1992	-1.22999	1.42982
1993	-1.49288	1.49088
1994	-1.93285	1.38665
1995	0.603968	1.54638
1996	0.00035	1.53787
1997	0.151783	1.34464
1998	0.517273	1.38466
1999	0.696605	1.62945
2000	-0.73332	1.10484
2001	-0.345464	1.09568
2002	-0.400727	0.987499
2003	-0.057703	0.906366
2004	0.732899	1.03593
2005	1.67698	0.997975
2006	0.060856	1.35923
2007	0.170133	1.01641
2008	0.25628	1.00132
2009	-0.518433	1.08736
2010	0.160015	1.01301
2011	0.361972	1.07809
2012	0.666113	1.14042
2013	0.063576	1.16126
2014	0.220672	1.02563
2015	0.681947	1.08042
2016	-1.82349	1.06708
2017	0.081154	0.992996
2018	-0.582332	1.16009
2019	-1.46124	0.98842
2020	0.702786	1.05147
2021	1.5689	1.0297
2022	0.230036	1.07879
2023	2.03698	1.01646
2024	0.0115664	1.06556
2025	-1.20106	1.02024
2026	0.760156	1.11754
2027	-0.499708	1.22766
2028	-0.339824	1.51296
2029	-0.481533	1.81771
2030	-1.34918	1.47389
2031	-1.21707	1.43451
2032	-1.82201	1.40782
2033	-2.76308	1.4027
2034	-2.3289	1.55424
2035	-2.34359	1.44512
2036	-0.428578	1.63074
2037	0.636013	1.63845
2038	0.617047	1.68135
2039	1.26448	1.7329
2040	-1.79265	1.46431
2041	-0.772439	1.61419
2042	-1.83237	1.57581
2043	-1.96856	1.55189
2044	-1.2235	1.48937
2045	0.940262	1.48365
2046	-0.698131	1.53728
2047	-0.27309	1.58513
2048	-0.602446	1.05597
2049	-1.41366	1.22198
2050	-0.189484	1.0363
2051	-0.206261	0.934776
2052	1.57083	1.08997
2053	1.01581	0.94497
2054	1.96508	1.14185
2055	0.876	1.01618
2056	0.563959	1.29266
2057	1.25172	1.05309
2058	1.23135	0.961251
2059	-0.043843	1.12413
2060	-1.66749	1.19229
2061	0.814631	0.991656
2062	1.36967	1.07164
2063	0.817756	1.02688
2064	0.091345	1.0767
2065	1.84517	1.10673
2066	0.490516	1.05226
2067	-0.542698	1.01918
2068	1.68475	1.02371
2069	1.05968	1.05266
2070	1.3555	1.13889
2071	1.99853	1.07745
2072	1.88095	0.953949
2073	-0.471017	0.972967
2074	0.59676	1.12328
2075	1.79438	1.10942
2076	-1.08577	1.61035
2077	-1.12408	1.45277
2078	1.05133	1.73143
2079	0.816364	1.40675
2080	-0.738908	1.47681
2081	-1.86467	1.51338
2082	-2.31545	1.48411
2083	-2.88659	1.64676
2084	-0.512818	1.97927
2085	0.75419	1.92566
2086	2.55748	1.64166
2087	1.86653	1.58163
2088	-1.32989	1.45713
2089	-1.85276	1.62621
2090	-2.13399	1.52184
2091	-0.646626	1.46495
2092	-0.040857	1.45996
2093	0.02639	1.48264
2094	-0.670045	1.67076
2095	0.511745	2.03098
2096	-0.839916	1.09277
2097	-0.92823	1.00228
2098	-1.96894	1.23116
2099	-0.506312	0.92897
2100	1.88607	1.0107
2101	0.428224	0.954567
2102	0.634296	1.06738
2103	0.65231	1.02032
2104	0.818971	1.05923
2105	-0.32561	1.03966
2106	-1.24776	1.12105
2107	0.819696	1.03502
2108	0.274025	1.00802
2109	0.185123	0.954704
2110	0.844353	1.01898
2111	0.179637	1.03625
2112	-0.869357	1.06476
2113	1.81417	2.19473
2114	-1.53953	1.12264
2115	-2.78919	1.27964
2116	0.28183	1.01661
2117	1.58237	1.00396
2118	-0.324583	1.09853
2119	0.260099	1.11474
2120	-0.065112	1.03711
2121	-0.634663	0.961336
2122	0.866263	0.998271
2123	-1.6388	1.04286
2124	0.549796	1.55907
2125	0.851133	1.54542
2126	0.56097	1.46894
2127	1.21659	1.39979
2128	-1.28813	1.92424
2129	-1.28892	1.45644
2130	-3.41782	1.50588
2131	-1.78706	1.60522
2132	0.117897	1.75149
2133	1.00392	1.65969
2134	1.61214	1.58471
2135	0.091096	1.71042
2136	-2.3033	1.62387
2137	-1.24698	1.36034
2138	-2.61104	1.66683
2139	-1.33731	1.70084
2140	0.076911	1.68593
2141	0.063616	1.51162
2142	-2.43974	1.63348
2143	0.005456	1.67982
2144	-0.943231	1.0868
2145	0.885503	0.942813
2146	-0.764744	1.00971
2147	-0.8331	0.976531
2148	0.461629	0.984046
2149	0.930154	1.00425
2150	-0.07906	1.16358
2151	0.085899	1.04908
2152	-1.29177	1.12094
2153	-0.497095	1.2651
2154	-0.553476	1.14217
2155	-0.151516	1.18779
2156	0.432677	1.05936
2157	1.26435	1.0357
2158	0.0695776	1.12725
2159	-0.047759	1.01374
2160	-0.199535	1.09238
2161	-1.26655	1.35923
2162	-1.40275	1.05294
2163	-1.65389	1.07116
2164	-0.33336	0.990592
2165	0.250279	1.12885
2166	2.17446	1.10437
2167	1.06919	1.24401
2168	-3.11089	1.21011
2169	-1.58586	1.03471
2170	-0.825888	1.04788
2171	-0.142602	1.03506
2172	-1.16579	1.56116
2173	-0.259576	1.64281
2174	0.579166	2.08152
2175	1.9054	1.48549
2176	-2.25657	1.51996
2177	-2.83125	1.78591
2178	-1.08591	1.54928
2179	-1.00394	1.62295
2180	1.36426	1.68926
2181	-0.04242	1.65635
2182	0.092983	1.50228
2183	2.16999	1.80643
2184	-1.89522	1.59595
2185	-1.18098	1.57723
2186	-2.38795	1.74043
2187	-2.74719	1.173
2188	-0.434542	1.42577
2189	-0.853684	1.89063
2190	0.657566	1.13846
2191	0.451665	1.7012
2192	-1.55755	0.979518
2193	-0.738267	0.971062
2194	-0.292222	1.21798
2195	-1.30552	1.12024
2196	-0.599965	1.25459
2197	0.604447	1.0998
2198	10.3115	1.16156
2199	9.49842	1.16606
2200	0.647969	1.05228
2201	-1.39687	0.950359
2202	-1.09744	0.991476
2203	-1.40348	1.06849
2204	0.082955	1.02683
2205	1.32701	1.00196
2206	0.433363	0.965656
2207	0.510853	1.06982
2208	-2.21197	1.41425
2209	-1.4987	1.10453
2210	-1.08778	0.983869
2211	-0.30872	1.10841
2212	0.432006	0.937402
2213	0.172712	1.09341
2214	0.213056	1.10619
2215	0.813534	1.13992
2216	-1.50704	1.05908
2217	-1.24457	1.19887
2218	0.589088	0.952077
2219	0.312817	1.01352
2220	0.197015	1.62771
2221	-1.95887	1.88935
2222	1.05788	0.928736
2223	0.826468	1.12696
2224	-2.05401	1.54724
2225	-3.17232	1.53045
2226	-1.49433	1.77131
2227	-3.77183	1.61186
2228	-0.697546	1.73582
2229	-0.600906	1.55242
2230	1.971	1.65839
2231	0.257961	1.87614
2232	-1.21365	1.39877
2233	1.28522	1.82791
2234	-2.40544	1.34445
2235	-2.49402	1.38874
2236	0.543931	1.52648
2237	-0.092508	1.40889
2238	0.017231	1.50827
2239	-0.600819	1.87401
2240	0	65535
2241	0	65535
2242	0	65535
2243	0	65535
2244	0	65535
2245	0	65535
2246	0	65535
2247	0	65535
2248	0	65535
2249	0	65535
2250	0	65535
2251	0	65535
2252	0	65535
2253	0	65535
2254	0	65535
2255	0	65535
2256	0	65535
2257	0	65535
2258	0	65535
2259	0	65535
2260	0	65535
2261	0	65535
2262	0	65535
2263	0	65535
2264	0	65535
2265	0	65535
2266	0	65535
2267	0	65535
2268	0	65535
2269	0	65535
2270	0	65535
2271	0	65535
2272	0	65535
2273	0	65535
2274	0	65535
2275	0	65535
2276	0	65535
2277	0	65535
2278	0	65535
2279	0	65535
2280	0	65535
2281	0	65535
2282	0	65535
2283	0	65535
2284	0	65535
2285	0	65535
2286	0	65535
2287	0	65535
2288	0	65535
2289	0	65535
2290	0	65535
2291	0	65535
2292	0	65535
2293	0	65535
2294	0	65535
2295	0	65535
2296	0	65535
2297	0	65535
2298	0	65535
2299	0	65535
2300	0	65535
2301	0	65535
2302	0	65535
2303	0	65535
2304	0	65535
2305	0	65535
2306	0	65535
2307	0	65535
2308	0	65535
2309	0	65535
2310	0	65535
2311	0	65535
2312	0	65535
2313	0	65535
2314	0	65535
2315	0	65535
2316	0	65535
2317	0	65535
2318	0	65535
2319	0	65535
2320	0	65535
2321	0	65535
2322	0	65535
2323	0	65535
2324	0	65535
2325	0	65535
2326	0	65535
2327	0	65535
2328	0	65535
2329	0	65535
2330	0	65535
2331	0	65535
2332	0	65535
2333	0	65535
2334	0	65535
2335	0	65535
2336	0	65535
2337	0	65535
2338	0	65535
2339	0	65535
2340	0	65535
2341	0	65535
2342	0	65535
2343	0	65535
2344	0	65535
2345	0	65535
2346	0	65535
2347	0	65535
2348	0	65535
2349	0	65535
2350	0	65535
2351	0	65535
2352	0	65535
2353	0	65535
2354	0	65535
2355	0	65535
2356	0	65535
2357	0	65535
2358	0	65535
2359	0	65535
2360	20.4119	1.34567
2361	17.457	1.48421
2362	20.4037	1.06717
2363	20.0725	1.36991
2364	18.279	1.60127
2365	17.0319	1.00306
2366	15.546	0.974195
2367	16.8687	1.02642
2368	16.0515	1.173
2369	18.7246	1.81614
2370	16.856	1.56601
2371	13.9458	1.00731
2372	14.3351	0.90675
2373	13.7955	0.882221
2374	17.4683	0.776077
2375	16.6841	1.00609
2376	17.6056	0.901886
2377	16.5908	1.72917
2378	16.3901	0.918153
2379	18.4716	0.841707
2380	15.8124	0.858306
2381	17.2427	0.932724
2382	17.5652	0.920183
2383	15.2122	1.01941
2384	19.4305	0.9868
2385	17.0562	0.94043
2386	19.9836	1.66371
2387	13.8437	0.80697
2388	16.653	0.954756
2389	16.9055	0.818229
2390	15.9467	0.948371
2391	16.5639	0.790329
2392	18.7689	0.859206
2393	19.6404	0.982151
2394	17.541	0.794387
2395	21.8758	1.74428
2396	16.4307	0.854199
2397	14.4451	0.793024
2398	16.7497	0.79671
2399	14.1143	0.896723
2400	10.5227	0.998673
2401	14.9945	0.929369
2402	18.7924	1.1273
2403	18.4873	0.820727
2404	17.3241	0.914978
2405	18.2808	0.988785
2406	17.978	1.69776
2407	16.0845	0.802996
2408	13.182	0.857732
2409	13.4904	0.946155
2410	13.2752	0.87118
2411	14.3296	0.919025
2412	15.1883	0.919707
2413	14.7069	0.953
2414	19.246	0.823268
2415	16.1464	1.19379
2416	16.7885	0.981656
2417	20.0831	1.65269
2418	17.854	0.891591
2419	16.9546	0.80402
2420	18.2306	0.829184
2421	16.9392	1.08325
2422	16.3119	0.845737
2423	17.3653	0.878093
2424	20.573	1.22818
2425	18.1182	0.76698
2426	17.8824	0.933273
2427	17.8049	0.934963
2428	16.0535	1.05862
2429	19.7552	0.841614
2430	18.9495	0.866449
2431	15.2356	0.971026
2432	19.3762	0.820421
2433	16.7557	0.83898
2434	15.4597	1.38425
2435	17.0483	0.951046
2436	18.4406	0.96422
2437	18.7869	0.896006
2438	16.2958	0.965591
2439	17.5879	0.950716
2440	17.5317	0.83485
2441	19.9522	0.828899
2442	17.5855	0.846181
2443	15.9842	0.907302
2444	15.8965	0.864057
2445	13.9916	0.996826
2446	17.496	0.827032
2447	15.1703	1.15186
2448	17.6315	0.909614
2449	19.0298	0.734071
2450	13.5661	0.859034
2451	19.784	1.11576
2452	17.3517	0.926561
2453	18.7556	0.889571
2454	15.7414	0.927967
2455	0	65535
2456	19.471	0.816658
2457	16.1146	0.881004
2458	16.5163	0.879687
2459	17.493	0.935401
2460	16.4299	1.0552
2461	18.2687	0.818123
2462	19.2473	1.12018
2463	18.3947	0.760496
2464	18.9831	0.930687
2465	19.8275	0.817787
2466	16.7127	1.12199
2467	15.0804	1.00037
2468	15.9749	0.935218
2469	19.0203	0.961592
2470	15.5178	1.11581
2471	15.8354	0.857707
2472	17.9568	0.823122
2473	19.799	0.836459
2474	19.2515	0.72622
2475	17.172	0.806324
2476	17.3812	0.800727
2477	17.8137	0.957984
2478	18.8933	0.772469
2479	17.4013	0.772778
2480	18.3195	0.912998
2481	18.8008	0.785133
2482	18.9109	0.897509
2483	17.2478	0.913394
2484	17.4149	0.920897
2485	20.612	1.04454
2486	19.3261	0.88053
2487	20.0762	1.26016
2488	20.1462	0.936836
2489	20.5196	0.894629
2490	17.9758	0.882901
2491	15.4315	0.893463
2492	20.0456	0.806085
2493	18.5259	0.827452
2494	15.5242	0.993622
2495	17.1215	1.00238
2496	18.7351	0.951272
2497	17.461	0.946351
2498	20.7419	0.82876
2499	19.5623	0.762063
2500	20.2294	0.837115
2501	19.788	0.803493
2502	18.4213	0.880112
2503	19.1852	0.878967
2504	18.9567	0.917791
2505	18.1942	0.949083
2506	15.8708	0.927717
2507	19.1189	0.805978
2508	18.3507	0.919871
2509	21.1287	0.835846
2510	18.8504	0.831927
2511	19.5847	0.829791
2512	19.7105	0.816164
2513	19.8551	0.849174
2514	17.5716	0.97263
2515	19.5695	0.964007
2516	18.584	0.823936
2517	16.7301	0.786793
2518	17.7457	0.93552
2519	16.4603	1.05594
2520	18.5129	0.97391
2521	16.9027	0.878934
2522	19.3228	0.784176
2523	19.0169	0.986548
2524	21.0039	0.827203
2525	19.2134	0.927832
2526	17.6344	0.961996
2527	18.5958	0.893416
2528	18.5843	0.781714
2529	16.6505	0.871583
2530	17.723	0.87845
2531	18.0153	0.748993
2532	20.1524	1.07717
2533	18.1546	0.875339
2534	20.2403	0.828873
2535	19.5556	0.778918
2536	18.5139	0.876773
2537	18.9342	0.930544
2538	18.914	1.02984
2539	14.2668	0.870539
2540	18.5824	0.765234
2541	17.4059	0.805572
2542	18.0209	0.96982
2543	16.3486	0.853806
2544	13.9014	0.938495
2545	15.2615	0.976961
2546	16.0687	0.913731
2547	18.4151	0.708543
2548	17.0682	0.871384
2549	18.393	0.816184
2550	15.2115	0.960652
2551	20.3296	0.868731
2552	17.8987	1.13912
2553	17.1208	0.920462
2554	17.1712	0.930115
2555	14.7266	0.920079
2556	16.4025	0.869289
2557	16.9546	0.913653
2558	16.9567	0.885293
2559	17.9226	0.737871
2560	17.0485	0.866644
2561	16.9259	0.93662
2562	17.2544	1.0002
2563	20.0032	0.928402
2564	16.3461	0.932008
2565	15.217	0.800557
2566	15.4052	0.894591
2567	15.5427	0.792119
2568	16.8872	0.842153
2569	17.0949	0.828012
2570	16.3947	0.83246
2571	16.1932	0.810362
2572	15.55	0.931087
2573	16.694	0.925433
2574	15.1269	0.927089
2575	16.4318	0.954063
2576	16.4077	0.843623
2577	14.7479	0.814287
2578	19.0095	1.10073
2579	16.5979	0.968498
2580	17.3961	0.739613
2581	14.0857	1.23862
2582	15.9897	0.934528
2583	13.162	0.849618
2584	16.4031	0.90446
2585	16.6256	0.947043
2586	14.0865	1.03555
2587	14.3052	1.0965
2588	15.4008	1.03197
2589	16.9356	0.906436
2590	15.3926	0.83439
2591	15.2838	0.853062
2592	18.0622	0.979634
2593	17.736	1.11058
2594	15.2154	0.955221
2595	16.9707	0.963556
2596	0	65535
2597	0	65535
2598	0	65535
2599	0	65535
2600	0	65535
2601	0	65535
2602	0	65535
2603	0	65535
2604	0	65535
2605	0	65535
2606	0	65535
2607	0	65535
2608	0	65535
2609	0	65535
2610	0	65535
2611	0	65535
2612	0	65535
2613	0	65535
2614	0	65535
2615	0	65535
2616	0	65535
2617	0	65535
2618	0	65535
2619	0	65535
2620	0	65535
2621	0	65535
2622	0	65535
2623	0	65535
2624	0	65535
2625	0	65535
2626	0	65535
2627	0	65535
2628	0	65535
2629	0	65535
2630	0	65535
2631	0	65535
2632	0	65535
2633	0	65535
2634	0	65535
2635	0	65535
2636	0	65535
2637	0	65535
2638	0	65535
2639	0	65535
2640	0	65535
2641	0	65535
2642	0	65535
2643	0	65535
2644	0	65535
2645	0	65535
2646	0	65535
2647	0	65535
2648	0	65535
2649	0	65535
2650	0	65535
2651	0	65535
2652	0	65535
2653	0	65535
2654	0	65535
2655	0	65535
2656	0	65535
2657	0	65535
2658	0	65535
2659	0	65535
2660	0	65535
2661	0	65535
2662	0	65535
2663	0	65535
2664	0	65535
2665	0	65535
2666	0	65535
2667	0	65535
2668	0	65535
2669	0	65535
2670	0	65535
2671	0	65535
2672	0	65535
2673	0	65535
2674	0	65535
2675	0	65535
2676	0	65535
2677	0	65535
2678	0	65535
2679	0	65535
2680	0	65535
2681	0	65535
2682	0	65535
2683	0	65535
2684	0	65535
2685	0	65535
2686	0	65535
2687	0	65535
2688	0	65535
2689	0	65535
2690	0	65535
2691	0	65535
2692	0	65535
2693	0	65535
2694	0	65535
2695	0	65535
2696	0	65535
2697	0	65535
2698	0	65535
2699	0	65535
2700	0	65535
2701	0	65535
2702	0	65535
2703	0	65535
2704	0	65535
2705	0	65535
2706	0	65535
2707	0	65535
2708	0	65535
2709	0	65535
2710	0	65535
2711	0	65535
2712	0	65535
2713	0	65535
2714	0	65535
2715	0	65535
