2716
0 9999.000000 9999.000000
1 9999.000000 9999.000000
2 9999.000000 9999.000000
3 9999.000000 9999.000000
4 9999.000000 9999.000000
5 9999.000000 9999.000000
6 9999.000000 9999.000000
7 9999.000000 9999.000000
8 9999.000000 9999.000000
9 9999.000000 9999.000000
10 9999.000000 9999.000000
11 9999.000000 9999.000000
12 9999.000000 9999.000000
13 9999.000000 9999.000000
14 9999.000000 9999.000000
15 9999.000000 9999.000000
16 9999.000000 9999.000000
17 9999.000000 9999.000000
18 9999.000000 9999.000000
19 9999.000000 9999.000000
20 9999.000000 9999.000000
21 9999.000000 9999.000000
22 9999.000000 9999.000000
23 9999.000000 9999.000000
24 9999.000000 9999.000000
25 9999.000000 9999.000000
26 9999.000000 9999.000000
27 9999.000000 9999.000000
28 9999.000000 9999.000000
29 9999.000000 9999.000000
30 9999.000000 9999.000000
31 9999.000000 9999.000000
32 9999.000000 9999.000000
33 9999.000000 9999.000000
34 9999.000000 9999.000000
35 9999.000000 9999.000000
36 9999.000000 9999.000000
37 9999.000000 9999.000000
38 9999.000000 9999.000000
39 9999.000000 9999.000000
40 9999.000000 9999.000000
41 9999.000000 9999.000000
42 9999.000000 9999.000000
43 9999.000000 9999.000000
44 9999.000000 9999.000000
45 9999.000000 9999.000000
46 9999.000000 9999.000000
47 9999.000000 9999.000000
48 9999.000000 9999.000000
49 9999.000000 9999.000000
50 9999.000000 9999.000000
51 9999.000000 9999.000000
52 9999.000000 9999.000000
53 9999.000000 9999.000000
54 9999.000000 9999.000000
55 9999.000000 9999.000000
56 9999.000000 9999.000000
57 9999.000000 9999.000000
58 9999.000000 9999.000000
59 9999.000000 9999.000000
60 9999.000000 9999.000000
61 9999.000000 9999.000000
62 9999.000000 9999.000000
63 9999.000000 9999.000000
64 9999.000000 9999.000000
65 9999.000000 9999.000000
66 9999.000000 9999.000000
67 9999.000000 9999.000000
68 9999.000000 9999.000000
69 9999.000000 9999.000000
70 9999.000000 9999.000000
71 9999.000000 9999.000000
72 9999.000000 9999.000000
73 9999.000000 9999.000000
74 9999.000000 9999.000000
75 9999.000000 9999.000000
76 9999.000000 9999.000000
77 9999.000000 9999.000000
78 9999.000000 9999.000000
79 9999.000000 9999.000000
80 9999.000000 9999.000000
81 9999.000000 9999.000000
82 9999.000000 9999.000000
83 9999.000000 9999.000000
84 9999.000000 9999.000000
85 9999.000000 9999.000000
86 9999.000000 9999.000000
87 9999.000000 9999.000000
88 9999.000000 9999.000000
89 9999.000000 9999.000000
90 9999.000000 9999.000000
91 9999.000000 9999.000000
92 9999.000000 9999.000000
93 9999.000000 9999.000000
94 9999.000000 9999.000000
95 9999.000000 9999.000000
96 9999.000000 9999.000000
97 9999.000000 9999.000000
98 9999.000000 9999.000000
99 9999.000000 9999.000000
100 9999.000000 9999.000000
101 9999.000000 9999.000000
102 9999.000000 9999.000000
103 9999.000000 9999.000000
104 9999.000000 9999.000000
105 9999.000000 9999.000000
106 9999.000000 9999.000000
107 9999.000000 9999.000000
108 9999.000000 9999.000000
109 9999.000000 9999.000000
110 9999.000000 9999.000000
111 9999.000000 9999.000000
112 9999.000000 9999.000000
113 9999.000000 9999.000000
114 9999.000000 9999.000000
115 9999.000000 9999.000000
116 9999.000000 9999.000000
117 9999.000000 9999.000000
118 9999.000000 9999.000000
119 9999.000000 9999.000000
120 9999.000000 9999.000000
121 9999.000000 9999.000000
122 9999.000000 9999.000000
123 9999.000000 9999.000000
124 9999.000000 9999.000000
125 9999.000000 9999.000000
126 9999.000000 9999.000000
127 9999.000000 9999.000000
128 9999.000000 9999.000000
129 9999.000000 9999.000000
130 9999.000000 9999.000000
131 9999.000000 9999.000000
132 9999.000000 9999.000000
133 9999.000000 9999.000000
134 9999.000000 9999.000000
135 9999.000000 9999.000000
136 9999.000000 9999.000000
137 9999.000000 9999.000000
138 9999.000000 9999.000000
139 9999.000000 9999.000000
140 9999.000000 9999.000000
141 9999.000000 9999.000000
142 9999.000000 9999.000000
143 9999.000000 9999.000000
144 9999.000000 9999.000000
145 9999.000000 9999.000000
146 9999.000000 9999.000000
147 9999.000000 9999.000000
148 9999.000000 9999.000000
149 9999.000000 9999.000000
150 9999.000000 9999.000000
151 9999.000000 9999.000000
152 9999.000000 9999.000000
153 9999.000000 9999.000000
154 9999.000000 9999.000000
155 9999.000000 9999.000000
156 9999.000000 9999.000000
157 9999.000000 9999.000000
158 9999.000000 9999.000000
159 9999.000000 9999.000000
160 9999.000000 9999.000000
161 9999.000000 9999.000000
162 9999.000000 9999.000000
163 9999.000000 9999.000000
164 9999.000000 9999.000000
165 9999.000000 9999.000000
166 9999.000000 9999.000000
167 9999.000000 9999.000000
168 9999.000000 9999.000000
169 9999.000000 9999.000000
170 9999.000000 9999.000000
171 9999.000000 9999.000000
172 9999.000000 9999.000000
173 9999.000000 9999.000000
174 9999.000000 9999.000000
175 9999.000000 9999.000000
176 9999.000000 9999.000000
177 9999.000000 9999.000000
178 9999.000000 9999.000000
179 9999.000000 9999.000000
180 9999.000000 9999.000000
181 9999.000000 9999.000000
182 9999.000000 9999.000000
183 9999.000000 9999.000000
184 9999.000000 9999.000000
185 9999.000000 9999.000000
186 9999.000000 9999.000000
187 9999.000000 9999.000000
188 9999.000000 9999.000000
189 9999.000000 9999.000000
190 9999.000000 9999.000000
191 9999.000000 9999.000000
192 9999.000000 9999.000000
193 9999.000000 9999.000000
194 9999.000000 9999.000000
195 9999.000000 9999.000000
196 9999.000000 9999.000000
197 9999.000000 9999.000000
198 9999.000000 9999.000000
199 9999.000000 9999.000000
200 9999.000000 9999.000000
201 9999.000000 9999.000000
202 9999.000000 9999.000000
203 9999.000000 9999.000000
204 9999.000000 9999.000000
205 9999.000000 9999.000000
206 9999.000000 9999.000000
207 9999.000000 9999.000000
208 9999.000000 9999.000000
209 9999.000000 9999.000000
210 9999.000000 9999.000000
211 9999.000000 9999.000000
212 9999.000000 9999.000000
213 9999.000000 9999.000000
214 9999.000000 9999.000000
215 9999.000000 9999.000000
216 9999.000000 9999.000000
217 9999.000000 9999.000000
218 9999.000000 9999.000000
219 9999.000000 9999.000000
220 9999.000000 9999.000000
221 9999.000000 9999.000000
222 9999.000000 9999.000000
223 9999.000000 9999.000000
224 9999.000000 9999.000000
225 9999.000000 9999.000000
226 9999.000000 9999.000000
227 9999.000000 9999.000000
228 9999.000000 9999.000000
229 9999.000000 9999.000000
230 9999.000000 9999.000000
231 9999.000000 9999.000000
232 9999.000000 9999.000000
233 9999.000000 9999.000000
234 9999.000000 9999.000000
235 9999.000000 9999.000000
236 9999.000000 9999.000000
237 9999.000000 9999.000000
238 9999.000000 9999.000000
239 9999.000000 9999.000000
240 9999.000000 9999.000000
241 9999.000000 9999.000000
242 9999.000000 9999.000000
243 9999.000000 9999.000000
244 9999.000000 9999.000000
245 9999.000000 9999.000000
246 9999.000000 9999.000000
247 9999.000000 9999.000000
248 9999.000000 9999.000000
249 9999.000000 9999.000000
250 9999.000000 9999.000000
251 9999.000000 9999.000000
252 9999.000000 9999.000000
253 9999.000000 9999.000000
254 9999.000000 9999.000000
255 9999.000000 9999.000000
256 9999.000000 9999.000000
257 9999.000000 9999.000000
258 9999.000000 9999.000000
259 9999.000000 9999.000000
260 9999.000000 9999.000000
261 9999.000000 9999.000000
262 9999.000000 9999.000000
263 9999.000000 9999.000000
264 9999.000000 9999.000000
265 9999.000000 9999.000000
266 9999.000000 9999.000000
267 9999.000000 9999.000000
268 9999.000000 9999.000000
269 9999.000000 9999.000000
270 9999.000000 9999.000000
271 9999.000000 9999.000000
272 9999.000000 9999.000000
273 9999.000000 9999.000000
274 9999.000000 9999.000000
275 9999.000000 9999.000000
276 9999.000000 9999.000000
277 9999.000000 9999.000000
278 9999.000000 9999.000000
279 9999.000000 9999.000000
280 9999.000000 9999.000000
281 9999.000000 9999.000000
282 9999.000000 9999.000000
283 9999.000000 9999.000000
284 9999.000000 9999.000000
285 9999.000000 9999.000000
286 9999.000000 9999.000000
287 9999.000000 9999.000000
288 9999.000000 9999.000000
289 9999.000000 9999.000000
290 9999.000000 9999.000000
291 9999.000000 9999.000000
292 9999.000000 9999.000000
293 9999.000000 9999.000000
294 9999.000000 9999.000000
295 9999.000000 9999.000000
296 9999.000000 9999.000000
297 9999.000000 9999.000000
298 9999.000000 9999.000000
299 9999.000000 9999.000000
300 9999.000000 9999.000000
301 9999.000000 9999.000000
302 9999.000000 9999.000000
303 9999.000000 9999.000000
304 9999.000000 9999.000000
305 9999.000000 9999.000000
306 9999.000000 9999.000000
307 9999.000000 9999.000000
308 9999.000000 9999.000000
309 9999.000000 9999.000000
310 9999.000000 9999.000000
311 9999.000000 9999.000000
312 9999.000000 9999.000000
313 9999.000000 9999.000000
314 9999.000000 9999.000000
315 9999.000000 9999.000000
316 9999.000000 9999.000000
317 9999.000000 9999.000000
318 9999.000000 9999.000000
319 9999.000000 9999.000000
320 9999.000000 9999.000000
321 9999.000000 9999.000000
322 9999.000000 9999.000000
323 9999.000000 9999.000000
324 9999.000000 9999.000000
325 9999.000000 9999.000000
326 9999.000000 9999.000000
327 9999.000000 9999.000000
328 9999.000000 9999.000000
329 9999.000000 9999.000000
330 9999.000000 9999.000000
331 9999.000000 9999.000000
332 9999.000000 9999.000000
333 9999.000000 9999.000000
334 9999.000000 9999.000000
335 9999.000000 9999.000000
336 9999.000000 9999.000000
337 9999.000000 9999.000000
338 9999.000000 9999.000000
339 9999.000000 9999.000000
340 9999.000000 9999.000000
341 9999.000000 9999.000000
342 9999.000000 9999.000000
343 9999.000000 9999.000000
344 9999.000000 9999.000000
345 9999.000000 9999.000000
346 9999.000000 9999.000000
347 9999.000000 9999.000000
348 9999.000000 9999.000000
349 9999.000000 9999.000000
350 9999.000000 9999.000000
351 9999.000000 9999.000000
352 9999.000000 9999.000000
353 9999.000000 9999.000000
354 9999.000000 9999.000000
355 9999.000000 9999.000000
356 9999.000000 9999.000000
357 9999.000000 9999.000000
358 9999.000000 9999.000000
359 9999.000000 9999.000000
360 9999.000000 9999.000000
361 9999.000000 9999.000000
362 9999.000000 9999.000000
363 9999.000000 9999.000000
364 9999.000000 9999.000000
365 9999.000000 9999.000000
366 9999.000000 9999.000000
367 9999.000000 9999.000000
368 9999.000000 9999.000000
369 9999.000000 9999.000000
370 9999.000000 9999.000000
371 9999.000000 9999.000000
372 9999.000000 9999.000000
373 9999.000000 9999.000000
374 9999.000000 9999.000000
375 9999.000000 9999.000000
376 9999.000000 9999.000000
377 9999.000000 9999.000000
378 9999.000000 9999.000000
379 9999.000000 9999.000000
380 9999.000000 9999.000000
381 9999.000000 9999.000000
382 9999.000000 9999.000000
383 9999.000000 9999.000000
384 9999.000000 9999.000000
385 9999.000000 9999.000000
386 9999.000000 9999.000000
387 9999.000000 9999.000000
388 9999.000000 9999.000000
389 9999.000000 9999.000000
390 9999.000000 9999.000000
391 9999.000000 9999.000000
392 9999.000000 9999.000000
393 9999.000000 9999.000000
394 9999.000000 9999.000000
395 9999.000000 9999.000000
396 9999.000000 9999.000000
397 9999.000000 9999.000000
398 9999.000000 9999.000000
399 9999.000000 9999.000000
400 9999.000000 9999.000000
401 9999.000000 9999.000000
402 9999.000000 9999.000000
403 9999.000000 9999.000000
404 9999.000000 9999.000000
405 9999.000000 9999.000000
406 9999.000000 9999.000000
407 9999.000000 9999.000000
408 9999.000000 9999.000000
409 9999.000000 9999.000000
410 9999.000000 9999.000000
411 9999.000000 9999.000000
412 9999.000000 9999.000000
413 9999.000000 9999.000000
414 9999.000000 9999.000000
415 9999.000000 9999.000000
416 9999.000000 9999.000000
417 9999.000000 9999.000000
418 9999.000000 9999.000000
419 9999.000000 9999.000000
420 9999.000000 9999.000000
421 9999.000000 9999.000000
422 9999.000000 9999.000000
423 9999.000000 9999.000000
424 9999.000000 9999.000000
425 9999.000000 9999.000000
426 9999.000000 9999.000000
427 9999.000000 9999.000000
428 9999.000000 9999.000000
429 9999.000000 9999.000000
430 9999.000000 9999.000000
431 9999.000000 9999.000000
432 1686.329956 133.835999
433 2294.969971 247.600998
434 1686.880005 134.921005
435 1921.310059 176.615005
436 1892.380005 150.404007
437 2453.070068 229.186005
438 2427.300049 213.684006
439 2234.860107 203.701004
440 2505.250000 195.408005
441 2279.409912 267.598999
442 1832.310059 137.016998
443 2765.270020 249.369995
444 1988.219971 146.434006
445 1627.469971 119.819000
446 1828.300049 129.087997
447 865.609985 70.949402
448 1983.229980 136.705994
449 1929.500000 187.914001
450 2532.590088 203.929993
451 2072.429932 180.584000
452 2116.110107 200.658997
453 1963.560059 140.069000
454 2053.080078 200.487000
455 2722.139893 222.718002
456 1976.989990 152.354004
457 1717.390015 164.307007
458 2081.050049 191.417999
459 1605.689941 139.223999
460 1735.469971 143.488007
461 1899.500000 108.005997
462 1955.890015 161.382996
463 2376.239990 189.570999
464 1917.630005 164.875000
465 1850.030029 132.559006
466 2229.229980 154.173996
467 1909.359985 158.082993
468 2592.270020 284.174988
469 2029.880005 195.431000
470 2202.040039 255.197006
471 2078.790039 154.839996
472 1756.329956 137.917007
473 1980.219971 138.500000
474 906.776978 60.824799
475 1719.930054 135.028000
476 2239.280029 206.899002
477 1823.969971 114.082001
478 2241.129883 278.252991
479 1842.180054 175.690994
480 2044.250000 172.432007
481 1702.270020 141.128006
482 1952.199951 171.985001
483 1762.150024 156.744995
484 1263.359985 92.644203
485 2254.620117 168.591003
486 1803.260010 151.386002
487 1905.709961 122.524002
488 1629.680054 143.014999
489 1747.949951 128.546997
490 2339.020020 197.498001
491 1771.489990 139.750000
492 2165.350098 154.360992
493 1875.469971 190.481995
494 1735.040039 144.162994
495 1798.410034 179.772003
496 1943.900024 156.507996
497 2288.449951 212.787003
498 2041.400024 155.492996
499 1978.010010 135.910004
500 2032.020020 148.910995
501 1512.290039 138.574005
502 1094.130005 72.899101
503 2254.649902 159.391006
504 2394.919922 216.147995
505 1980.329956 165.154999
506 2045.829956 161.173996
507 2315.949951 167.960999
508 2247.560059 166.167999
509 2512.889893 217.470001
510 2254.139893 162.654999
511 2363.500000 229.141998
512 2207.770020 200.209000
513 2560.360107 192.729004
514 1772.489990 149.244995
515 2268.149902 156.253006
516 1973.699951 166.707993
517 2170.060059 193.718002
518 2338.889893 191.054001
519 2297.389893 204.897995
520 2040.750000 181.496002
521 1864.290039 140.057007
522 3447.310059 301.726990
523 2409.699951 196.679993
524 1882.020020 165.522995
525 2493.850098 238.770004
526 2468.879883 192.522003
527 2170.620117 204.725998
528 1855.699951 141.729004
529 2686.649902 218.748001
530 2570.510010 155.526001
531 1811.550049 118.384003
532 1899.000000 117.767998
533 1652.400024 381.450012
534 2009.619995 130.945999
535 1493.189941 99.044098
536 1876.569946 140.007004
537 1615.540039 111.230003
538 1788.819946 144.192993
539 1909.310059 148.436005
540 1952.560059 125.872002
541 1747.800049 132.110992
542 2333.669922 169.731995
543 1629.280029 137.360992
544 1957.410034 162.886993
545 2003.959961 132.020996
546 2250.909912 207.283005
547 2323.280029 169.815994
548 1800.849976 118.976997
549 1273.949951 101.471001
550 1766.790039 154.906998
551 1910.439941 133.003006
552 1904.199951 137.238007
553 2193.280029 169.880005
554 1602.989990 122.708000
555 2059.679932 154.199005
556 2060.750000 151.106995
557 1798.569946 112.478996
558 3444.350098 243.580002
559 1960.650024 133.774002
560 1854.650024 117.607002
561 1607.040039 99.002197
562 2372.959961 159.291000
563 2127.810059 140.169006
564 1824.930054 135.977997
565 2497.000000 166.434998
566 2068.050049 130.815002
567 1941.839966 127.602997
568 2314.209961 155.692993
569 2511.040039 192.074997
570 1725.599976 158.360001
571 2295.959961 236.772995
572 1952.670044 137.945999
573 1881.119995 133.975006
574 2246.129883 178.591995
575 2033.650024 147.718994
576 1974.560059 199.014999
577 2856.939941 282.489014
578 2444.830078 221.069000
579 1871.089966 139.369003
580 2145.120117 130.852005
581 2149.479980 193.063995
582 2407.409912 160.160004
583 2048.179932 181.024994
584 2013.010010 164.626007
585 2089.350098 185.367996
586 2023.410034 156.024002
587 2416.540039 187.507004
588 2290.870117 205.300995
589 2273.739990 155.781006
590 1959.819946 136.149002
591 1753.189941 113.014000
592 2134.389893 181.880005
593 2124.919922 132.554993
594 1951.589966 132.294006
595 2029.380005 149.858994
596 2212.780029 137.406998
597 2042.280029 132.889008
598 1860.770020 157.076004
599 2205.159912 155.429993
600 2251.929932 194.313995
601 1811.250000 131.651001
602 2627.969971 282.475006
603 2277.510010 191.128998
604 2129.429932 226.546997
605 1741.280029 119.943001
606 1901.020020 154.595993
607 2156.709961 210.580994
608 2229.800049 172.380005
609 2291.739990 159.792999
610 2202.969971 141.914993
611 1852.770020 123.883003
612 1576.339966 118.014999
613 2227.659912 166.117004
614 2175.570068 149.164001
615 1961.280029 121.880997
616 1887.760010 147.893997
617 1878.140015 155.737000
618 1903.089966 119.789001
619 1979.719971 126.522003
620 1948.949951 143.604004
621 1946.040039 143.703003
622 2105.780029 181.848999
623 2060.969971 185.727997
624 2166.870117 178.272003
625 2140.229980 171.632996
626 1769.020020 109.890999
627 1880.060059 121.397003
628 1813.050049 171.832993
629 2440.260010 163.406006
630 2186.530029 155.593994
631 2132.909912 155.798004
632 2076.120117 171.884995
633 1835.109985 125.470001
634 1611.930054 113.538002
635 1955.339966 161.117996
636 2101.570068 175.229004
637 2263.010010 162.804001
638 1809.760010 123.019997
639 1838.180054 161.003006
640 2578.030029 184.404999
641 1992.489990 119.178001
642 2100.189941 137.889999
643 2169.739990 182.826004
644 1808.479980 139.770996
645 2154.550049 132.634003
646 2254.550049 178.561996
647 2233.550049 190.080002
648 2167.760010 153.419006
649 1544.790039 104.557999
650 2713.179932 236.569000
651 2042.209961 150.529007
652 2130.379883 166.701996
653 2285.820068 158.225998
654 2219.889893 175.276001
655 2633.459961 200.962997
656 2157.600098 185.197006
657 1958.359985 160.382004
658 2168.500000 178.791000
659 2186.100098 194.169998
660 2069.620117 160.042999
661 1964.239990 143.899002
662 2351.080078 221.412003
663 2204.860107 149.084000
664 2457.550049 183.460007
665 2437.429932 195.889008
666 1909.780029 151.184006
667 1937.150024 125.151001
668 2273.939941 189.093994
669 1989.069946 150.123001
670 2136.830078 140.001007
671 3690.419922 329.843994
672 1863.430054 164.701004
673 1765.689941 118.856003
674 1221.219971 76.399002
675 2247.550049 227.479004
676 2148.459961 182.975998
677 1283.550049 94.606796
678 2018.800049 161.141006
679 1915.680054 118.004997
680 2038.920044 147.617004
681 2478.320068 179.242996
682 1795.130005 126.083000
683 1965.449951 146.787003
684 2807.830078 266.231995
685 2366.179932 171.888000
686 2123.320068 161.408997
687 1620.560059 149.563004
688 1865.020020 128.057007
689 1588.839966 113.292000
690 2876.510010 270.079987
691 1716.150024 122.625999
692 2128.139893 158.164993
693 2298.889893 153.473007
694 2299.120117 226.701004
695 2226.070068 162.889008
696 2043.959961 186.533005
697 1980.739990 129.509003
698 2599.620117 175.244003
699 2331.419922 158.348999
700 2652.919922 226.850998
701 2173.139893 154.436996
702 2305.320068 141.931000
703 2247.300049 160.063995
704 2243.600098 139.462006
705 2145.810059 162.078003
706 1710.680054 121.000999
707 2157.530029 152.404999
708 2304.020020 161.451996
709 1986.520020 132.606995
710 2324.479980 180.283997
711 2049.129883 169.106003
712 2119.760010 159.662003
713 1965.839966 128.451996
714 2205.820068 154.514999
715 1984.599976 142.544998
716 2322.409912 153.149994
717 2244.909912 162.345993
718 2009.959961 132.464005
719 2213.590088 158.485992
720 1945.209961 152.240997
721 2083.050049 189.735992
722 1974.310059 142.710999
723 2031.160034 131.977997
724 2096.239990 213.475006
725 2068.139893 148.677994
726 2292.439941 158.375000
727 2231.889893 186.091995
728 1754.969971 119.788002
729 1195.119995 84.834000
730 2225.610107 145.330002
731 2340.610107 170.106995
732 2048.790039 168.578995
733 2106.800049 132.511993
734 1961.349976 142.328995
735 2046.880005 173.973999
736 2008.969971 130.337006
737 1983.199951 127.042000
738 2256.120117 210.475006
739 2041.439941 155.395004
740 2159.989990 138.401001
741 2042.939941 140.682007
742 2368.060059 176.651001
743 1805.040039 152.186996
744 2356.370117 183.955994
745 1598.400024 113.803001
746 1606.739990 112.337997
747 1848.640015 127.227997
748 2162.649902 186.253006
749 1752.130005 211.817993
750 2205.879883 165.460999
751 2008.250000 154.656006
752 2028.699951 145.895996
753 2083.600098 196.438004
754 2450.080078 186.149994
755 1712.130005 123.327003
756 2026.410034 151.625000
757 1838.869995 124.543999
758 1818.849976 156.229996
759 2354.270020 173.235001
760 2336.729980 212.324005
761 1824.319946 135.705002
762 2653.090088 249.240997
763 1911.479980 191.960999
764 1784.469971 131.453995
765 2356.340088 193.000000
766 2228.120117 204.858002
767 2136.330078 193.272003
768 2035.359985 170.416000
769 2143.080078 133.518997
770 2214.169922 154.406006
771 2696.500000 179.645996
772 1936.630005 136.449997
773 2366.040039 206.313004
774 1672.239990 110.470001
775 2344.149902 168.391998
776 2008.800049 154.438995
777 2163.219971 201.347000
778 2170.800049 146.960999
779 2163.310059 175.968994
780 2366.209961 193.740997
781 2071.949951 190.740005
782 2028.280029 153.102997
783 1965.920044 127.888000
784 2138.270020 161.149994
785 2069.590088 145.798996
786 2417.270020 217.470001
787 2306.550049 147.505997
788 2344.629883 161.033997
789 2137.540039 156.445999
790 2193.429932 171.878998
791 1775.609985 138.057007
792 2423.239990 245.397995
793 2158.189941 149.365005
794 1874.150024 131.994995
795 2612.580078 190.352005
796 2517.560059 176.229004
797 1945.300049 135.835007
798 2236.929932 154.533997
799 1936.060059 138.210007
800 2220.429932 168.537994
801 2058.300049 120.785004
802 1784.060059 126.345001
803 2329.909912 179.570007
804 2747.459961 193.307007
805 2194.350098 181.852997
806 2258.229980 184.475998
807 2302.320068 162.285995
808 2534.649902 182.804001
809 2218.959961 192.507996
810 2547.439941 206.932007
811 2383.709961 168.751999
812 1917.280029 159.996994
813 2363.959961 189.542999
814 2734.209961 330.842987
815 1820.650024 140.514008
816 1731.209961 140.492996
817 1698.020020 139.173996
818 2341.679932 237.251007
819 1750.510010 146.457993
820 1934.609985 149.813004
821 2094.659912 134.873993
822 2178.520020 194.945007
823 2735.949951 194.408005
824 2069.679932 145.761993
825 2150.629883 179.925003
826 2104.050049 171.904007
827 2274.489990 153.473007
828 1875.500000 125.249001
829 1594.430054 119.833000
830 2267.479980 147.154999
831 1986.900024 140.966995
832 1796.449951 124.091003
833 1823.359985 110.221001
834 2025.140015 138.729996
835 1993.300049 173.639008
836 2613.550049 182.934998
837 2157.989990 145.811005
838 2276.699951 193.556000
839 1956.010010 211.365997
840 2038.979980 141.824005
841 2501.510010 226.873993
842 2123.060059 153.940994
843 2214.340088 160.261993
844 2187.729980 172.906998
845 2404.120117 210.694000
846 2558.780029 218.598007
847 2162.040039 188.194000
848 2312.790039 198.184006
849 2044.280029 129.291000
850 2154.429932 161.714005
851 2190.409912 187.195999
852 2249.040039 173.302002
853 1983.880005 128.328995
854 2301.100098 166.300003
855 2262.600098 156.195007
856 2004.390015 128.223007
857 1910.500000 176.753006
858 2166.540039 139.253006
859 2165.699951 160.998993
860 1878.939941 150.660004
861 2461.790039 233.587006
862 2333.419922 189.445999
863 2335.550049 219.022003
864 1984.800049 146.451004
865 1908.069946 166.625000
866 2127.459961 214.322998
867 2399.250000 231.419006
868 1971.930054 136.735992
869 2005.510010 175.156006
870 1810.560059 125.249001
871 2082.830078 143.037003
872 2300.540039 221.227997
873 2561.060059 238.210999
874 1898.959961 160.328003
875 1899.310059 145.300995
876 2475.510010 211.970001
877 2190.639893 193.363998
878 2300.870117 180.423004
879 1941.619995 146.542007
880 2165.280029 144.871994
881 1909.829956 124.059998
882 2005.300049 197.664001
883 2268.280029 191.863998
884 1431.359985 100.178001
885 2141.379883 234.188004
886 2154.479980 165.582993
887 2042.500000 144.473007
888 1926.310059 139.934006
889 2304.360107 196.626999
890 2306.530029 194.272995
891 1189.130005 87.681000
892 2005.060059 137.093994
893 2420.070068 188.537994
894 1726.930054 117.183998
895 2242.639893 160.001999
896 1817.989990 134.563004
897 2206.350098 167.792999
898 2178.750000 177.830002
899 2091.489990 153.457001
900 1970.569946 148.906006
901 1917.479980 145.546005
902 2251.300049 145.636002
903 1952.560059 144.653000
904 2050.149902 152.440994
905 1819.150024 133.830994
906 1829.250000 137.093002
907 2493.649902 281.596008
908 1694.609985 155.001999
909 2422.879883 170.904007
910 2178.989990 191.867004
911 1952.219971 201.692001
912 2069.919922 142.182007
913 2161.449951 178.820999
914 2245.679932 168.979996
915 1980.290039 124.401001
916 1993.189941 163.802002
917 2040.369995 162.261993
918 1847.209961 158.136002
919 1918.599976 172.949005
920 2483.169922 166.889008
921 1906.489990 160.153000
922 2394.209961 189.531006
923 2202.179932 142.085007
924 2318.989990 193.798004
925 2237.010010 194.119995
926 2034.250000 142.147995
927 2116.090088 126.931000
928 2008.290039 140.108994
929 2237.209961 194.041000
930 1815.770020 130.294006
931 1621.209961 135.184998
932 1945.459961 157.796997
933 2076.570068 208.972000
934 1827.359985 111.387001
935 2490.729980 281.548004
936 2682.270020 165.597000
937 1828.170044 152.770996
938 1897.810059 159.880005
939 2245.139893 187.964005
940 1319.750000 83.607498
941 1726.050049 137.565002
942 2185.780029 166.552002
943 2025.709961 180.865005
944 2261.820068 177.751999
945 2104.699951 142.792999
946 1940.199951 119.856003
947 1956.359985 157.354996
948 2614.129883 204.067001
949 1915.829956 133.091995
950 2462.330078 155.429001
951 2239.050049 180.891006
952 1808.819946 143.197006
953 2098.030029 151.522003
954 2843.370117 214.313995
955 2146.580078 149.184998
956 2062.649902 150.005997
957 2298.469971 193.677994
958 2597.949951 180.565994
959 885.257996 73.069199
960 2144.850098 182.694000
961 2538.409912 260.398987
962 1851.959961 185.932999
963 1942.099976 123.432999
964 2300.989990 138.591003
965 2931.989990 240.416000
966 1985.609985 176.468002
967 2091.500000 127.309998
968 2023.400024 145.296005
969 2846.870117 227.304993
970 2527.179932 220.639999
971 2440.429932 183.363007
972 2193.209961 166.830002
973 1950.770020 155.520996
974 2116.040039 186.761993
975 2631.409912 202.222000
976 1793.410034 148.020004
977 1999.140015 178.953995
978 2335.620117 208.500000
979 2292.530029 234.320999
980 2491.290039 190.244995
981 1812.920044 137.205002
982 2171.389893 177.091995
983 2147.330078 148.537994
984 2343.840088 216.710999
985 2317.350098 172.097000
986 1101.900024 76.881500
987 2155.219971 151.341003
988 1925.689941 120.042000
989 2014.310059 158.287994
990 2330.159912 224.990997
991 1977.619995 136.192001
992 2382.909912 176.481003
993 2821.159912 238.205994
994 2134.860107 166.848999
995 1656.520020 119.666000
996 1762.339966 144.197006
997 1812.930054 142.218994
998 2177.050049 142.302002
999 2279.860107 256.057007
1000 1821.170044 147.052002
1001 2079.790039 133.490997
1002 2251.959961 143.477997
1003 2006.930054 138.975006
1004 1876.000000 173.149002
1005 2115.300049 171.578003
1006 2206.350098 183.457001
1007 2430.060059 219.057007
1008 2169.610107 141.565994
1009 2015.579956 136.595993
1010 2165.330078 177.283005
1011 1963.020020 171.723999
1012 2227.959961 165.617996
1013 2192.370117 157.815994
1014 2366.949951 215.938995
1015 2265.209961 174.625000
1016 2229.500000 206.899002
1017 2498.159912 168.255997
1018 2200.149902 164.701996
1019 1961.400024 159.992996
1020 1971.189941 141.988998
1021 2537.080078 184.156006
1022 1844.310059 137.041000
1023 2438.000000 207.822998
1024 2132.149902 145.085007
1025 2309.899902 168.048996
1026 2292.959961 161.617004
1027 2718.239990 175.470993
1028 2716.000000 204.727005
1029 3052.389893 210.817993
1030 2936.689941 280.135986
1031 2298.820068 201.787994
1032 2173.989990 146.649002
1033 2532.870117 179.617004
1034 3187.840088 232.528000
1035 2083.399902 124.849998
1036 2051.370117 145.406006
1037 1901.119995 131.052002
1038 2360.090088 169.878998
1039 1929.270020 135.714996
1040 1882.119995 143.826996
1041 1623.599976 112.204002
1042 2305.629883 208.371002
1043 2223.199951 231.764008
1044 1618.209961 115.399002
1045 2385.709961 233.166000
1046 1982.750000 147.425995
1047 2409.939941 188.039001
1048 2654.709961 193.792999
1049 2151.790039 149.850998
1050 2295.189941 167.507004
1051 2191.209961 165.209000
1052 1834.890015 159.317993
1053 3456.280029 355.020996
1054 1992.729980 133.188995
1055 3078.590088 231.425995
1056 2054.070068 152.694000
1057 1762.380005 132.852005
1058 2662.820068 200.490997
1059 2809.070068 294.362000
1060 2475.110107 166.572998
1061 2183.929932 159.546005
1062 2592.419922 185.440002
1063 2203.050049 210.091995
1064 2257.010010 155.695007
1065 1919.599976 137.227005
1066 1798.959961 145.199005
1067 2228.770020 159.709000
1068 2338.939941 168.964996
1069 2332.919922 197.371994
1070 2335.760010 216.076004
1071 2298.729980 164.608994
1072 2308.260010 237.470001
1073 2689.030029 176.988998
1074 1973.680054 136.845001
1075 2180.600098 148.167999
1076 2142.179932 140.630005
1077 2244.600098 152.554001
1078 1758.079956 104.352997
1079 2213.199951 174.983994
1080 3116.699951 277.516998
1081 2097.610107 211.725998
1082 1749.819946 142.669998
1083 1836.829956 166.436996
1084 1950.729980 169.248993
1085 2189.459961 175.369003
1086 1636.270020 104.000000
1087 2013.140015 140.619995
1088 1610.140015 125.792000
1089 1877.239990 139.171997
1090 2274.699951 163.733994
1091 2590.719971 197.789993
1092 1827.550049 139.835999
1093 1889.369995 136.097000
1094 2046.420044 132.494995
1095 2057.209961 190.548996
1096 2162.770020 157.516006
1097 1780.969971 123.621002
1098 1949.709961 133.776001
1099 1893.599976 125.731003
1100 2231.270020 176.399002
1101 1613.400024 119.372002
1102 2500.580078 193.587997
1103 2101.020020 160.772003
1104 2221.479980 217.925003
1105 2497.159912 211.959000
1106 2375.360107 163.576004
1107 2267.060059 161.785004
1108 2650.969971 207.365997
1109 1920.729980 128.720001
1110 2450.860107 215.227997
1111 2479.129883 173.906998
1112 1797.540039 142.606995
1113 2133.600098 146.218002
1114 1740.479980 127.070000
1115 2279.469971 181.242996
1116 1715.449951 156.798996
1117 2107.790039 191.291000
1118 2037.530029 140.781998
1119 2163.320068 134.350998
1120 2572.600098 225.369003
1121 2500.739990 236.994003
1122 2058.860107 161.078995
1123 2275.250000 167.207993
1124 2035.709961 164.498001
1125 2043.410034 146.688004
1126 2571.729980 248.266998
1127 1774.069946 120.085999
1128 1814.119995 165.035004
1129 1995.939941 139.563004
1130 2840.739990 186.744003
1131 2308.600098 160.080002
1132 1849.599976 118.792999
1133 1970.699951 149.447998
1134 2433.439941 179.835999
1135 1982.250000 155.225006
1136 2091.060059 169.755997
1137 2142.760010 141.740997
1138 2645.760010 199.171997
1139 1774.040039 115.282997
1140 2309.469971 209.460007
1141 2308.750000 181.959000
1142 2186.280029 167.966003
1143 2227.239990 160.419006
1144 1307.199951 88.624603
1145 2540.659912 166.770996
1146 1788.380005 117.113998
1147 4750.419922 444.088013
1148 1827.209961 116.281998
1149 1818.630005 120.182999
1150 2080.050049 144.220993
1151 2175.169922 148.578003
1152 2066.949951 142.197998
1153 2698.969971 245.503998
1154 2088.139893 182.434998
1155 2139.340088 135.606995
1156 2070.310059 145.190002
1157 2493.239990 168.988007
1158 1898.640015 151.350998
1159 2308.699951 159.641998
1160 2183.310059 222.610001
1161 1542.020020 104.369003
1162 1691.939941 117.032997
1163 2056.500000 182.268997
1164 1960.939941 126.780998
1165 1973.339966 159.660004
1166 2107.169922 161.509003
1167 1977.569946 170.824005
1168 1959.630005 159.250000
1169 1745.569946 149.975006
1170 2082.010010 141.697998
1171 1763.770020 116.654999
1172 2059.310059 150.029999
1173 2057.560059 150.091003
1174 2315.389893 145.835999
1175 2526.020020 210.257004
1176 2639.810059 236.839005
1177 2191.850098 153.738007
1178 2016.969971 162.811996
1179 2105.370117 166.546997
1180 2271.530029 156.414993
1181 2079.750000 138.358994
1182 3463.719971 252.244995
1183 2212.060059 189.947998
1184 2224.449951 155.089996
1185 2210.949951 194.216003
1186 2222.199951 142.878006
1187 2026.270020 160.024994
1188 1935.930054 141.173996
1189 2071.550049 162.979004
1190 4370.899902 456.763000
1191 1873.430054 122.356003
1192 2343.030029 176.240997
1193 2454.159912 179.136993
1194 2295.550049 206.119003
1195 2024.339966 151.509003
1196 2186.939941 198.373993
1197 1618.880005 142.507004
1198 1832.910034 144.979996
1199 1750.609985 128.473999
1200 1763.959961 131.972000
1201 2267.070068 220.813995
1202 2322.020020 192.087997
1203 2212.000000 204.529999
1204 2518.000000 215.647995
1205 2230.489990 170.080002
1206 2140.899902 174.061005
1207 2023.030029 174.600006
1208 2104.840088 163.363998
1209 2054.350098 146.638000
1210 2339.280029 199.132004
1211 2302.409912 183.227997
1212 1761.599976 140.658997
1213 2653.370117 218.884003
1214 2285.570068 183.440002
1215 2286.260010 196.975998
1216 2589.030029 221.335999
1217 2694.860107 191.214996
1218 2121.979980 158.667007
1219 1866.020020 137.964005
1220 1903.459961 134.707993
1221 2373.919922 214.759003
1222 2784.570068 208.695999
1223 2496.110107 175.464005
1224 2761.810059 184.729004
1225 2057.580078 191.968994
1226 2293.399902 169.233002
1227 1692.310059 140.658997
1228 2223.800049 169.309006
1229 1966.050049 179.834000
1230 2109.959961 156.975006
1231 2077.239990 148.500000
1232 2448.199951 174.582001
1233 2008.089966 157.029999
1234 1928.469971 128.763000
1235 1061.739990 80.514999
1236 2474.949951 178.149002
1237 1905.170044 141.365005
1238 1775.099976 137.955994
1239 1814.790039 140.098999
1240 2205.139893 245.606003
1241 1965.310059 155.979004
1242 2077.379883 196.792007
1243 1817.270020 119.764999
1244 1891.579956 114.061996
1245 1806.310059 127.650002
1246 1791.219971 127.214996
1247 1626.989990 140.563004
1248 1750.349976 118.120003
1249 2625.030029 212.199005
1250 2103.709961 131.589005
1251 2544.830078 198.417999
1252 2290.629883 161.136993
1253 2101.169922 173.395004
1254 2080.780029 139.800995
1255 2174.439941 165.503006
1256 2354.179932 158.977005
1257 2524.790039 192.606995
1258 2514.459961 177.115997
1259 2444.199951 167.130997
1260 1874.270020 129.177994
1261 2294.540039 195.207001
1262 2125.669922 165.580994
1263 2044.369995 130.393005
1264 2352.979980 171.210999
1265 2253.030029 191.382004
1266 2476.689941 165.912003
1267 2957.760010 238.539993
1268 1869.449951 135.110001
1269 2333.459961 173.104004
1270 2153.199951 215.406006
1271 2491.290039 197.453995
1272 2365.679932 175.039001
1273 1939.560059 131.998001
1274 2227.060059 200.994003
1275 2146.250000 146.901001
1276 1678.420044 136.091003
1277 2082.139893 135.315994
1278 1851.709961 128.227005
1279 1759.560059 142.009995
1280 2378.399902 215.938004
1281 2122.830078 188.022003
1282 2400.939941 215.572006
1283 1934.530029 123.749001
1284 1966.680054 159.904999
1285 2181.120117 148.774002
1286 3092.810059 290.118988
1287 2397.790039 164.097000
1288 2381.449951 157.589996
1289 3101.290039 252.848007
1290 2189.449951 140.084000
1291 2247.669922 175.695007
1292 2324.010010 183.910004
1293 2259.090088 179.151993
1294 2002.319946 161.867996
1295 2739.340088 179.373001
1296 1994.619995 145.417999
1297 2109.360107 184.231003
1298 1738.199951 132.363007
1299 958.250000 66.769997
1300 2145.060059 154.306000
1301 2096.360107 178.929993
1302 2650.879883 222.725998
1303 2144.550049 166.481995
1304 1757.900024 178.205002
1305 2286.600098 158.621994
1306 1227.430054 98.743202
1307 1864.119995 165.927002
1308 2073.260010 155.029007
1309 3191.739990 291.033997
1310 2915.590088 221.682999
1311 2348.239990 154.917007
1312 2249.520020 171.248001
1313 2255.260010 164.130997
1314 1907.329956 156.082001
1315 2322.360107 198.921005
1316 1929.859985 148.574997
1317 2336.080078 141.309998
1318 2153.889893 181.572006
1319 2599.060059 251.901993
1320 1772.829956 140.561996
1321 1928.069946 135.919998
1322 1986.959961 147.376007
1323 1604.420044 118.112999
1324 1665.030029 117.334000
1325 1742.339966 120.014000
1326 1973.660034 131.438995
1327 1712.959961 126.056000
1328 2095.929932 198.363007
1329 2007.380005 185.654999
1330 2280.189941 209.216995
1331 2181.459961 180.992996
1332 600.322021 39.495602
1333 2220.489990 177.296997
1334 2274.959961 172.272003
1335 2271.000000 207.322998
1336 2099.360107 155.352005
1337 2028.609985 169.046997
1338 2097.629883 126.334000
1339 2211.129883 151.195999
1340 2019.959961 178.735001
1341 2127.469971 148.822998
1342 2560.679932 185.837006
1343 2347.189941 167.759003
1344 1928.489990 139.427994
1345 2305.669922 155.572006
1346 2289.060059 153.610992
1347 1978.369995 150.419998
1348 1604.339966 125.742996
1349 2919.580078 292.804993
1350 2275.810059 197.354996
1351 2051.919922 160.798004
1352 2180.399902 185.069000
1353 2025.540039 142.783005
1354 1801.319946 187.309998
1355 2340.780029 200.332001
1356 1668.150024 125.216003
1357 2309.860107 157.457001
1358 1735.219971 131.222000
1359 2167.780029 143.171005
1360 1899.569946 123.231003
1361 2155.820068 178.403000
1362 2209.550049 165.488998
1363 2583.310059 217.216003
1364 1986.310059 135.733994
1365 1972.540039 125.742996
1366 2050.449951 144.388000
1367 2060.800049 127.856003
1368 2012.010010 135.546005
1369 1370.319946 87.825699
1370 2065.000000 149.289993
1371 2235.350098 175.423996
1372 2103.389893 165.707993
1373 2247.280029 190.891998
1374 2198.189941 141.278000
1375 1675.089966 150.570999
1376 2504.179932 230.481003
1377 2030.800049 137.322998
1378 2183.000000 175.067001
1379 1999.910034 180.067001
1380 3393.520020 6334.140137
1381 2100.389893 181.647995
1382 2351.550049 223.559998
1383 1840.930054 193.570007
1384 2087.399902 153.205994
1385 2535.979980 226.723007
1386 2217.320068 148.175003
1387 2143.840088 164.237000
1388 2322.229980 190.268997
1389 1860.520020 130.005997
1390 1974.140015 140.483002
1391 2259.620117 179.117004
1392 2159.669922 174.391006
1393 2117.510010 175.089005
1394 1780.719971 157.468002
1395 2083.830078 162.445999
1396 2535.629883 194.332993
1397 1154.890015 85.419701
1398 2224.010010 158.328003
1399 1849.890015 129.091995
1400 1837.430054 131.990997
1401 1663.430054 125.670998
1402 2095.080078 141.365005
1403 1986.619995 141.981003
1404 1968.930054 141.520996
1405 2143.250000 158.516998
1406 2109.889893 142.285995
1407 2246.929932 163.770996
1408 2782.629883 191.341995
1409 1818.390015 153.770996
1410 2682.149902 178.095001
1411 2094.219971 163.306000
1412 2125.659912 174.089005
1413 2199.500000 188.326004
1414 1962.089966 143.246002
1415 1957.140015 158.817001
1416 1874.109985 164.832993
1417 2091.899902 151.783005
1418 2222.070068 170.994003
1419 1979.469971 131.123001
1420 2354.449951 239.518005
1421 2059.860107 174.283005
1422 2350.949951 219.156998
1423 1820.900024 183.485992
1424 1851.550049 146.020004
1425 2326.949951 243.595993
1426 2033.290039 209.470993
1427 1791.349976 150.929001
1428 -23158.000000 16209.599609
1429 2384.530029 173.455002
1430 2734.350098 275.231995
1431 2173.870117 182.570999
1432 1882.760010 183.147003
1433 2095.570068 196.634995
1434 1973.270020 143.057007
1435 2903.209961 307.882996
1436 2307.209961 185.580002
1437 2211.889893 216.328995
1438 1901.239990 167.809006
1439 2235.360107 181.087006
1440 1999.319946 166.505997
1441 2022.109985 187.089996
1442 2034.959961 134.604004
1443 2489.669922 268.852997
1444 2247.159912 154.865997
1445 2065.929932 142.091003
1446 1994.369995 158.063004
1447 1877.849976 118.792999
1448 2015.930054 138.235001
1449 2049.330078 137.421997
1450 2152.689941 168.951996
1451 2036.349976 166.089005
1452 2033.699951 152.994995
1453 1916.979980 208.848999
1454 2266.870117 153.990005
1455 2566.949951 207.242004
1456 2015.739990 160.304001
1457 3058.330078 239.940994
1458 1888.579956 154.343002
1459 1809.150024 108.306000
1460 2457.729980 271.614014
1461 2394.679932 165.529007
1462 2123.320068 203.501007
1463 1768.250000 182.516006
1464 1848.839966 172.218994
1465 3585.080078 324.109985
1466 1889.369995 129.244003
1467 2061.399902 192.785004
1468 1989.599976 120.257004
1469 2108.169922 123.468002
1470 2329.810059 186.429993
1471 1379.050049 117.341003
1472 9999.000000 9999.000000
1473 9999.000000 9999.000000
1474 9999.000000 9999.000000
1475 9999.000000 9999.000000
1476 9999.000000 9999.000000
1477 9999.000000 9999.000000
1478 9999.000000 9999.000000
1479 9999.000000 9999.000000
1480 9999.000000 9999.000000
1481 9999.000000 9999.000000
1482 9999.000000 9999.000000
1483 9999.000000 9999.000000
1484 9999.000000 9999.000000
1485 9999.000000 9999.000000
1486 9999.000000 9999.000000
1487 9999.000000 9999.000000
1488 9999.000000 9999.000000
1489 9999.000000 9999.000000
1490 9999.000000 9999.000000
1491 9999.000000 9999.000000
1492 2120.429932 188.748993
1493 1743.079956 138.268997
1494 1986.459961 128.063995
1495 2044.140015 131.791000
1496 1776.880005 135.466995
1497 1809.439941 155.666000
1498 1966.089966 129.063995
1499 1981.089966 137.307999
1500 9999.000000 9999.000000
1501 9999.000000 9999.000000
1502 9999.000000 9999.000000
1503 9999.000000 9999.000000
1504 9999.000000 9999.000000
1505 9999.000000 9999.000000
1506 9999.000000 9999.000000
1507 9999.000000 9999.000000
1508 9999.000000 9999.000000
1509 9999.000000 9999.000000
1510 9999.000000 9999.000000
1511 9999.000000 9999.000000
1512 9999.000000 9999.000000
1513 9999.000000 9999.000000
1514 9999.000000 9999.000000
1515 9999.000000 9999.000000
1516 9999.000000 9999.000000
1517 9999.000000 9999.000000
1518 9999.000000 9999.000000
1519 9999.000000 9999.000000
1520 9999.000000 9999.000000
1521 9999.000000 9999.000000
1522 9999.000000 9999.000000
1523 9999.000000 9999.000000
1524 9999.000000 9999.000000
1525 9999.000000 9999.000000
1526 9999.000000 9999.000000
1527 9999.000000 9999.000000
1528 9999.000000 9999.000000
1529 9999.000000 9999.000000
1530 9999.000000 9999.000000
1531 9999.000000 9999.000000
1532 9999.000000 9999.000000
1533 9999.000000 9999.000000
1534 9999.000000 9999.000000
1535 9999.000000 9999.000000
1536 9999.000000 9999.000000
1537 9999.000000 9999.000000
1538 9999.000000 9999.000000
1539 9999.000000 9999.000000
1540 2116.090088 193.524994
1541 2588.270020 206.001007
1542 1798.500000 148.126999
1543 1718.650024 142.522003
1544 1607.510010 132.809006
1545 1868.339966 166.449997
1546 2233.429932 174.098999
1547 1992.640015 201.261002
1548 9999.000000 9999.000000
1549 9999.000000 9999.000000
1550 9999.000000 9999.000000
1551 9999.000000 9999.000000
1552 9999.000000 9999.000000
1553 9999.000000 9999.000000
1554 9999.000000 9999.000000
1555 9999.000000 9999.000000
1556 9999.000000 9999.000000
1557 9999.000000 9999.000000
1558 9999.000000 9999.000000
1559 9999.000000 9999.000000
1560 9999.000000 9999.000000
1561 9999.000000 9999.000000
1562 9999.000000 9999.000000
1563 9999.000000 9999.000000
1564 9999.000000 9999.000000
1565 9999.000000 9999.000000
1566 9999.000000 9999.000000
1567 9999.000000 9999.000000
1568 9999.000000 9999.000000
1569 9999.000000 9999.000000
1570 9999.000000 9999.000000
1571 9999.000000 9999.000000
1572 9999.000000 9999.000000
1573 9999.000000 9999.000000
1574 9999.000000 9999.000000
1575 9999.000000 9999.000000
1576 9999.000000 9999.000000
1577 9999.000000 9999.000000
1578 9999.000000 9999.000000
1579 9999.000000 9999.000000
1580 9999.000000 9999.000000
1581 9999.000000 9999.000000
1582 9999.000000 9999.000000
1583 9999.000000 9999.000000
1584 9999.000000 9999.000000
1585 9999.000000 9999.000000
1586 9999.000000 9999.000000
1587 9999.000000 9999.000000
1588 9999.000000 9999.000000
1589 9999.000000 9999.000000
1590 9999.000000 9999.000000
1591 9999.000000 9999.000000
1592 9999.000000 9999.000000
1593 9999.000000 9999.000000
1594 9999.000000 9999.000000
1595 9999.000000 9999.000000
1596 9999.000000 9999.000000
1597 9999.000000 9999.000000
1598 9999.000000 9999.000000
1599 9999.000000 9999.000000
1600 9999.000000 9999.000000
1601 9999.000000 9999.000000
1602 9999.000000 9999.000000
1603 9999.000000 9999.000000
1604 9999.000000 9999.000000
1605 9999.000000 9999.000000
1606 9999.000000 9999.000000
1607 9999.000000 9999.000000
1608 9999.000000 9999.000000
1609 9999.000000 9999.000000
1610 9999.000000 9999.000000
1611 9999.000000 9999.000000
1612 9999.000000 9999.000000
1613 9999.000000 9999.000000
1614 9999.000000 9999.000000
1615 9999.000000 9999.000000
1616 9999.000000 9999.000000
1617 9999.000000 9999.000000
1618 9999.000000 9999.000000
1619 9999.000000 9999.000000
1620 9999.000000 9999.000000
1621 9999.000000 9999.000000
1622 9999.000000 9999.000000
1623 9999.000000 9999.000000
1624 9999.000000 9999.000000
1625 9999.000000 9999.000000
1626 9999.000000 9999.000000
1627 9999.000000 9999.000000
1628 9999.000000 9999.000000
1629 9999.000000 9999.000000
1630 9999.000000 9999.000000
1631 9999.000000 9999.000000
1632 9999.000000 9999.000000
1633 9999.000000 9999.000000
1634 9999.000000 9999.000000
1635 9999.000000 9999.000000
1636 9999.000000 9999.000000
1637 9999.000000 9999.000000
1638 9999.000000 9999.000000
1639 9999.000000 9999.000000
1640 9999.000000 9999.000000
1641 9999.000000 9999.000000
1642 9999.000000 9999.000000
1643 9999.000000 9999.000000
1644 9999.000000 9999.000000
1645 9999.000000 9999.000000
1646 9999.000000 9999.000000
1647 9999.000000 9999.000000
1648 9999.000000 9999.000000
1649 9999.000000 9999.000000
1650 9999.000000 9999.000000
1651 9999.000000 9999.000000
1652 9999.000000 9999.000000
1653 9999.000000 9999.000000
1654 9999.000000 9999.000000
1655 9999.000000 9999.000000
1656 9999.000000 9999.000000
1657 9999.000000 9999.000000
1658 9999.000000 9999.000000
1659 9999.000000 9999.000000
1660 9999.000000 9999.000000
1661 9999.000000 9999.000000
1662 9999.000000 9999.000000
1663 9999.000000 9999.000000
1664 9999.000000 9999.000000
1665 9999.000000 9999.000000
1666 9999.000000 9999.000000
1667 9999.000000 9999.000000
1668 9999.000000 9999.000000
1669 9999.000000 9999.000000
1670 9999.000000 9999.000000
1671 9999.000000 9999.000000
1672 9999.000000 9999.000000
1673 9999.000000 9999.000000
1674 9999.000000 9999.000000
1675 9999.000000 9999.000000
1676 9999.000000 9999.000000
1677 9999.000000 9999.000000
1678 9999.000000 9999.000000
1679 9999.000000 9999.000000
1680 9999.000000 9999.000000
1681 9999.000000 9999.000000
1682 9999.000000 9999.000000
1683 9999.000000 9999.000000
1684 9999.000000 9999.000000
1685 9999.000000 9999.000000
1686 9999.000000 9999.000000
1687 9999.000000 9999.000000
1688 9999.000000 9999.000000
1689 9999.000000 9999.000000
1690 9999.000000 9999.000000
1691 9999.000000 9999.000000
1692 9999.000000 9999.000000
1693 9999.000000 9999.000000
1694 9999.000000 9999.000000
1695 9999.000000 9999.000000
1696 9999.000000 9999.000000
1697 9999.000000 9999.000000
1698 9999.000000 9999.000000
1699 9999.000000 9999.000000
1700 9999.000000 9999.000000
1701 9999.000000 9999.000000
1702 9999.000000 9999.000000
1703 9999.000000 9999.000000
1704 9999.000000 9999.000000
1705 9999.000000 9999.000000
1706 9999.000000 9999.000000
1707 9999.000000 9999.000000
1708 9999.000000 9999.000000
1709 9999.000000 9999.000000
1710 9999.000000 9999.000000
1711 9999.000000 9999.000000
1712 9999.000000 9999.000000
1713 9999.000000 9999.000000
1714 9999.000000 9999.000000
1715 9999.000000 9999.000000
1716 9999.000000 9999.000000
1717 9999.000000 9999.000000
1718 9999.000000 9999.000000
1719 9999.000000 9999.000000
1720 9999.000000 9999.000000
1721 9999.000000 9999.000000
1722 9999.000000 9999.000000
1723 9999.000000 9999.000000
1724 9999.000000 9999.000000
1725 9999.000000 9999.000000
1726 9999.000000 9999.000000
1727 9999.000000 9999.000000
1728 9999.000000 9999.000000
1729 9999.000000 9999.000000
1730 9999.000000 9999.000000
1731 9999.000000 9999.000000
1732 9999.000000 9999.000000
1733 9999.000000 9999.000000
1734 9999.000000 9999.000000
1735 9999.000000 9999.000000
1736 9999.000000 9999.000000
1737 9999.000000 9999.000000
1738 9999.000000 9999.000000
1739 9999.000000 9999.000000
1740 9999.000000 9999.000000
1741 9999.000000 9999.000000
1742 9999.000000 9999.000000
1743 9999.000000 9999.000000
1744 9999.000000 9999.000000
1745 9999.000000 9999.000000
1746 9999.000000 9999.000000
1747 9999.000000 9999.000000
1748 9999.000000 9999.000000
1749 9999.000000 9999.000000
1750 9999.000000 9999.000000
1751 9999.000000 9999.000000
1752 9999.000000 9999.000000
1753 9999.000000 9999.000000
1754 9999.000000 9999.000000
1755 9999.000000 9999.000000
1756 9999.000000 9999.000000
1757 9999.000000 9999.000000
1758 9999.000000 9999.000000
1759 9999.000000 9999.000000
1760 9999.000000 9999.000000
1761 9999.000000 9999.000000
1762 9999.000000 9999.000000
1763 9999.000000 9999.000000
1764 9999.000000 9999.000000
1765 9999.000000 9999.000000
1766 9999.000000 9999.000000
1767 9999.000000 9999.000000
1768 9999.000000 9999.000000
1769 9999.000000 9999.000000
1770 9999.000000 9999.000000
1771 9999.000000 9999.000000
1772 9999.000000 9999.000000
1773 9999.000000 9999.000000
1774 9999.000000 9999.000000
1775 9999.000000 9999.000000
1776 9999.000000 9999.000000
1777 9999.000000 9999.000000
1778 9999.000000 9999.000000
1779 9999.000000 9999.000000
1780 9999.000000 9999.000000
1781 9999.000000 9999.000000
1782 9999.000000 9999.000000
1783 9999.000000 9999.000000
1784 9999.000000 9999.000000
1785 9999.000000 9999.000000
1786 9999.000000 9999.000000
1787 9999.000000 9999.000000
1788 9999.000000 9999.000000
1789 9999.000000 9999.000000
1790 9999.000000 9999.000000
1791 9999.000000 9999.000000
1792 9999.000000 9999.000000
1793 9999.000000 9999.000000
1794 9999.000000 9999.000000
1795 9999.000000 9999.000000
1796 9999.000000 9999.000000
1797 9999.000000 9999.000000
1798 9999.000000 9999.000000
1799 9999.000000 9999.000000
1800 9999.000000 9999.000000
1801 9999.000000 9999.000000
1802 9999.000000 9999.000000
1803 9999.000000 9999.000000
1804 9999.000000 9999.000000
1805 9999.000000 9999.000000
1806 9999.000000 9999.000000
1807 9999.000000 9999.000000
1808 9999.000000 9999.000000
1809 9999.000000 9999.000000
1810 9999.000000 9999.000000
1811 9999.000000 9999.000000
1812 9999.000000 9999.000000
1813 9999.000000 9999.000000
1814 9999.000000 9999.000000
1815 9999.000000 9999.000000
1816 9999.000000 9999.000000
1817 9999.000000 9999.000000
1818 9999.000000 9999.000000
1819 9999.000000 9999.000000
1820 9999.000000 9999.000000
1821 9999.000000 9999.000000
1822 9999.000000 9999.000000
1823 9999.000000 9999.000000
1824 9999.000000 9999.000000
1825 9999.000000 9999.000000
1826 9999.000000 9999.000000
1827 9999.000000 9999.000000
1828 9999.000000 9999.000000
1829 9999.000000 9999.000000
1830 9999.000000 9999.000000
1831 9999.000000 9999.000000
1832 9999.000000 9999.000000
1833 9999.000000 9999.000000
1834 9999.000000 9999.000000
1835 9999.000000 9999.000000
1836 9999.000000 9999.000000
1837 9999.000000 9999.000000
1838 9999.000000 9999.000000
1839 9999.000000 9999.000000
1840 9999.000000 9999.000000
1841 9999.000000 9999.000000
1842 9999.000000 9999.000000
1843 9999.000000 9999.000000
1844 9999.000000 9999.000000
1845 9999.000000 9999.000000
1846 9999.000000 9999.000000
1847 9999.000000 9999.000000
1848 9999.000000 9999.000000
1849 9999.000000 9999.000000
1850 9999.000000 9999.000000
1851 9999.000000 9999.000000
1852 9999.000000 9999.000000
1853 9999.000000 9999.000000
1854 9999.000000 9999.000000
1855 9999.000000 9999.000000
1856 9999.000000 9999.000000
1857 9999.000000 9999.000000
1858 9999.000000 9999.000000
1859 9999.000000 9999.000000
1860 9999.000000 9999.000000
1861 9999.000000 9999.000000
1862 9999.000000 9999.000000
1863 9999.000000 9999.000000
1864 9999.000000 9999.000000
1865 9999.000000 9999.000000
1866 9999.000000 9999.000000
1867 9999.000000 9999.000000
1868 9999.000000 9999.000000
1869 9999.000000 9999.000000
1870 9999.000000 9999.000000
1871 9999.000000 9999.000000
1872 9999.000000 9999.000000
1873 9999.000000 9999.000000
1874 9999.000000 9999.000000
1875 9999.000000 9999.000000
1876 9999.000000 9999.000000
1877 9999.000000 9999.000000
1878 9999.000000 9999.000000
1879 9999.000000 9999.000000
1880 9999.000000 9999.000000
1881 9999.000000 9999.000000
1882 9999.000000 9999.000000
1883 9999.000000 9999.000000
1884 9999.000000 9999.000000
1885 9999.000000 9999.000000
1886 9999.000000 9999.000000
1887 9999.000000 9999.000000
1888 9999.000000 9999.000000
1889 9999.000000 9999.000000
1890 9999.000000 9999.000000
1891 9999.000000 9999.000000
1892 9999.000000 9999.000000
1893 9999.000000 9999.000000
1894 9999.000000 9999.000000
1895 9999.000000 9999.000000
1896 9999.000000 9999.000000
1897 9999.000000 9999.000000
1898 9999.000000 9999.000000
1899 9999.000000 9999.000000
1900 9999.000000 9999.000000
1901 9999.000000 9999.000000
1902 9999.000000 9999.000000
1903 9999.000000 9999.000000
1904 9999.000000 9999.000000
1905 9999.000000 9999.000000
1906 9999.000000 9999.000000
1907 9999.000000 9999.000000
1908 9999.000000 9999.000000
1909 9999.000000 9999.000000
1910 9999.000000 9999.000000
1911 9999.000000 9999.000000
1912 9999.000000 9999.000000
1913 9999.000000 9999.000000
1914 9999.000000 9999.000000
1915 9999.000000 9999.000000
1916 9999.000000 9999.000000
1917 9999.000000 9999.000000
1918 9999.000000 9999.000000
1919 9999.000000 9999.000000
1920 9999.000000 9999.000000
1921 9999.000000 9999.000000
1922 9999.000000 9999.000000
1923 9999.000000 9999.000000
1924 9999.000000 9999.000000
1925 9999.000000 9999.000000
1926 9999.000000 9999.000000
1927 9999.000000 9999.000000
1928 9999.000000 9999.000000
1929 9999.000000 9999.000000
1930 9999.000000 9999.000000
1931 9999.000000 9999.000000
1932 9999.000000 9999.000000
1933 9999.000000 9999.000000
1934 9999.000000 9999.000000
1935 9999.000000 9999.000000
1936 9999.000000 9999.000000
1937 9999.000000 9999.000000
1938 9999.000000 9999.000000
1939 9999.000000 9999.000000
1940 9999.000000 9999.000000
1941 9999.000000 9999.000000
1942 9999.000000 9999.000000
1943 9999.000000 9999.000000
1944 9999.000000 9999.000000
1945 9999.000000 9999.000000
1946 9999.000000 9999.000000
1947 9999.000000 9999.000000
1948 9999.000000 9999.000000
1949 9999.000000 9999.000000
1950 9999.000000 9999.000000
1951 9999.000000 9999.000000
1952 9999.000000 9999.000000
1953 9999.000000 9999.000000
1954 9999.000000 9999.000000
1955 9999.000000 9999.000000
1956 9999.000000 9999.000000
1957 9999.000000 9999.000000
1958 9999.000000 9999.000000
1959 9999.000000 9999.000000
1960 9999.000000 9999.000000
1961 9999.000000 9999.000000
1962 9999.000000 9999.000000
1963 9999.000000 9999.000000
1964 9999.000000 9999.000000
1965 9999.000000 9999.000000
1966 9999.000000 9999.000000
1967 9999.000000 9999.000000
1968 9999.000000 9999.000000
1969 9999.000000 9999.000000
1970 9999.000000 9999.000000
1971 9999.000000 9999.000000
1972 9999.000000 9999.000000
1973 9999.000000 9999.000000
1974 9999.000000 9999.000000
1975 9999.000000 9999.000000
1976 9999.000000 9999.000000
1977 9999.000000 9999.000000
1978 9999.000000 9999.000000
1979 9999.000000 9999.000000
1980 9999.000000 9999.000000
1981 9999.000000 9999.000000
1982 9999.000000 9999.000000
1983 9999.000000 9999.000000
1984 9999.000000 9999.000000
1985 9999.000000 9999.000000
1986 9999.000000 9999.000000
1987 9999.000000 9999.000000
1988 9999.000000 9999.000000
1989 9999.000000 9999.000000
1990 9999.000000 9999.000000
1991 9999.000000 9999.000000
1992 9999.000000 9999.000000
1993 9999.000000 9999.000000
1994 9999.000000 9999.000000
1995 9999.000000 9999.000000
1996 9999.000000 9999.000000
1997 9999.000000 9999.000000
1998 9999.000000 9999.000000
1999 9999.000000 9999.000000
2000 9999.000000 9999.000000
2001 9999.000000 9999.000000
2002 9999.000000 9999.000000
2003 9999.000000 9999.000000
2004 9999.000000 9999.000000
2005 9999.000000 9999.000000
2006 9999.000000 9999.000000
2007 9999.000000 9999.000000
2008 9999.000000 9999.000000
2009 9999.000000 9999.000000
2010 9999.000000 9999.000000
2011 9999.000000 9999.000000
2012 9999.000000 9999.000000
2013 9999.000000 9999.000000
2014 9999.000000 9999.000000
2015 9999.000000 9999.000000
2016 9999.000000 9999.000000
2017 9999.000000 9999.000000
2018 9999.000000 9999.000000
2019 9999.000000 9999.000000
2020 9999.000000 9999.000000
2021 9999.000000 9999.000000
2022 9999.000000 9999.000000
2023 9999.000000 9999.000000
2024 9999.000000 9999.000000
2025 9999.000000 9999.000000
2026 9999.000000 9999.000000
2027 9999.000000 9999.000000
2028 9999.000000 9999.000000
2029 9999.000000 9999.000000
2030 9999.000000 9999.000000
2031 9999.000000 9999.000000
2032 9999.000000 9999.000000
2033 9999.000000 9999.000000
2034 9999.000000 9999.000000
2035 9999.000000 9999.000000
2036 9999.000000 9999.000000
2037 9999.000000 9999.000000
2038 9999.000000 9999.000000
2039 9999.000000 9999.000000
2040 9999.000000 9999.000000
2041 9999.000000 9999.000000
2042 9999.000000 9999.000000
2043 9999.000000 9999.000000
2044 9999.000000 9999.000000
2045 9999.000000 9999.000000
2046 9999.000000 9999.000000
2047 9999.000000 9999.000000
2048 9999.000000 9999.000000
2049 9999.000000 9999.000000
2050 9999.000000 9999.000000
2051 9999.000000 9999.000000
2052 9999.000000 9999.000000
2053 9999.000000 9999.000000
2054 9999.000000 9999.000000
2055 9999.000000 9999.000000
2056 9999.000000 9999.000000
2057 9999.000000 9999.000000
2058 9999.000000 9999.000000
2059 9999.000000 9999.000000
2060 9999.000000 9999.000000
2061 9999.000000 9999.000000
2062 9999.000000 9999.000000
2063 9999.000000 9999.000000
2064 9999.000000 9999.000000
2065 9999.000000 9999.000000
2066 9999.000000 9999.000000
2067 9999.000000 9999.000000
2068 9999.000000 9999.000000
2069 9999.000000 9999.000000
2070 9999.000000 9999.000000
2071 9999.000000 9999.000000
2072 9999.000000 9999.000000
2073 9999.000000 9999.000000
2074 9999.000000 9999.000000
2075 9999.000000 9999.000000
2076 9999.000000 9999.000000
2077 9999.000000 9999.000000
2078 9999.000000 9999.000000
2079 9999.000000 9999.000000
2080 9999.000000 9999.000000
2081 9999.000000 9999.000000
2082 9999.000000 9999.000000
2083 9999.000000 9999.000000
2084 9999.000000 9999.000000
2085 9999.000000 9999.000000
2086 9999.000000 9999.000000
2087 9999.000000 9999.000000
2088 9999.000000 9999.000000
2089 9999.000000 9999.000000
2090 9999.000000 9999.000000
2091 9999.000000 9999.000000
2092 9999.000000 9999.000000
2093 9999.000000 9999.000000
2094 9999.000000 9999.000000
2095 9999.000000 9999.000000
2096 9999.000000 9999.000000
2097 9999.000000 9999.000000
2098 9999.000000 9999.000000
2099 9999.000000 9999.000000
2100 9999.000000 9999.000000
2101 9999.000000 9999.000000
2102 9999.000000 9999.000000
2103 9999.000000 9999.000000
2104 9999.000000 9999.000000
2105 9999.000000 9999.000000
2106 9999.000000 9999.000000
2107 9999.000000 9999.000000
2108 9999.000000 9999.000000
2109 9999.000000 9999.000000
2110 9999.000000 9999.000000
2111 9999.000000 9999.000000
2112 9999.000000 9999.000000
2113 9999.000000 9999.000000
2114 9999.000000 9999.000000
2115 9999.000000 9999.000000
2116 9999.000000 9999.000000
2117 9999.000000 9999.000000
2118 9999.000000 9999.000000
2119 9999.000000 9999.000000
2120 9999.000000 9999.000000
2121 9999.000000 9999.000000
2122 9999.000000 9999.000000
2123 9999.000000 9999.000000
2124 9999.000000 9999.000000
2125 9999.000000 9999.000000
2126 9999.000000 9999.000000
2127 9999.000000 9999.000000
2128 9999.000000 9999.000000
2129 9999.000000 9999.000000
2130 9999.000000 9999.000000
2131 9999.000000 9999.000000
2132 9999.000000 9999.000000
2133 9999.000000 9999.000000
2134 9999.000000 9999.000000
2135 9999.000000 9999.000000
2136 9999.000000 9999.000000
2137 9999.000000 9999.000000
2138 9999.000000 9999.000000
2139 9999.000000 9999.000000
2140 9999.000000 9999.000000
2141 9999.000000 9999.000000
2142 9999.000000 9999.000000
2143 9999.000000 9999.000000
2144 9999.000000 9999.000000
2145 9999.000000 9999.000000
2146 9999.000000 9999.000000
2147 9999.000000 9999.000000
2148 9999.000000 9999.000000
2149 9999.000000 9999.000000
2150 9999.000000 9999.000000
2151 9999.000000 9999.000000
2152 9999.000000 9999.000000
2153 9999.000000 9999.000000
2154 9999.000000 9999.000000
2155 9999.000000 9999.000000
2156 9999.000000 9999.000000
2157 9999.000000 9999.000000
2158 9999.000000 9999.000000
2159 9999.000000 9999.000000
2160 9999.000000 9999.000000
2161 9999.000000 9999.000000
2162 9999.000000 9999.000000
2163 9999.000000 9999.000000
2164 9999.000000 9999.000000
2165 9999.000000 9999.000000
2166 9999.000000 9999.000000
2167 9999.000000 9999.000000
2168 9999.000000 9999.000000
2169 9999.000000 9999.000000
2170 9999.000000 9999.000000
2171 9999.000000 9999.000000
2172 9999.000000 9999.000000
2173 9999.000000 9999.000000
2174 9999.000000 9999.000000
2175 9999.000000 9999.000000
2176 9999.000000 9999.000000
2177 9999.000000 9999.000000
2178 9999.000000 9999.000000
2179 9999.000000 9999.000000
2180 9999.000000 9999.000000
2181 9999.000000 9999.000000
2182 9999.000000 9999.000000
2183 9999.000000 9999.000000
2184 9999.000000 9999.000000
2185 9999.000000 9999.000000
2186 9999.000000 9999.000000
2187 9999.000000 9999.000000
2188 9999.000000 9999.000000
2189 9999.000000 9999.000000
2190 9999.000000 9999.000000
2191 9999.000000 9999.000000
2192 9999.000000 9999.000000
2193 9999.000000 9999.000000
2194 9999.000000 9999.000000
2195 9999.000000 9999.000000
2196 9999.000000 9999.000000
2197 9999.000000 9999.000000
2198 9999.000000 9999.000000
2199 9999.000000 9999.000000
2200 9999.000000 9999.000000
2201 9999.000000 9999.000000
2202 9999.000000 9999.000000
2203 9999.000000 9999.000000
2204 9999.000000 9999.000000
2205 9999.000000 9999.000000
2206 9999.000000 9999.000000
2207 9999.000000 9999.000000
2208 9999.000000 9999.000000
2209 9999.000000 9999.000000
2210 9999.000000 9999.000000
2211 9999.000000 9999.000000
2212 9999.000000 9999.000000
2213 9999.000000 9999.000000
2214 9999.000000 9999.000000
2215 9999.000000 9999.000000
2216 9999.000000 9999.000000
2217 9999.000000 9999.000000
2218 9999.000000 9999.000000
2219 9999.000000 9999.000000
2220 9999.000000 9999.000000
2221 9999.000000 9999.000000
2222 9999.000000 9999.000000
2223 9999.000000 9999.000000
2224 9999.000000 9999.000000
2225 9999.000000 9999.000000
2226 9999.000000 9999.000000
2227 9999.000000 9999.000000
2228 9999.000000 9999.000000
2229 9999.000000 9999.000000
2230 9999.000000 9999.000000
2231 9999.000000 9999.000000
2232 9999.000000 9999.000000
2233 9999.000000 9999.000000
2234 9999.000000 9999.000000
2235 9999.000000 9999.000000
2236 9999.000000 9999.000000
2237 9999.000000 9999.000000
2238 9999.000000 9999.000000
2239 9999.000000 9999.000000
2240 9999.000000 9999.000000
2241 9999.000000 9999.000000
2242 9999.000000 9999.000000
2243 9999.000000 9999.000000
2244 9999.000000 9999.000000
2245 9999.000000 9999.000000
2246 9999.000000 9999.000000
2247 9999.000000 9999.000000
2248 9999.000000 9999.000000
2249 9999.000000 9999.000000
2250 9999.000000 9999.000000
2251 9999.000000 9999.000000
2252 9999.000000 9999.000000
2253 9999.000000 9999.000000
2254 9999.000000 9999.000000
2255 9999.000000 9999.000000
2256 9999.000000 9999.000000
2257 9999.000000 9999.000000
2258 9999.000000 9999.000000
2259 9999.000000 9999.000000
2260 9999.000000 9999.000000
2261 9999.000000 9999.000000
2262 9999.000000 9999.000000
2263 9999.000000 9999.000000
2264 9999.000000 9999.000000
2265 9999.000000 9999.000000
2266 9999.000000 9999.000000
2267 9999.000000 9999.000000
2268 9999.000000 9999.000000
2269 9999.000000 9999.000000
2270 9999.000000 9999.000000
2271 9999.000000 9999.000000
2272 9999.000000 9999.000000
2273 9999.000000 9999.000000
2274 9999.000000 9999.000000
2275 9999.000000 9999.000000
2276 9999.000000 9999.000000
2277 9999.000000 9999.000000
2278 9999.000000 9999.000000
2279 9999.000000 9999.000000
2280 9999.000000 9999.000000
2281 9999.000000 9999.000000
2282 9999.000000 9999.000000
2283 9999.000000 9999.000000
2284 9999.000000 9999.000000
2285 9999.000000 9999.000000
2286 9999.000000 9999.000000
2287 9999.000000 9999.000000
2288 9999.000000 9999.000000
2289 9999.000000 9999.000000
2290 9999.000000 9999.000000
2291 9999.000000 9999.000000
2292 9999.000000 9999.000000
2293 9999.000000 9999.000000
2294 9999.000000 9999.000000
2295 9999.000000 9999.000000
2296 9999.000000 9999.000000
2297 9999.000000 9999.000000
2298 9999.000000 9999.000000
2299 9999.000000 9999.000000
2300 9999.000000 9999.000000
2301 9999.000000 9999.000000
2302 9999.000000 9999.000000
2303 9999.000000 9999.000000
2304 9999.000000 9999.000000
2305 9999.000000 9999.000000
2306 9999.000000 9999.000000
2307 9999.000000 9999.000000
2308 9999.000000 9999.000000
2309 9999.000000 9999.000000
2310 9999.000000 9999.000000
2311 9999.000000 9999.000000
2312 9999.000000 9999.000000
2313 9999.000000 9999.000000
2314 9999.000000 9999.000000
2315 9999.000000 9999.000000
2316 9999.000000 9999.000000
2317 9999.000000 9999.000000
2318 9999.000000 9999.000000
2319 9999.000000 9999.000000
2320 9999.000000 9999.000000
2321 9999.000000 9999.000000
2322 9999.000000 9999.000000
2323 9999.000000 9999.000000
2324 9999.000000 9999.000000
2325 9999.000000 9999.000000
2326 9999.000000 9999.000000
2327 9999.000000 9999.000000
2328 9999.000000 9999.000000
2329 9999.000000 9999.000000
2330 9999.000000 9999.000000
2331 9999.000000 9999.000000
2332 9999.000000 9999.000000
2333 9999.000000 9999.000000
2334 9999.000000 9999.000000
2335 9999.000000 9999.000000
2336 9999.000000 9999.000000
2337 9999.000000 9999.000000
2338 9999.000000 9999.000000
2339 9999.000000 9999.000000
2340 9999.000000 9999.000000
2341 9999.000000 9999.000000
2342 9999.000000 9999.000000
2343 9999.000000 9999.000000
2344 9999.000000 9999.000000
2345 9999.000000 9999.000000
2346 9999.000000 9999.000000
2347 9999.000000 9999.000000
2348 9999.000000 9999.000000
2349 9999.000000 9999.000000
2350 9999.000000 9999.000000
2351 9999.000000 9999.000000
2352 9999.000000 9999.000000
2353 9999.000000 9999.000000
2354 9999.000000 9999.000000
2355 9999.000000 9999.000000
2356 9999.000000 9999.000000
2357 9999.000000 9999.000000
2358 9999.000000 9999.000000
2359 9999.000000 9999.000000
2360 9999.000000 9999.000000
2361 9999.000000 9999.000000
2362 9999.000000 9999.000000
2363 9999.000000 9999.000000
2364 9999.000000 9999.000000
2365 9999.000000 9999.000000
2366 9999.000000 9999.000000
2367 9999.000000 9999.000000
2368 9999.000000 9999.000000
2369 9999.000000 9999.000000
2370 9999.000000 9999.000000
2371 9999.000000 9999.000000
2372 9999.000000 9999.000000
2373 9999.000000 9999.000000
2374 9999.000000 9999.000000
2375 9999.000000 9999.000000
2376 9999.000000 9999.000000
2377 9999.000000 9999.000000
2378 9999.000000 9999.000000
2379 9999.000000 9999.000000
2380 9999.000000 9999.000000
2381 9999.000000 9999.000000
2382 9999.000000 9999.000000
2383 9999.000000 9999.000000
2384 9999.000000 9999.000000
2385 9999.000000 9999.000000
2386 6373.129883 733.572998
2387 5697.500000 467.832001
2388 5337.100098 456.153015
2389 6281.720215 632.935974
2390 3512.679932 267.238007
2391 4847.930176 399.471985
2392 4847.290039 407.187012
2393 5527.910156 421.174988
2394 4470.000000 359.654999
2395 3340.969971 294.622009
2396 6065.120117 528.497986
2397 6697.439941 668.473999
2398 4868.229980 401.576996
2399 2789.989990 238.699005
2400 4333.029785 323.859985
2401 4507.620117 362.618988
2402 4353.560059 318.984009
2403 3872.750000 289.325012
2404 6374.040039 507.946014
2405 6052.120117 566.965027
2406 5996.750000 2595.169922
2407 5041.339844 481.962006
2408 6165.919922 610.856018
2409 4297.020020 369.011993
2410 4961.240234 455.243988
2411 3564.510010 295.790009
2412 6153.020020 453.579010
2413 3932.979980 258.018005
2414 6233.229980 497.010986
2415 5837.089844 494.601990
2416 3672.729980 293.789001
2417 7081.200195 2264.719971
2418 6232.500000 2545.449951
2419 5764.049805 560.776978
2420 5112.709961 501.631989
2421 3816.840088 305.604004
2422 7725.459961 632.315979
2423 3088.689941 268.843994
2424 5188.129883 381.070007
2425 5311.299805 361.695007
2426 5175.890137 419.927002
2427 5219.290039 450.045990
2428 6455.069824 555.200989
2429 7518.160156 2261.540039
2430 3808.560059 1332.030029
2431 4292.890137 439.140991
2432 4723.220215 450.828003
2433 4071.510010 345.506012
2434 4586.609863 418.855011
2435 5042.609863 469.054993
2436 4588.759766 365.691010
2437 4898.399902 395.164001
2438 4149.109863 265.174011
2439 3483.810059 305.730011
2440 4788.229980 381.479004
2441 4970.520020 1619.910034
2442 4185.319824 1423.800049
2443 3850.100098 410.652008
2444 3114.620117 277.483002
2445 3693.760010 305.066010
2446 5183.009766 430.285004
2447 2751.979980 220.334000
2448 3475.389893 221.889008
2449 5070.299805 383.382996
2450 2757.870117 206.343002
2451 3410.399902 251.785004
2452 5272.459961 453.678009
2453 4424.729980 598.085999
2454 4865.759766 1840.750000
2455 2960.840088 279.080994
2456 4743.080078 393.270996
2457 5353.580078 508.165009
2458 5508.700195 432.014008
2459 3228.149902 235.044998
2460 4446.500000 336.372986
2461 4817.479980 401.864014
2462 3985.860107 301.252991
2463 2825.419922 221.789993
2464 4287.930176 346.734985
2465 3211.719971 397.596008
2466 2716.830078 725.539001
2467 4662.000000 764.822998
2468 3913.629883 393.112000
2469 5249.609863 440.829010
2470 3451.110107 266.015015
2471 4773.189941 338.601990
2472 6018.430176 504.308990
2473 4579.200195 410.641998
2474 5994.560059 477.966003
2475 4974.339844 456.018005
2476 5174.649902 406.890991
2477 3210.320068 275.737000
2478 4010.060059 1424.290039
2479 3269.629883 231.417007
2480 4233.310059 375.821014
2481 2995.709961 229.600006
2482 5469.910156 453.312988
2483 5448.209961 434.286987
2484 3514.159912 244.996994
2485 4775.629883 326.128998
2486 4867.930176 385.942993
2487 4387.870117 378.524994
2488 5677.270020 468.955994
2489 4210.060059 1373.550049
2490 3928.229980 1521.550049
2491 2558.439941 196.694000
2492 4408.759766 373.420990
2493 5377.819824 521.445984
2494 5839.899902 548.812012
2495 4296.379883 322.846985
2496 5038.250000 411.450012
2497 3154.179932 252.716995
2498 4149.970215 366.759003
2499 4274.009766 355.571991
2500 4753.520020 379.006989
2501 5159.740234 1975.359985
2502 4102.120117 1201.650024
2503 6171.359863 1608.949951
2504 5695.189941 529.932007
2505 4089.620117 411.787994
2506 5311.919922 481.872986
2507 6205.990234 513.966980
2508 4618.310059 379.453003
2509 3720.919922 315.028015
2510 3573.350098 295.582001
2511 3129.969971 252.266006
2512 3053.830078 224.386993
2513 4047.669922 978.356995
2514 2993.540039 684.783020
2515 3771.889893 338.402008
2516 5272.569824 456.373993
2517 3641.379883 303.743988
2518 3178.239990 244.608002
2519 3429.590088 269.294006
2520 3369.100098 263.062988
2521 4915.529785 402.545990
2522 4100.189941 308.394012
2523 3954.060059 333.434998
2524 4298.149902 310.618011
2525 4642.270020 1378.329956
2526 9999.000000 9999.000000
2527 9999.000000 9999.000000
2528 9999.000000 9999.000000
2529 9999.000000 9999.000000
2530 9999.000000 9999.000000
2531 9999.000000 9999.000000
2532 9999.000000 9999.000000
2533 9999.000000 9999.000000
2534 9999.000000 9999.000000
2535 9999.000000 9999.000000
2536 9999.000000 9999.000000
2537 9999.000000 9999.000000
2538 9999.000000 9999.000000
2539 9999.000000 9999.000000
2540 9999.000000 9999.000000
2541 9999.000000 9999.000000
2542 9999.000000 9999.000000
2543 9999.000000 9999.000000
2544 9999.000000 9999.000000
2545 9999.000000 9999.000000
2546 9999.000000 9999.000000
2547 9999.000000 9999.000000
2548 9999.000000 9999.000000
2549 9999.000000 9999.000000
2550 9999.000000 9999.000000
2551 9999.000000 9999.000000
2552 9999.000000 9999.000000
2553 9999.000000 9999.000000
2554 9999.000000 9999.000000
2555 9999.000000 9999.000000
2556 9999.000000 9999.000000
2557 9999.000000 9999.000000
2558 9999.000000 9999.000000
2559 9999.000000 9999.000000
2560 9999.000000 9999.000000
2561 9999.000000 9999.000000
2562 9999.000000 9999.000000
2563 9999.000000 9999.000000
2564 9999.000000 9999.000000
2565 9999.000000 9999.000000
2566 9999.000000 9999.000000
2567 9999.000000 9999.000000
2568 9999.000000 9999.000000
2569 9999.000000 9999.000000
2570 9999.000000 9999.000000
2571 9999.000000 9999.000000
2572 9999.000000 9999.000000
2573 9999.000000 9999.000000
2574 9999.000000 9999.000000
2575 9999.000000 9999.000000
2576 9999.000000 9999.000000
2577 9999.000000 9999.000000
2578 9999.000000 9999.000000
2579 9999.000000 9999.000000
2580 9999.000000 9999.000000
2581 9999.000000 9999.000000
2582 9999.000000 9999.000000
2583 9999.000000 9999.000000
2584 9999.000000 9999.000000
2585 9999.000000 9999.000000
2586 9999.000000 9999.000000
2587 9999.000000 9999.000000
2588 9999.000000 9999.000000
2589 9999.000000 9999.000000
2590 9999.000000 9999.000000
2591 9999.000000 9999.000000
2592 9999.000000 9999.000000
2593 9999.000000 9999.000000
2594 9999.000000 9999.000000
2595 9999.000000 9999.000000
2596 9999.000000 9999.000000
2597 9999.000000 9999.000000
2598 9999.000000 9999.000000
2599 9999.000000 9999.000000
2600 9999.000000 9999.000000
2601 9999.000000 9999.000000
2602 9999.000000 9999.000000
2603 9999.000000 9999.000000
2604 9999.000000 9999.000000
2605 9999.000000 9999.000000
2606 9999.000000 9999.000000
2607 9999.000000 9999.000000
2608 9999.000000 9999.000000
2609 9999.000000 9999.000000
2610 9999.000000 9999.000000
2611 9999.000000 9999.000000
2612 9999.000000 9999.000000
2613 9999.000000 9999.000000
2614 9999.000000 9999.000000
2615 9999.000000 9999.000000
2616 9999.000000 9999.000000
2617 9999.000000 9999.000000
2618 9999.000000 9999.000000
2619 9999.000000 9999.000000
2620 9999.000000 9999.000000
2621 9999.000000 9999.000000
2622 9999.000000 9999.000000
2623 9999.000000 9999.000000
2624 9999.000000 9999.000000
2625 9999.000000 9999.000000
2626 9999.000000 9999.000000
2627 9999.000000 9999.000000
2628 9999.000000 9999.000000
2629 9999.000000 9999.000000
2630 9999.000000 9999.000000
2631 9999.000000 9999.000000
2632 9999.000000 9999.000000
2633 9999.000000 9999.000000
2634 9999.000000 9999.000000
2635 9999.000000 9999.000000
2636 9999.000000 9999.000000
2637 9999.000000 9999.000000
2638 9999.000000 9999.000000
2639 9999.000000 9999.000000
2640 9999.000000 9999.000000
2641 9999.000000 9999.000000
2642 9999.000000 9999.000000
2643 9999.000000 9999.000000
2644 9999.000000 9999.000000
2645 9999.000000 9999.000000
2646 9999.000000 9999.000000
2647 9999.000000 9999.000000
2648 9999.000000 9999.000000
2649 9999.000000 9999.000000
2650 9999.000000 9999.000000
2651 9999.000000 9999.000000
2652 9999.000000 9999.000000
2653 9999.000000 9999.000000
2654 9999.000000 9999.000000
2655 9999.000000 9999.000000
2656 9999.000000 9999.000000
2657 9999.000000 9999.000000
2658 9999.000000 9999.000000
2659 9999.000000 9999.000000
2660 9999.000000 9999.000000
2661 9999.000000 9999.000000
2662 9999.000000 9999.000000
2663 9999.000000 9999.000000
2664 9999.000000 9999.000000
2665 9999.000000 9999.000000
2666 9999.000000 9999.000000
2667 9999.000000 9999.000000
2668 9999.000000 9999.000000
2669 9999.000000 9999.000000
2670 9999.000000 9999.000000
2671 9999.000000 9999.000000
2672 9999.000000 9999.000000
2673 9999.000000 9999.000000
2674 9999.000000 9999.000000
2675 9999.000000 9999.000000
2676 9999.000000 9999.000000
2677 9999.000000 9999.000000
2678 9999.000000 9999.000000
2679 9999.000000 9999.000000
2680 9999.000000 9999.000000
2681 9999.000000 9999.000000
2682 9999.000000 9999.000000
2683 9999.000000 9999.000000
2684 9999.000000 9999.000000
2685 9999.000000 9999.000000
2686 9999.000000 9999.000000
2687 9999.000000 9999.000000
2688 9999.000000 9999.000000
2689 9999.000000 9999.000000
2690 9999.000000 9999.000000
2691 9999.000000 9999.000000
2692 9999.000000 9999.000000
2693 9999.000000 9999.000000
2694 9999.000000 9999.000000
2695 9999.000000 9999.000000
2696 9999.000000 9999.000000
2697 9999.000000 9999.000000
2698 9999.000000 9999.000000
2699 9999.000000 9999.000000
2700 9999.000000 9999.000000
2701 9999.000000 9999.000000
2702 9999.000000 9999.000000
2703 9999.000000 9999.000000
2704 9999.000000 9999.000000
2705 9999.000000 9999.000000
2706 9999.000000 9999.000000
2707 9999.000000 9999.000000
2708 9999.000000 9999.000000
2709 9999.000000 9999.000000
2710 9999.000000 9999.000000
2711 9999.000000 9999.000000
2712 9999.000000 9999.000000
2713 9999.000000 9999.000000
2714 9999.000000 9999.000000
2715 9999.000000 9999.000000
