0	1120.49	108.21
1	1161.52	100.839
2	1673.48	148.246
3	1166.61	94.3361
4	1333.68	123.846
5	1145.36	98.8937
6	818.163	79.8994
7	1233.32	120.147
8	1180.12	96.9982
9	1195.5	114.929
10	1148.31	119.483
11	1289.55	195.093
12	1103.49	98.3696
13	1465.51	131.775
14	1279.54	117.015
15	1160.17	104.173
16	1447.84	117.78
17	1202.15	111.256
18	1176.45	116.819
19	1238.97	136.209
20	1493.15	94.7392
21	1014.71	352.738
22	1036	93.0153
23	876.136	72.6558
24	819.538	89.3352
25	1163.82	119.295
26	853.927	218.651
27	878.326	85.3811
28	1075.09	100.851
29	969.278	111.031
30	1064.42	91.497
31	986.953	92.5491
32	1225.35	132.131
33	1066.68	101.619
34	1162.82	102.307
35	1159.05	111.097
36	731.89	88.4065
37	1145.01	95.7217
38	956.383	80.4602
39	960.922	88.7746
40	968.789	96.0759
41	905.794	98.6434
42	1150.52	107.379
43	846.275	94.8998
44	801.432	72.1669
45	733.718	54.4114
46	809.349	80.4654
47	1167.43	93.7654
48	1157.48	98.7852
49	1159.51	104.796
50	1148.95	86.6252
51	1165.22	113.986
52	1149.44	97.4222
53	1253.23	98.7354
54	1587.89	156.227
55	1176.82	90.3787
56	1156.94	97.5599
57	1254.11	105.383
58	1221.42	113.302
59	1426.74	150.18
60	1164.49	103.949
61	1388.17	127.602
62	1158.48	133.148
63	964.635	296.565
64	1150.91	87.7155
65	1386.27	115.673
66	1304.63	127.4
67	1319.98	101.631
68	1174.14	95.6864
69	1037.19	123.429
70	874.693	169.27
71	893.833	96.1401
72	751.247	69.7079
73	1009.32	81.8517
74	945.775	96.5449
75	1135.93	91.3261
76	919.757	109.277
77	1173.74	116.858
78	996.763	183.734
79	751.299	59.6074
80	941.035	80.2731
81	851.795	84.498
82	931.412	73.1714
83	1257.42	107.729
84	946.525	80.2677
85	1148.88	108.584
86	1062.99	91.6328
87	1170.04	145.53
88	781.013	64.2914
89	951.719	81.9357
90	1031.57	74.5395
91	1022.25	107.414
92	756.604	89.6581
93	1043.05	99.169
94	1036.43	77.767
95	1141.44	152.284
96	1198.12	108.857
97	1501.06	136.77
98	1562.55	136.41
99	1175.46	109.394
100	1162.72	99.9047
101	1142.43	82.2127
102	1157.09	115.791
103	1447.58	131.003
104	1149.68	98.9417
105	1195.64	118.167
106	1353.64	157.477
107	1666.7	147.022
108	1371.02	118.483
109	954.06	311.402
110	850.435	277.489
111	1910.26	157.746
112	1120.33	171.465
113	1182.72	119.049
114	1213.92	94.2696
115	1205.09	99.0986
116	926.817	313.364
117	909.87	109.195
118	992.074	136.181
119	990.698	107.185
120	845.369	109.74
121	1038.16	81.9955
122	1137.92	107.672
123	1143.87	139.306
124	879.775	107.385
125	995	106.362
126	995.571	117.878
127	818.812	74.9442
128	1133.41	113.74
129	663.647	52.9635
130	995.404	101.788
131	814.155	95.2042
132	728.593	91.5099
133	873.901	66.219
134	1127.96	92.6822
135	1144.11	92.2269
136	1122.25	158.38
137	1033.54	89.794
138	894.872	75.0146
139	877.314	70.531
140	1044.45	99.5316
141	1190.56	97.7302
142	1145.48	89.8462
143	956.673	80.6468
144	1123.33	112.177
145	1146.53	91.0652
146	1130.18	98.4489
147	1378.28	111.167
148	1140.56	91.2759
149	1405.87	117.444
150	1258.29	116.759
151	1111.82	108.79
152	1149.82	83.8863
153	1536.1	132.228
154	1526.04	139.89
155	942.912	324.799
156	1355.25	127.009
157	1117.17	400.229
158	1802.28	146.284
159	1030.32	327.539
160	1656.04	161.131
161	1548.24	133.222
162	1165.42	93.819
163	1179.87	113.62
164	1286.19	105.965
165	855.4	152.775
166	918.458	96.8972
167	755.18	85.7231
168	841.981	117.239
169	986.79	125.949
170	980.007	110.09
171	1145.05	125.991
172	1173.82	127.296
173	1023.53	153.474
174	1113.93	125.679
175	1139.55	109.822
176	918.07	82.0103
177	803.415	130.305
178	1140.22	97.9112
179	981.762	108.376
180	853.796	82.5151
181	954.688	88.6302
182	1008.03	93.3388
183	1160.89	103.787
184	1189.12	95.8509
185	719.68	62.1458
186	1131.79	119.455
187	943.924	78.7743
188	1088.16	104.039
189	1089.86	83.9656
190	837.013	72.4871
191	280.065	0.246274
192	1532.91	123.133
193	1143.36	94.3088
194	1152.73	102.107
195	1195.65	88.943
196	1207.22	122.566
197	1153.13	108.314
198	1172.16	121.974
199	1196.27	112.604
200	1575.89	151.277
201	1215.47	117.05
202	1195.33	118.507
203	1071.33	135.412
204	1150.2	90.8935
205	1147.57	109.12
206	975.514	339.633
207	1123.93	189.998
208	1187.83	104.791
209	1114.3	105.229
210	1235.18	109.511
211	1108.87	127.245
212	1848.95	170.955
213	927.08	261.173
214	891.379	108.938
215	683.491	231.85
216	871.134	155.159
217	827.572	106.318
218	914.67	263.898
219	1087.35	152.86
220	1174.43	138.134
221	905.334	112.561
222	1020.14	110.213
223	1002.62	77.997
224	1084.63	125.881
225	849.386	95.6628
226	830.783	71.2711
227	884.348	137.099
228	968.827	78.2293
229	1125.09	96.8799
230	792.747	81.544
231	714.164	42.6059
232	810.109	81.2867
233	847.632	70.4925
234	1116.18	68.4364
235	1166.94	116.195
236	823.594	76.1944
237	785.418	72.4375
238	1177.36	107.381
239	905.072	92.1342
240	1144.79	104.469
241	1110.55	88.0443
242	1356.36	103.125
243	1179.36	118.106
244	1142.37	112.07
245	1164.86	103.172
246	1251.55	105.24
247	1184.33	107.695
248	1487.64	131.964
249	1254.96	118.923
250	1498.84	118.229
251	1174.32	127.337
252	1184.59	111.869
253	1129.89	99.7696
254	1200.25	112.805
255	1096.91	172.193
256	1445.41	148.073
257	804.778	276.072
258	1569.43	147.429
259	1185.93	110.362
260	1907.27	198.726
261	755.012	110.081
262	1047.58	120.574
263	1073.26	123.922
264	1171.52	126.969
265	1038.09	111.699
266	803.074	105.184
267	928.803	178.578
268	967.516	144.498
269	963.846	99.9691
270	807.973	96.5458
271	761.408	81.5024
272	953.816	111.312
273	897.576	96.6516
274	1351.42	112.761
275	1343.76	139.323
276	891.254	80.7537
277	951.711	91.3456
278	870.481	83.1258
279	755.853	74.0307
280	990.189	86.664
281	1119.65	98.9146
282	761.661	66.3561
283	925.978	80.1015
284	883.642	82.5583
285	860.787	65.5701
286	1113.93	117.224
287	912.687	83.807
288	1264.78	101.733
289	1331.39	96.8649
290	1449.26	131.368
291	1071.73	135.152
292	1167.75	104.361
293	1179.11	110.577
294	1218.23	104.568
295	1160.63	94.5495
296	1188.89	101.539
297	1169.21	111.198
298	1178	104.246
299	1225.82	131.697
300	1163.51	91.5428
301	1341.02	108.829
302	1164.15	101.308
303	1137.21	147.452
304	1151.11	117.033
305	1117.14	130.801
306	1179.87	95.8398
307	1203.74	106.947
308	1126.63	140.961
309	1049.54	120.047
310	968.847	154.788
311	1076.13	137.495
312	797.641	100.653
313	1116.45	128.178
314	879.773	97.5213
315	959.51	106.641
316	884.316	129.745
317	1695.06	155.429
318	956.618	79.3999
319	783.615	107.543
320	1137.24	140.957
321	1046.3	102.78
322	850.388	145.931
323	879.717	82.4904
324	922.096	108.974
325	1321.86	131.634
326	1002.07	83.2366
327	911.899	83.0934
328	934.939	127.612
329	1179.97	106.163
330	1094.14	90.4879
331	948.917	71.6457
332	1167.49	104.771
333	1155.05	106.755
334	799.842	74.5769
335	865.524	82.2152
336	1170.05	96.2625
337	1199.15	116.804
338	1209.9	122.058
339	1488.13	140.89
340	1183.89	92.5054
341	1239.65	111.023
342	1135.3	96.9798
343	1345.83	109.953
344	1162.45	96.3824
345	1384.15	143.563
346	1167.95	95.2654
347	1177.04	90.9107
348	1572.72	149.547
349	1184.21	104.828
350	1097.49	122.794
351	1186.75	113.012
352	1156.01	85.8589
353	1162.66	167.835
354	1505.44	144.976
355	1163.94	91.6369
356	1593.36	132.219
357	456.506	56.8121
358	1018.57	100.03
359	901.824	306.157
360	1109.43	98.699
361	952.337	100.002
362	1035.6	87.0127
363	2025.13	167.639
364	1198.91	129.26
365	1039.41	117.751
366	863.347	77.7029
367	1113.64	157.152
368	1119.12	89.2718
369	1076.82	107.105
370	947.649	70.9359
371	1121.2	123.022
372	971.029	77.816
373	996.69	80.2626
374	799.772	74.2101
375	1635.71	129.327
376	1180.82	112.538
377	1042.18	85.1968
378	776.024	64.0387
379	1152.07	112.847
380	1117.39	114.72
381	1129.94	86.254
382	1047.18	93.2363
383	936.275	78.6655
384	1150.16	101.023
385	1410.81	118.821
386	1497.36	136.191
387	1381.45	125.478
388	1330.23	89.8133
389	1313.56	112.847
390	1215.9	110.584
391	1136.47	121.691
392	1126.33	103.885
393	1131.25	106.778
394	1156.11	112.444
395	1063.73	131.65
396	1204.24	125.936
397	1277.82	99.7492
398	1127.34	91.6189
399	1160.88	107.551
400	1153.69	108.17
401	1184.17	108.733
402	1380.92	113.325
403	1169.22	106.418
404	1189.38	102.453
405	963.787	77.9071
406	876.031	130.018
407	1062.23	121.442
408	1015.14	132.444
409	892.127	117.529
410	816.605	229.198
411	900.865	85.3621
412	866.851	65.5474
413	942.151	85.8757
414	783.912	95.8331
415	1097.75	79.5728
416	856.317	107.676
417	820.53	109.022
418	1013.92	120.577
419	404.073	52.8593
420	832.883	80.2962
421	919.044	110.677
422	919.364	76.7078
423	1105.33	85.8087
424	1166.65	94.0062
425	944.611	89.6273
426	1172.99	112.829
427	1001.74	76.0622
428	1006.01	80.4925
429	796.405	75.0373
430	1070.28	98.456
431	968.687	87.9968
432	1199.48	112.077
433	1322.95	86.7097
434	1059.26	123.197
435	1188.31	93.1193
436	1126.13	97.4738
437	1098.81	188.395
438	1545.6	138.547
439	1217.8	138.019
440	1003.95	387.611
441	1477.75	115.214
442	974.747	360.313
443	1364.11	133.973
444	1133.43	145.619
445	1078.03	109.192
446	1288.67	114.375
447	1178.47	105.3
448	1151.02	104.137
449	1118.09	135.996
450	1521.94	133.03
451	912.855	368.858
452	1229.35	111.003
453	685.393	97.8693
454	943.3	129.678
455	1111.2	121.752
456	830.434	245.588
457	934.543	90.1147
458	887.035	162.558
459	770.366	96.8362
460	725.165	126.982
461	918.991	134.814
462	984.178	113.343
463	1180.69	104.401
464	926.633	117.261
465	901.795	95.7965
466	886.948	101.094
467	928.011	92.2335
468	1133.17	95.1071
469	944.339	63.7708
470	1136.83	114.719
471	401.623	55.422
472	810.754	76.4071
473	969.78	85.9257
474	1114.45	112.555
475	1025.59	91.6105
476	1106.77	94.5382
477	950.61	72.2309
478	1115.52	108.868
479	882.41	89.0013
480	1292.98	137.346
481	1182.94	102.599
482	1283.85	108.193
483	1163.85	101.409
484	1134.88	89.2168
485	1423.35	108.202
486	1160.82	92.7415
487	1195.68	105.463
488	1169.06	98.4271
489	1191.15	103.396
490	1426.52	120.714
491	1168.54	94.0298
492	1152.82	90.186
493	1287.42	111.73
494	1246.71	469.771
495	1147.93	105.665
496	906.057	284.25
497	1316.8	143.369
498	899.535	312.671
499	1094.26	129.652
500	1254.2	147.995
501	874.51	95.0875
502	991.686	123.753
503	1127.29	136.461
504	923.945	295.2
505	775.169	121.287
506	780.201	194.022
507	992.421	121.106
508	948.836	112.677
509	1102.37	144.399
510	1047.78	101.654
511	943.804	112.682
512	830.066	98.5779
513	1162.23	94.0304
514	780.717	58.7114
515	1123.73	87.4275
516	968.861	75.9232
517	1123.69	94.0296
518	1029.33	86.7955
519	516.11	52.6203
520	426.667	60.0409
521	1153.92	102.344
522	1049.33	93.4582
523	1005.27	112.27
524	1096.69	69.2845
525	1152.53	100.341
526	1139.02	83.7723
527	1010.5	79.9209
528	1166.17	90.5397
529	1603.4	137.7
530	1114.24	94.3315
531	961.218	61.9442
532	1206.88	89.7801
533	1172.11	91.235
534	1178.33	96.0224
535	1186.34	103.271
536	1101.82	133.776
537	892.368	308.159
538	1147.41	88.3973
539	1158.28	87.7695
540	1150.37	100.923
541	1165.58	95.7421
542	1171.01	105.094
543	1136.97	90.5392
544	1244.17	112.851
545	1244.49	101.563
546	938.403	367.778
547	1333.97	97.0567
548	1162.43	133.602
549	1150.35	93.7565
550	715.111	211.555
551	1019.5	146.713
552	864.143	107.089
553	383.117	71.1779
554	810.965	87.8215
555	887.4	126.96
556	948.051	103.362
557	776.23	114.597
558	1141.13	113.933
559	791.628	74.2693
560	797.955	102.211
561	799.763	90.6129
562	766.266	75.4295
563	944.684	81.8625
564	869.138	83.1567
565	1162.81	101.514
566	981.991	99.7199
567	901.868	80.4957
568	1057.44	88.7774
569	1140.61	87.631
570	778.029	68.6149
571	1091.09	100.815
572	1126.06	87.5083
573	888.763	70.0712
574	1175.32	101.813
575	1039.92	75.0937
576	1183.98	113.879
577	1490.12	115.116
578	1316.69	119.471
579	1115.51	96.8863
580	1336.93	109.198
581	1254.81	105.587
582	1425.26	116.904
583	1350.18	105.813
584	1130.91	128.031
585	1086.16	126.443
586	1143.41	94.4287
587	1094.5	231.077
588	1403.81	101.855
589	1333.04	113.584
590	987.327	303.647
591	1174.48	121.066
592	1298.46	111.643
593	1188.22	105.902
594	1151.02	126.585
595	1136.71	118.735
596	1190.4	125.024
597	940.972	132.508
598	843.03	261.854
599	1049.72	146.919
600	1384.2	123.961
601	823.704	97.0677
602	1078.75	219.307
603	1086.42	115.586
604	832.724	271.479
605	864.093	80.1808
606	876.137	102.424
607	683.222	58.2298
608	745.977	117.294
609	755.561	87.084
610	1124.96	98.6605
611	876.626	81.3685
612	810.219	88.8259
613	1138.86	102.232
614	1138.67	95.7533
615	949.817	74.5556
616	1115.08	86.976
617	948.401	75.4371
618	950.3	69.5669
619	855.993	75.7852
620	1015.91	92.4144
621	1118.27	82.3061
622	1153.34	92.2309
623	1072.75	99.8089
624	1445.86	127.842
625	1135.41	103.817
626	1157.39	97.2934
627	1145.41	92.8427
628	1160.35	75.1263
629	1171.99	107.156
630	1270.58	100.922
631	1166.3	103.011
632	1095.08	349.883
633	1129.05	107.528
634	1138.98	82.7562
635	1133.71	98.0142
636	1118.65	105.839
637	1319.28	126.037
638	1135.1	97.6656
639	1240.42	116.958
640	1522.17	133.604
641	988.021	321.081
642	1276.43	118.928
643	923.109	300.042
644	700.204	344.081
645	909.259	105.714
646	758.508	124.214
647	754.514	106.599
648	934.944	320.176
649	780.623	148.521
650	979.433	167.774
651	997.809	130.69
652	763.601	159.011
653	799.26	99.9842
654	1040.6	121.107
655	1036.33	142.441
656	831.76	100.17
657	869.443	116.175
658	1124.18	97.2449
659	1134.87	78.145
660	950.721	75.1204
661	1038.09	90.4568
662	1137.45	87.847
663	1045.23	87.659
664	1117.01	83.8489
665	1165.64	124.052
666	944.163	75.6137
667	1042.19	97.1207
668	1156.46	114.718
669	880.815	76.7607
670	1040.84	84.0754
671	1160.11	95.9435
672	1158.83	89.097
673	1163.66	86.9809
674	1332.12	106.352
675	1358.14	146.304
676	1241.43	93.096
677	1268.62	111.68
678	1192.95	107.712
679	1156.27	105.547
680	1214.03	106.789
681	1423.74	105.903
682	1162.17	96.6551
683	1175	98.4199
684	1192.71	432.239
685	1402.25	127.868
686	1301.2	114.581
687	964.166	256.942
688	1151.91	101.832
689	1155.98	101.436
690	1210	450.519
691	1127.68	121.087
692	978.443	355.463
693	822.427	208.77
694	1014.14	171.907
695	1047.53	136.036
696	840.796	272.558
697	928.486	144.028
698	1027.36	108.654
699	1092.01	156.115
700	1130.39	94.2413
701	955.454	116.064
702	812.02	86.5543
703	1114	115.298
704	1021.82	110.526
705	965.445	99.128
706	1107.38	125.092
707	1029.81	91.6246
708	1159.65	89.4903
709	928.608	71.665
710	1144.5	114.825
711	1137.7	88.5134
712	1077.32	94.4618
713	1116.21	78.0143
714	1150.29	98.6636
715	1115.81	78.7394
716	1145.63	85.7044
717	1147.91	98.6593
718	1121.38	84.1681
719	850.668	70.2334
720	1320.26	108.189
721	1129.58	120.796
722	1173.79	112.006
723	1259.22	97.0123
724	1405.4	103.504
725	1123.31	86.2229
726	1248.22	98.8795
727	1185.26	159.492
728	1132.22	106.817
729	1249.09	119.563
730	1262.63	100.661
731	888.482	373.738
732	1039.71	146.365
733	1155.48	94.6279
734	1139.19	87.7324
735	1154.95	122.494
736	1164.99	102.523
737	1121.68	129.711
738	1501.98	153.152
739	1194.93	110.293
740	1217.6	108.828
741	917.483	90.0301
742	923.987	125.537
743	949.526	158.467
744	1110.04	151.183
745	740.673	111.356
746	624.79	99.7087
747	917.391	102.488
748	1153.1	110.443
749	1037.12	147.224
750	1146.94	124.243
751	878.643	148.022
752	831.374	96.105
753	1093.72	146.25
754	1049.74	114.464
755	838.618	104.556
756	849.717	62.7814
757	872.379	82.2831
758	886.811	83.9031
759	1169.37	113.913
760	1171.02	123.306
761	1020.21	84.0079
762	1174.01	122.674
763	1104.71	99.2533
764	957.757	79.889
765	801.432	71.8336
766	1172.28	101.458
767	929.803	76.3225
768	1311.08	99.9957
769	1342.78	128.886
770	1413.6	114.995
771	1637.95	139.359
772	1285.34	122.87
773	1335.53	102.51
774	1173.42	88.2658
775	1267.52	109.937
776	1288.06	114.757
777	1178.47	113.871
778	1238.36	126.818
779	1165.9	120.525
780	1196.21	116.914
781	1159.47	90.0102
782	1180.24	100.398
783	1186.38	113.347
784	1276.91	106.143
785	1209.74	121.357
786	1515.99	147.282
787	773.89	568.703
788	1296.42	143.832
789	1182.23	116.34
790	821.105	292.021
791	997.937	147.625
792	1014.21	138.341
793	745.34	94.7732
794	822.843	121.092
795	1093.8	140.09
796	821.705	295.002
797	910.682	115.095
798	766.338	187.201
799	1046.19	87.6125
800	1048.83	93.0289
801	994.381	120.675
802	791.242	119.696
803	1168.19	116.42
804	1142.77	100.15
805	750.225	86.0931
806	1167.02	117.49
807	1120.24	97.5957
808	1170.38	117.482
809	1205.32	105.097
810	968.999	79.8976
811	870.458	89.3853
812	1010.86	72.8351
813	1057.04	91.2107
814	1132.26	120.617
815	944.155	77.8327
816	1114.56	116.907
817	1079.14	133.225
818	1423.37	116.117
819	1110.13	101.214
820	1267.43	103.823
821	1194.84	99.4361
822	1197.82	114.218
823	1427.76	135.832
824	1424.29	117.235
825	1292.56	96.2605
826	1189.87	114.856
827	1188.58	139.098
828	1155.82	99.4122
829	1187.27	115.235
830	1283.87	133.208
831	929.034	294.312
832	1160.8	76.3129
833	1123.49	119.151
834	981.794	316.409
835	927.3	305.121
836	1372.79	142.71
837	800.354	237.677
838	800.46	283.25
839	923.963	208.402
840	740.655	118.057
841	1059.05	157.431
842	1008.7	101.236
843	1112.8	101.24
844	993.155	94.7271
845	941.015	90.5505
846	1025.06	158.652
847	805.682	105.28
848	1131.27	102.257
849	978.757	105.638
850	903.724	99.3102
851	1226.17	127.484
852	1542.13	124.171
853	887.516	76.5455
854	946.513	79.7625
855	934.407	115.7
856	831.262	75.4671
857	939.055	89.2124
858	1114.94	84.958
859	865.13	77.402
860	1172.96	108.058
861	950.974	81.1296
862	1147.99	116.538
863	1154.84	99.1909
864	1215.63	79.2195
865	1165.43	120.891
866	1305.81	121.826
867	1310.61	91.0489
868	1164.86	101.971
869	1116.22	84.7788
870	1134.82	102.455
871	1126.81	104.228
872	1167.95	104.921
873	1553.67	176.082
874	1122.65	126.876
875	1125.06	90.4436
876	1457.28	114.623
877	1240.66	121.827
878	1173.68	111.172
879	1162.91	86.4831
880	1277.41	111.223
881	1035.07	78.3793
882	1237.15	126.381
883	1088.4	416.171
884	1174.02	105.114
885	935.874	271.927
886	745.73	107.658
887	846.948	118.78
888	572.1	198.493
889	765.683	102.867
890	817.629	122.825
891	1174.41	105.751
892	648.192	96.2683
893	1129.94	144.277
894	548.769	89.5126
895	741.544	151.915
896	973.266	92.229
897	1085.13	103.446
898	742.695	69.4705
899	1049.22	82.4113
900	952.274	84.5353
901	752.055	58.1655
902	1161.06	97.0783
903	988.808	118.329
904	781.679	72.2866
905	944.02	92.5697
906	778.101	86.5524
907	1145.16	135.702
908	967.144	90.0254
909	1201.16	103.075
910	1143.01	105.667
911	1022.2	104.825
912	1261.91	412.244
913	1234.43	108.704
914	1345.17	106.435
915	1259.53	90.01
916	1171.42	93.4291
917	1175.28	120.78
918	1178.38	93.0317
919	1189.9	91.9012
920	1152.39	115.25
921	1086.17	111.865
922	1323.04	121.387
923	1299.09	125.529
924	1147.72	165.54
925	1134.49	124.959
926	1221.89	144.919
927	885.39	305.935
928	1116.69	139.047
929	1314.67	107.521
930	1161.5	132.981
931	787.318	269.769
932	1107.56	425.429
933	476.537	89.2028
934	516.255	100.105
935	1042.25	159.248
936	449.788	288.581
937	768.654	95.0857
938	1060.41	153.69
939	766.643	65.8179
940	577.766	70.4119
941	485.051	94.5439
942	958.934	139.952
943	705.067	83.5273
944	1140.74	98.2576
945	1047.14	105.925
946	1034.52	72.4362
947	942.51	96.963
948	1141.98	103.269
949	871.004	99.1401
950	1158.57	102.993
951	1059.68	86.1746
952	974.377	76.6496
953	1061.4	83.5649
954	1129.26	104.244
955	1054.01	92.3651
956	1152.27	84.1214
957	1055.66	130.458
958	950.207	93.6535
959	411.679	61.9515
960	1219.57	126.254
961	1650.12	129.822
962	1128.2	100.925
963	1163.94	96.4596
964	1191.54	88.7682
965	1516.22	122.388
966	1172.34	104.412
967	1179.58	85.9797
968	1126.75	101.577
969	1386.48	133.427
970	1355.38	115.777
971	1305.6	116.536
972	1249.03	96.8036
973	1189.67	91.7316
974	1232.8	138.45
975	1009.9	391.508
976	1207.44	95.0631
977	1096.52	132.183
978	1130.09	449.886
979	962.108	326.648
980	1092.3	387.435
981	685.443	191.047
982	1003.55	158.658
983	683.17	81.2849
984	1022.73	142.207
985	708.795	94.3896
986	1053.54	106.849
987	972.624	86.2329
988	1026.32	71.9561
989	878.735	92.3851
990	1134.54	87.7556
991	937.483	76.9372
992	1073.52	144.166
993	1079.32	88.1091
994	1151.73	104.811
995	685.582	96.8231
996	979.117	130.97
997	918.643	65.3138
998	1130.09	85.2526
999	921.297	61.6804
1000	1205.52	106.345
1001	1168.35	94.1223
1002	1408.92	95.6521
1003	1119.12	98.294
1004	1125.16	84.5241
1005	1166.82	92.2372
1006	1224.63	106.871
1007	1500.44	128.971
1008	1262.66	113.248
1009	1124.07	125.415
1010	1366.85	108.784
1011	1178.07	106.052
1012	1187.18	98.1999
1013	1195.04	129.279
1014	1178.64	109.955
1015	1189.83	171.827
1016	1180.54	159.027
1017	1333.09	128.763
1018	917.931	343.516
1019	1233.83	495.882
1020	1254.65	90.0547
1021	899.875	147.169
1022	778.931	222.962
1023	1572.55	136.266
1024	1180.6	128.89
1025	1126.41	119.966
1026	1077.72	100.269
1027	1167.86	118.245
1028	1151.44	90.992
1029	1069.82	88.5049
1030	1141.95	101.343
1031	1035.13	104.864
1032	1109.39	90.2822
1033	1018.35	71.8795
1034	1140.87	114.351
1035	1144.27	94.318
1036	813.054	82.7781
1037	1159.51	93.137
1038	1086.21	135.395
1039	941.664	80.395
1040	1285.59	116.953
1041	1139.27	85.6617
1042	1526.28	165.643
1043	1306.11	104.696
1044	1236.95	86.0458
1045	1139.46	130.808
1046	1146.81	93.5969
1047	1284.82	106.574
1048	2026	173.969
1049	1192.11	101.069
1050	1032.06	391.414
1051	1129.8	104.528
1052	1146.52	96.1605
1053	1737.66	132.926
1054	1037.35	153.68
1055	1688.71	157.119
1056	980.793	406.684
1057	1087.68	123.471
1058	1037.21	403.096
1059	1044.25	515.215
1060	921.391	430.418
1061	670.906	131.73
1062	892.239	137.464
1063	945.362	170.845
1064	712.951	197.391
1065	830.525	146.189
1066	842.769	102.911
1067	1161.06	106.759
1068	1018.22	78.7098
1069	1193.42	128.152
1070	1082.32	107.145
1071	1177.62	102.655
1072	1134.65	105.575
1073	978.707	90.0349
1074	799.891	101.388
1075	1094.76	148.444
1076	1111.09	89.8801
1077	976.945	94.8843
1078	855.996	79.3085
1079	1111.35	93.2734
1080	1782.4	123.51
1081	1368.39	103.995
1082	1163.82	94.0273
1083	1184.63	96.0589
1084	1187.95	96.1363
1085	1153.25	85.9884
1086	1170.2	96.4379
1087	1254.14	109.906
1088	1134.81	85.3187
1089	1139.39	96.3738
1090	1144.03	98.2408
1091	1418.58	112.637
1092	1169.41	126.581
1093	1207.49	97.198
1094	1118.25	99.3906
1095	1357.09	135.488
1096	979.335	276.647
1097	923.734	318.665
1098	1173.58	98.4284
1099	820.55	336.44
1100	597.99	146.151
1101	539.526	86.0613
1102	876.457	130.929
1103	1248.41	101.457
1104	812.292	203.261
1105	838.132	248.835
1106	1168.8	105.73
1107	907.314	121.309
1108	1005.41	138.871
1109	1146.15	87.7869
1110	1169.33	119.069
1111	1139.3	103.793
1112	718.245	63.9157
1113	984.647	90.0173
1114	641.681	98.0476
1115	1176.28	116.86
1116	744.488	53.7917
1117	886.373	91.8853
1118	970.343	84.7062
1119	910.133	97.7912
1120	1486.41	124.12
1121	1482.74	120.181
1122	1342.88	102.557
1123	1442.88	119.163
1124	1189.67	120.515
1125	1144.82	79.2996
1126	1397.15	101.619
1127	1165.43	95.4
1128	1190.04	122.545
1129	1174.93	99.1271
1130	1627.34	125.365
1131	1292.7	98.4128
1132	1131.73	112.925
1133	1140.59	99.3506
1134	1509.87	108.333
1135	1176.89	102.509
1136	991.665	380.616
1137	1062.25	222.415
1138	625.555	553.369
1139	868.286	360.353
1140	787.953	102.178
1141	807.741	282.447
1142	920.665	82.869
1143	1092.8	156.151
1144	588.771	112.547
1145	972.845	170.191
1146	757.091	67.0469
1147	1035.45	99.0432
1148	884.288	78.0196
1149	937.726	72.7204
1150	1017.98	77.7096
1151	852.788	71.3474
1152	891.812	78.4002
1153	929.029	211.088
1154	1117.25	112.386
1155	1176.09	112.718
1156	1096.26	83.326
1157	1094.15	96.3638
1158	1044.63	80.874
1159	1094.56	106.365
1160	1494.52	98.9924
1161	1189.66	88.2985
1162	1169.34	93.5088
1163	1191.38	85.1194
1164	1175.18	116.596
1165	1067.68	149.683
1166	1186.05	121.68
1167	1245.73	87.4483
1168	1146.86	100.616
1169	1157.78	115.219
1170	1164.92	99.3425
1171	1198.54	115.254
1172	1213.51	106.336
1173	1135.84	142.365
1174	1283.86	98.6015
1175	1487.08	612.191
1176	1337.02	533.386
1177	1309.4	144.354
1178	1057.97	161.956
1179	796.794	416.435
1180	984.185	346.976
1181	870.376	123.882
1182	1070.19	105.621
1183	800.688	130.744
1184	994.236	125.875
1185	907.943	111.619
1186	1179.1	93.7095
1187	878.202	129.971
1188	997.813	98.5827
1189	943.833	122.834
1190	1045.82	84.1481
1191	701.628	64.2036
1192	1151.91	99.5613
1193	1174.18	123.566
1194	1163.76	107.24
1195	932.072	76.9556
1196	1100.9	94.0968
1197	777.647	89.9712
1198	886.685	103.949
1199	778.071	85.4163
1200	1099.49	114.763
1201	1334.1	104.042
1202	1512.77	113.816
1203	1338.47	113.475
1204	1514.64	111.973
1205	1356.95	157.212
1206	1268.63	103.508
1207	1140.01	83.8368
1208	1316.21	101.211
1209	1128.11	97.9159
1210	1345.41	102.984
1211	1296.83	115.465
1212	1097.47	122.81
1213	1525.97	129.485
1214	1390.99	172.114
1215	1305.32	110.351
1216	1768.62	181.358
1217	1350.45	112.469
1218	788.261	328.139
1219	1091.7	120.676
1220	1201.18	151.077
1221	1044.67	163.552
1222	865.196	253.774
1223	1018.48	103.836
1224	1143.95	103.26
1225	776.317	74.8595
1226	1113.19	94.5135
1227	1088.97	112.821
1228	1079.27	79.5684
1229	993.341	91.8513
1230	1126.97	105.597
1231	1055.59	101.038
1232	969.055	86.9164
1233	885.86	80.5975
1234	933.452	78.5872
1235	1104.71	79.2414
1236	1160.56	114.361
1237	901.49	93.2137
1238	868.56	59.1031
1239	836.482	77.103
1240	1411.91	104.381
1241	1137.09	91.4168
1242	1191.74	104.075
1243	1173.93	104.812
1244	1188.68	110.325
1245	1128.12	93.1538
1246	1130.17	128.315
1247	1163.58	111.956
1248	1157.21	102.908
1249	1510.83	107.141
1250	1159.98	103.718
1251	1215.69	103.3
1252	1200.97	107.81
1253	996.076	343.061
1254	1178.81	98.6237
1255	903.171	306.768
1256	1246.7	111.573
1257	1075.53	418.03
1258	1155.06	568.799
1259	1043.49	436.749
1260	743.923	130.967
1261	919.833	151.782
1262	789.497	88.59
1263	661.923	110.608
1264	1085.97	94.0356
1265	816.665	76.0583
1266	960.074	106.163
1267	1072.17	99.3299
1268	938.95	91.3103
1269	1138.32	89.7732
1270	826.801	104.721
1271	1123.85	77.969
1272	1122.89	84.2115
1273	870.247	75.4599
1274	964.733	90.8631
1275	807.083	82.6869
1276	670.942	80.9596
1277	701.406	80.3568
1278	941.355	76.0032
1279	796.57	60.2459
1280	1403.97	95.7557
1281	1288.3	122.576
1282	1502.06	110.271
1283	1148.81	90.8958
1284	1215.51	100.667
1285	1405.7	125.399
1286	1764.54	154.771
1287	1426.47	101.89
1288	1358.76	105.557
1289	1205.56	110.796
1290	1257.26	111.804
1291	1339.27	125.493
1292	1315.84	104.676
1293	1259.45	126.141
1294	1130.74	104.99
1295	1460.24	186.853
1296	1132.8	112.405
1297	1524.19	152.004
1298	919.553	277.174
1299	844.761	308.507
1300	1098.85	122.588
1301	1081.43	106.981
1302	963.277	421.488
1303	898.79	286.007
1304	1102.48	101.79
1305	966.7	362.057
1306	1006.36	312.338
1307	831.467	335.111
1308	777.132	118.523
1309	1059.06	124.496
1310	1043.5	152.518
1311	819.495	79.806
1312	999.561	123.437
1313	1058.38	103.843
1314	822.744	101.502
1315	752.221	111.572
1316	845.798	90.9944
1317	960.405	83.2577
1318	911.802	107.426
1319	1044.88	95.7372
1320	631.384	77.991
1321	935.658	80.8461
1322	713.689	111.338
1323	733.791	64.9501
1324	856.735	63.0088
1325	786.588	86.4801
1326	1346.37	104.873
1327	782.436	71.5853
1328	1197.28	95.3796
1329	1171.6	89.6509
1330	1302.16	94.3188
1331	1310.93	104.166
1332	1520.13	124.999
1333	1205.43	108.266
1334	1371.56	110.392
1335	1360.56	123.335
1336	1142.85	93.2883
1337	1068.67	97.7808
1338	1141.44	103.33
1339	1148.35	94.7769
1340	1473.77	127.232
1341	1223.18	112.826
1342	1473.72	120.812
1343	1208.51	114.693
1344	1085.83	107.347
1345	1237.22	132.966
1346	1039.9	360.983
1347	968.22	355.04
1348	1120.29	131.831
1349	1486.95	167.674
1350	945.885	391.224
1351	801.639	573.162
1352	802.192	409.824
1353	1162.63	122.26
1354	1144.02	127.28
1355	884.455	343.879
1356	801.819	85.3412
1357	658.039	106.832
1358	807.372	75.9363
1359	638.222	92.1782
1360	877.35	81.8689
1361	727.135	101.348
1362	954.68	96.9742
1363	1106.95	94.1906
1364	785.247	94.5548
1365	746.783	52.2855
1366	951.394	75.0587
1367	623.029	92.2051
1368	766.817	66.678
1369	573.352	43.4642
1370	962.344	85.5492
1371	1041.66	92.5947
1372	978.657	78.3889
1373	862.658	127.182
1374	1033.39	81.7215
1375	760.73	53.9861
1376	1420.77	123.295
1377	1161.13	84.5421
1378	1191.89	97.535
1379	1176.41	100.398
1380	1453.81	130.787
1381	1277.09	113.767
1382	1180.88	100.055
1383	1110.16	94.9723
1384	1164.18	106.767
1385	1355.81	162.06
1386	1234.99	92.5798
1387	1192.4	123.513
1388	1348.22	116.21
1389	1146.2	129.786
1390	1127.22	96.7688
1391	1204.88	112.124
1392	1143.41	137.337
1393	1069.05	104.799
1394	1162.51	104.815
1395	919.786	295.625
1396	1238.01	138.134
1397	1157.32	379.606
1398	1123.75	133.999
1399	891.004	301.76
1400	778.409	250.519
1401	1121.47	103.707
1402	1199.19	135.007
1403	1124.55	122.334
1404	604.664	160.323
1405	863.285	260.11
1406	852.551	114.115
1407	770.645	67.4176
1408	928.981	141.484
1409	830.763	88.2243
1410	1153.47	98.0152
1411	1182.86	106.074
1412	900.034	85.1885
1413	825.074	86.998
1414	774.695	72.4968
1415	888.249	94.9047
1416	587.984	133.365
1417	648.911	147.14
1418	1013.46	71.2199
1419	867.609	83.5834
1420	1086.51	108.651
1421	945.36	76.6448
1422	1166.75	123.806
1423	872.406	79.6135
1424	1135.25	85.8707
1425	1411.8	95.8085
1426	1138.92	127.643
1427	1134.16	90.408
1428	1408.16	119.585
1429	1362.06	108.253
1430	1595.52	134.063
1431	1146.96	97.8493
1432	1133.73	95.2736
1433	1143.34	123.564
1434	1168.86	90.0542
1435	1454.72	114.668
1436	1310.74	123.423
1437	1143.91	110.999
1438	1116.26	89.745
1439	1260.52	128.492
1440	811.552	313.091
1441	1145.34	124.636
1442	1106.93	114.049
1443	863.841	313.488
1444	1293.95	121.367
1445	1133.03	127.895
1446	1180.52	137.491
1447	1048.05	182.694
1448	1133.97	142.971
1449	839.016	305.014
1450	961.021	302.598
1451	928.506	324.067
1452	1289.44	143.878
1453	879.723	98.7842
1454	697.769	97.9947
1455	878.599	264.324
1456	741.841	96.4028
1457	1130.2	103.196
1458	873.798	114.945
1459	678.723	58.9314
1460	1011.37	182.838
1461	767.313	123.275
1462	719.335	175.165
1463	512.947	70.9856
1464	799.878	67.285
1465	1139.15	99.8002
1466	832.578	80.1999
1467	852.11	114.036
1468	812.491	79.1828
1469	971.607	90.8206
1470	1001.88	102.083
1471	750.899	57.7137
1472	1157.81	97.094
1473	1202.6	89.7048
1474	1138.16	95.9131
1475	1152.14	101.176
1476	1552.02	128.024
1477	1179.12	121.056
1478	1233.27	123.992
1479	1351.15	96.5859
1480	1160.48	98.9141
1481	1147.74	93.869
1482	1295.27	111.373
1483	1260.58	118.051
1484	1230.63	85.4925
1485	1511.58	133.849
1486	951.781	367.924
1487	1355.3	108.814
1488	1911.75	134.475
1489	1422.73	139.784
1490	1110.91	108.283
1491	902.291	289.354
1492	1306.97	154.716
1493	1171.61	104.21
1494	875.122	322.176
1495	1105.19	127.603
1496	714.485	265.523
1497	1127.68	128.876
1498	1066.49	118.182
1499	809.491	292.65
1500	1083.64	133.902
1501	814.161	98.0082
1502	1026.32	116.551
1503	932.355	110.941
1504	957.666	115.936
1505	1151.78	103.614
1506	1121.04	98.5797
1507	759.458	113.365
1508	1146.86	93.9638
1509	927.034	89.0835
1510	1174.06	84.4851
1511	1017	106.468
1512	897.307	112.944
1513	861.737	87.635
1514	1041.75	81.8042
1515	982.623	115.696
1516	845.124	85.4015
1517	1043.32	83.7559
1518	1033.9	101.423
1519	946.041	58.0382
1520	1275.54	103.745
1521	1506.04	98.7395
1522	1309.3	102.361
1523	1242.98	101.187
1524	877.882	70.051
1525	1173.86	84.0912
1526	1151.35	91.9628
1527	1386.45	116.483
1528	1368.06	127.461
1529	1237.36	133.958
1530	1522.3	121.451
1531	1226.05	122.415
1532	1147.85	85.3957
1533	1363.77	125.49
1534	1284.98	113.061
1535	1514.22	128.344
1536	1201.95	126.696
1537	1238.77	116.768
1538	1017.33	399.953
1539	1185.71	97.9464
1540	1119.72	127.414
1541	1510.1	126.089
1542	821.558	278.195
1543	1172.32	103.857
1544	806.333	282.872
1545	1261.32	105.634
1546	949.264	354.622
1547	1120.51	111.623
1548	871.422	296.838
1549	843.52	290.048
1550	1070.91	119.138
1551	794.523	228.987
1552	1166.03	104.074
1553	840.121	254.763
1554	1009.35	171.399
1555	1135.1	103.922
1556	1015.24	94.3661
1557	736.581	126.857
1558	964.581	137.963
1559	1144.44	86.3856
1560	964.514	110.755
1561	1181.43	114.025
1562	967.533	99.7114
1563	1044.39	108.768
1564	964.205	89.2633
1565	857.047	88.1095
1566	914.153	65.2305
1567	1119.68	87.6082
1568	1292.52	112.477
1569	1540.12	134.209
1570	1269.7	118.473
1571	1165.91	84.9204
1572	1166.15	101.579
1573	1403.59	110.031
1574	1160.22	87.5154
1575	1228.56	81.8141
1576	1171.76	108.975
1577	1142.71	125.231
1578	1216.32	91.758
1579	1312.73	94.4142
1580	1323.33	97.735
1581	1289.2	108.116
1582	1182.25	103.402
1583	1241.71	133.376
1584	1549.66	143.759
1585	1268.3	115.803
1586	1246.36	123.101
1587	1247.21	115.21
1588	1176.09	105.325
1589	1220.18	147.394
1590	1146.05	98.6078
1591	1047.99	133.939
1592	548.305	343.21
1593	1282.43	337.467
1594	1201.36	141.799
1595	1338.51	110.27
1596	1075.38	120.863
1597	1083.42	162.466
1598	1041.75	103.826
1599	1140.38	136.018
1600	940.314	73.4218
1601	1030.34	95.3643
1602	991.703	129.872
1603	971.429	122.508
1604	1050.42	85.9421
1605	1125.88	111.685
1606	1087.98	111.047
1607	1157.23	114.181
1608	925.6	100.763
1609	951.097	80.9253
1610	976.68	96.5354
1611	1031.89	101.347
1612	1260.75	108.684
1613	1054.6	81.4613
1614	1036.39	72.8695
1615	1040.91	84.5308
1616	1354.66	87.6678
1617	1336.8	143.911
1618	1409.47	121.36
1619	1438.51	106.414
1620	1538.5	104.165
1621	1184.96	98.9026
1622	1479.43	110.02
1623	1518.27	123.207
1624	1148.78	95.7028
1625	1186.63	98.4083
1626	1284.75	118.256
1627	1189.21	116.923
1628	1436.98	107.816
1629	1183.28	92.0367
1630	1262.41	91.3725
1631	1119.27	96.8259
1632	1103.5	134.873
1633	1117.9	113.091
1634	1260.79	91.8745
1635	1152.32	414.691
1636	1284.6	125.034
1637	1165.45	99.4405
1638	896.265	431.113
1639	868.36	278.385
1640	722.261	428.331
1641	939.613	378.22
1642	936.281	283.002
1643	1136.61	108.692
1644	844.649	263.904
1645	823.122	113.485
1646	1054.47	105.633
1647	980.092	189.009
1648	1133.06	102.456
1649	651.764	172.607
1650	1099.89	118.08
1651	860.245	132.016
1652	1079.63	92.9757
1653	1381.08	120.282
1654	1111.37	74.1662
1655	778.456	58.6986
1656	991.414	89.7883
1657	1142.67	107.811
1658	1053.67	87.9501
1659	1153.54	112.314
1660	1132.7	86.6277
1661	843.708	63.4318
1662	1159.95	104.74
1663	1029.72	75.9772
1664	1163.16	93.3489
1665	1189.55	98.0126
1666	1165.6	90.6407
1667	1155.68	112.072
1668	1168.06	88.8553
1669	1166.09	92.565
1670	1145.31	89.6333
1671	1331.53	114.096
1672	1221.7	126.988
1673	1137.96	89.5526
1674	1493.52	110.435
1675	1280.37	99.8992
1676	1042.35	375.219
1677	1351.63	109.66
1678	1162.91	94.9994
1679	1299.67	120.895
1680	1523.52	126.328
1681	1243.42	108.885
1682	982.781	387.206
1683	1745.04	164.088
1684	1164.68	110.229
1685	1012.33	368.847
1686	1366.38	153.564
1687	1046.63	346.163
1688	309.459	55.5613
1689	1249.01	109.03
1690	1082.41	135.514
1691	1101.74	126.349
1692	1138.74	106.904
1693	1136.04	88.161
1694	1106.06	149.098
1695	1171.9	93.267
1696	875.842	284.048
1697	1116.62	106.545
1698	1006.56	120.401
1699	828.629	100.975
1700	1068.23	95.5305
1701	1082.56	133.883
1702	899.889	97.7446
1703	1022.07	82.6364
1704	1029.23	76.5842
1705	1075.34	79.456
1706	884.105	120.521
1707	1191.71	104.835
1708	1146.45	106.036
1709	1129.85	80.317
1710	1064.89	105.076
1711	1153.57	80.1493
1712	1206.2	108.901
1713	1175.35	96.7883
1714	1223.98	91.7556
1715	1156.74	107.026
1716	1431.89	99.4583
1717	1211.21	100.957
1718	1347.05	112.105
1719	1362.07	128.335
1720	1488.74	107.651
1721	1371.67	97.395
1722	1578.38	127.585
1723	1235.4	95.1385
1724	1159.95	104.943
1725	1136.9	100.331
1726	1562.28	123.3
1727	1216.39	125.547
1728	1196.91	111.406
1729	1440.35	118.628
1730	1177.03	140.461
1731	1216.25	109.79
1732	1222.87	107.179
1733	1191.45	391.89
1734	1368.67	112.881
1735	689.691	304.565
1736	1180.15	108.206
1737	1160.51	142.089
1738	1004.78	393.526
1739	1401.33	114.961
1740	953.134	102.437
1741	1008.74	130.384
1742	1151.91	102.575
1743	1141.29	102.753
1744	885.9	96.7999
1745	781.998	110.662
1746	780.045	93.3052
1747	889.198	96.7986
1748	1052.66	94.083
1749	884.142	77.7438
1750	1158.53	112.663
1751	898.329	95.4525
1752	955.746	84.0249
1753	876.881	81.8348
1754	1139.35	90.9726
1755	673.801	59.4399
1756	946.27	87.2714
1757	761.399	62.516
1758	1111.57	82.4836
1759	806.789	82.3815
1760	1153.37	102.056
1761	1171.61	91.772
1762	1223.98	84.6423
1763	1341.31	114.489
1764	1260.81	94.4873
1765	1564.6	126.8
1766	1336.45	85.2557
1767	1200.43	105.015
1768	1130.97	100.379
1769	1153.95	105.619
1770	1357.9	109.581
1771	1170.58	93.1129
1772	1184.65	97.7023
1773	1127.46	118.365
1774	1183.59	100.623
1775	1264.41	130.933
1776	1090.68	114.746
1777	1188.38	103.753
1778	1281.97	162.521
1779	1128.1	140.166
1780	1338.02	97.6097
1781	1233.68	113.295
1782	1319.81	128.554
1783	900.52	408.785
1784	2375.17	202.414
1785	1197.57	148.257
1786	917.151	289.873
1787	1091.93	104.668
1788	744.631	201.99
1789	1106.24	96.9419
1790	414.475	62.1139
1791	1149.47	106.873
1792	907.9	105.84
1793	1158.6	104.425
1794	804.178	90.3369
1795	958.321	94.0759
1796	1126.72	107.056
1797	1064.43	81.6935
1798	1084.98	156.804
1799	397.206	53.8332
1800	809.757	70.3927
1801	824.748	231.421
1802	993.136	82.312
1803	1024.61	74.064
1804	1017.81	79.1286
1805	939.022	72.9448
1806	1045.66	101.217
1807	979.969	77.4576
1808	1483.97	112.907
1809	1232.8	116.701
1810	1182.81	98.0817
1811	1276.46	102.067
1812	1446.16	103.4
1813	1182.43	101.155
1814	1169.72	104.117
1815	1132.66	101.692
1816	1382.5	114.722
1817	1085.19	127.681
1818	1159.59	125.152
1819	1140.24	109.566
1820	1212.72	89.2823
1821	1244.2	106.318
1822	1248.1	120.617
1823	1138.92	92.5198
1824	1145.31	111.758
1825	1077.55	96.6732
1826	1214.5	106.964
1827	924.164	271.704
1828	1157.32	84.007
1829	1319.63	113.674
1830	1167.48	95.0004
1831	1120.69	97.3315
1832	923.181	311.049
1833	1213.82	101.591
1834	1139.96	102.256
1835	1382.7	107.605
1836	1006	122.708
1837	939.027	116.447
1838	923.933	124.977
1839	958.325	77.6519
1840	868.04	118.193
1841	960.004	79.9742
1842	908.971	235.396
1843	955.154	71.7979
1844	1072	121.206
1845	906.883	115.17
1846	1112.18	81.5044
1847	759.871	76.6734
1848	1157.31	98.5679
1849	942.093	126.349
1850	1141.56	80.9887
1851	927.411	78.9078
1852	1127.53	105.034
1853	1073.92	96.0533
1854	1022.14	95.7706
1855	1062.69	109.534
1856	1230.61	116.465
1857	1172.61	101.915
1858	1260.66	88.7012
1859	1288.05	100.626
1860	1147.69	95.2824
1861	1143.18	86.2618
1862	1156.48	96.7566
1863	1165.33	111.002
1864	1513.51	119.078
1865	1131.93	143.725
1866	1132.59	94.3874
1867	1125.9	112.559
1868	1098.34	110.362
1869	1490.05	141.988
1870	1284.89	124.495
1871	1079.15	137.346
1872	1178.28	111.582
1873	1146.6	86.3172
1874	1140.88	86.916
1875	1062.65	124.346
1876	1155.94	94.4551
1877	1370.93	124.727
1878	1127.1	124.814
1879	1720.83	187.781
1880	999.2	519.53
1881	1218.55	115.668
1882	1068.03	112.026
1883	1204.45	114.062
1884	788.253	250.919
1885	845.016	109.195
1886	943.721	103.212
1887	1017.26	94.8377
1888	883.563	88.3289
1889	713.504	93.84
1890	850.488	88.4752
1891	905.585	96.7387
1892	807.81	72.1414
1893	794.047	116.944
1894	730.242	189.197
1895	703.949	126.013
1896	963.172	73.8035
1897	571.093	175.556
1898	349.318	37.0961
1899	374.453	43.2952
1900	816.075	84.5035
1901	1061.27	90.8438
1902	969.446	99.9589
1903	1191.52	96.9819
1904	1231.96	122.432
1905	1418.84	109.665
1906	1181	124.549
1907	1335.16	108.86
1908	1197.04	108.055
1909	1165.91	106.089
1910	1192.15	142.335
1911	1324.28	97.9994
1912	1318.91	132.33
1913	1176.95	108.095
1914	1507.12	111.194
1915	1155.09	100.812
1916	1149.39	124.807
1917	1158.53	104.306
1918	1302.01	98.298
1919	1233.43	136.36
1920	1172.6	110.856
1921	1095.87	114.693
1922	1170.51	117.767
1923	1148.03	92.6842
1924	865.461	309.586
1925	1138.99	93.5367
1926	1208.47	113.044
1927	1161.85	115.987
1928	1202.52	456.054
1929	1151.35	108.249
1930	1162.21	102.372
1931	1133.6	97.3087
1932	737.583	86.2052
1933	850.076	93.5763
1934	1107.4	88.1756
1935	770.678	87.4119
1936	849.63	96.286
1937	876.012	69.3064
1938	923.873	88.0427
1939	762.384	101.039
1940	1219.18	111.392
1941	1096.61	101.485
1942	922.194	278.368
1943	723.88	64.7417
1944	1132.1	104.643
1945	978.534	106.612
1946	777.529	68.8994
1947	973.11	88.3148
1948	1117.18	92.0525
1949	874.359	89.0025
1950	982.305	93.6864
1951	859.124	67.0317
1952	1126.63	97.3779
1953	1169.66	106.63
1954	1147.1	95.9411
1955	1647.18	150.554
1956	1461.04	129.341
1957	1411.49	110.164
1958	1237.7	88.3279
1959	1346.96	107.033
1960	1139.13	82.3694
1961	1380.83	104.537
1962	1264.72	85.8765
1963	1261.28	129.254
1964	1801.99	204.348
1965	1245.67	83.036
1966	1453.47	147.197
1967	1142.1	129.445
1968	1620.25	115.076
1969	1404.92	101.562
1970	1140.7	104.727
1971	1211.87	112.772
1972	1118.37	112.207
1973	1056.64	418.613
1974	1146.49	79.36
1975	1353.57	116.36
1976	1252.44	134.411
1977	1115.51	102.05
1978	1190.4	97.9951
1979	1126.51	108.328
1980	845.174	115.621
1981	912.794	105.947
1982	1089.25	151.999
1983	1084.38	135.172
1984	732.682	245.277
1985	776.241	141.839
1986	1508.84	127.841
1987	1173.86	130.493
1988	751.779	123.332
1989	805.2	92.9854
1990	810.753	74.3711
1991	870.38	69.0451
1992	1197.27	109.597
1993	867.479	86.9248
1994	790.775	133.599
1995	970.729	78.354
1996	1060.37	101.178
1997	1144.38	99.2271
1998	809.017	83.4603
1999	732.14	102.434
2000	1156.18	93.2011
2001	1134.07	89.4771
2002	1124	76.5608
2003	1127.94	75.3651
2004	1487.41	115.517
2005	1135.93	108.216
2006	1238.29	116.311
2007	1172.41	94.0127
2008	1132.73	85.0948
2009	1322.53	109.013
2010	1196.23	99.029
2011	1103.12	134.659
2012	1158.8	90.3779
2013	1101.44	104.624
2014	1192.54	102.201
2015	1141.22	125.861
2016	1181.05	111.583
2017	1242.58	94.8849
2018	1222.34	140.874
2019	1168.34	90.9574
2020	1177.05	112.887
2021	1178.19	121.743
2022	1144.34	132.772
2023	1266.05	112.607
2024	936.919	635.364
2025	1199.93	105.214
2026	1143.02	120.394
2027	1189.42	121.023
2028	905.52	101.421
2029	1053.67	96.1365
2030	843.929	82.6738
2031	961.934	100.743
2032	988.644	88.4157
2033	950.003	132.837
2034	910.368	97.398
2035	1112.32	140.372
2036	940.497	98.5995
2037	967.678	91.668
2038	1005.4	108.1
2039	749.463	65.7492
2040	1170.93	101.846
2041	786.604	65.9248
2042	1025.59	99.1978
2043	960.012	75.587
2044	1156.52	111.979
2045	1055.07	85.3915
2046	1176.86	105.099
2047	807.682	65.7539
2048	1181.86	89.5922
2049	1130.89	109.936
2050	1393.38	119.346
2051	1158.72	140.722
2052	1308.68	86.6727
2053	1137.94	100.44
2054	1146.06	90.2351
2055	1205.81	113.294
2056	1240.67	97.3735
2057	1149.99	101.287
2058	1188.09	100.823
2059	1132.62	93.9528
2060	1135.77	155.239
2061	1160.48	94.5778
2062	1194.2	115.214
2063	1162.51	93.0479
2064	1119.5	106.395
2065	1269.3	92.2324
2066	1232.93	126.183
2067	1154.47	99.3023
2068	1142.21	151.922
2069	1164.46	88.1592
2070	916.947	302.941
2071	932.523	461.331
2072	1633.78	164.381
2073	959.076	343.262
2074	1144.47	115.079
2075	1078.16	128.537
2076	800.213	135.384
2077	824.15	109.817
2078	859.417	88.945
2079	941.797	255.343
2080	975.083	74.1193
2081	1151.53	121.663
2082	1118.13	88.9282
2083	838.364	97.1102
2084	929.947	85.2451
2085	650.597	78.2243
2086	868.441	86.6629
2087	812.519	96.8059
2088	776.173	77.5252
2089	777.944	114.123
2090	1092.9	85.4101
2091	987.237	86.2135
2092	873.549	90.8758
2093	733.395	194.94
2094	837.789	96.9111
2095	663.603	57.4984
2096	1194.32	104.977
2097	1179.43	121.474
2098	1194.31	103.716
2099	1169.09	114.478
2100	1278.78	113.36
2101	1168.21	85.3099
2102	1203.65	102.777
2103	1173.02	116.688
2104	1225.38	110.562
2105	1132.19	93.1441
2106	1346.8	109.2
2107	1258.34	102.191
2108	1411.42	85.414
2109	1139.02	99.2376
2110	1088.69	135.713
2111	1124.04	107.491
2112	1194.97	106.415
2113	412.172	65.6689
2114	1151.57	110.591
2115	1178.7	97.2357
2116	1262.79	122.976
2117	1413.02	144.019
2118	1196.25	116.03
2119	1158.15	443.409
2120	1379.91	131.838
2121	1185.33	107.06
2122	1159.35	108.635
2123	1121.13	98.5481
2124	1097.59	158.834
2125	910.371	327.049
2126	883.357	124.441
2127	1144.98	108.208
2128	651.777	88.2513
2129	1046.67	78.8368
2130	964.697	86.3914
2131	860.566	148.621
2132	946.416	91.307
2133	833.526	111.016
2134	811.439	101.099
2135	793.855	230.279
2136	1114.59	108.359
2137	1050.88	140.402
2138	1139.12	100.107
2139	1433.66	99.2435
2140	1042.19	77.5829
2141	1138.56	102.536
2142	1163.92	118.824
2143	895.301	93.2033
2144	1642.1	175.516
2145	1275.19	120.096
2146	1160.18	94.325
2147	1265.5	109.401
2148	1190.33	101.871
2149	1329.56	103.849
2150	1195.69	113.431
2151	1180.5	98.4694
2152	1181.34	100.211
2153	1160.57	96.985
2154	1315.13	112.116
2155	1111.4	121.292
2156	1256.38	96.21
2157	1195.29	103.416
2158	1133.69	103.733
2159	1202.62	87.9113
2160	1259.1	120.45
2161	1195.41	108.084
2162	1194.72	110.645
2163	1184.34	115.766
2164	1162.97	114.571
2165	1146.85	93.9034
2166	1170.74	92.6179
2167	1125.63	128.357
2168	1160.85	108.133
2169	1795.9	153.205
2170	1137.54	79.3179
2171	1160.21	104.119
2172	1153.35	107.462
2173	956.926	102.085
2174	590.785	69.9285
2175	886.13	77.5085
2176	993.081	83.4427
2177	1180.76	100.713
2178	735.222	85.1309
2179	774.848	71.2799
2180	871.015	107.585
2181	867.577	113.861
2182	1094.35	98.5868
2183	905.825	94.5931
2184	1168.76	121.77
2185	1065.41	93.2916
2186	1108.05	105.25
2187	860.772	119.572
2188	1045.27	84.9353
2189	557.622	95.7785
2190	1501.85	125.307
2191	769.48	69.5705
2192	1166.27	101.403
2193	1280.65	106.338
2194	1188.89	106.334
2195	1169.88	128.074
2196	1186.39	92.2055
2197	1200.84	102.85
2198	1207.86	112.72
2199	1190.18	103.779
2200	2294.06	176.277
2201	1423.39	139.66
2202	1198.71	123.078
2203	1135.04	90.5206
2204	1222.07	95.5931
2205	1158.5	96.0071
2206	1186.55	104.993
2207	1169.07	98.9055
2208	1188.47	106.924
2209	1148.79	79.9905
2210	1248.32	102.509
2211	1203.77	106.387
2212	1352.49	107.63
2213	1342.3	121.241
2214	1129.67	89.8424
2215	1269.87	107.708
2216	1225.65	116.508
2217	1281.69	131.974
2218	1193.29	106.334
2219	1159.93	103.827
2220	1058.04	137.221
2221	543.931	66.6847
2222	1180.83	98.3249
2223	1187.53	106.842
2224	876.077	73.0035
2225	822.561	131.132
2226	556.071	113.876
2227	1155.74	96.0455
2228	794.854	74.5587
2229	1203.52	102.352
2230	905.972	90.3279
2231	811.726	90.8832
2232	1171.71	114.221
2233	1199.79	119.674
2234	932.473	103.255
2235	758.85	219.429
2236	818.761	80.2372
2237	969.097	75.5912
2238	881.099	95.8074
2239	748.64	53.4875
2360	1191.45	94.2419
2361	1211.57	88.9265
2362	1595.91	110.407
2363	1212.47	87.8415
2364	1151.29	91.3021
2365	1152.51	83.7932
2366	1162.73	86.0216
2367	1217.3	106.975
2368	1267.37	111.209
2369	1189.83	77.8391
2370	1215.07	107.398
2371	1197.48	86.0259
2372	1203.77	98.6593
2373	1543.99	127.372
2374	1473.38	91.7358
2375	1247.78	97.7154
2376	1251.95	98.7788
2377	1247.06	108.748
2378	1431.63	99.8049
2379	1079.47	76.355
2380	1365.69	103.471
2381	1125.46	88.0212
2382	1145.36	87.0363
2383	1205.92	91.1945
2384	1165.23	75.9958
2385	1200.38	80.0156
2386	1485.11	108.865
2387	1290.6	99.2627
2388	1281.65	110.975
2389	1366.84	92.5599
2390	1163.59	85.7923
2391	1250.77	84.7957
2392	1347.86	107.5
2393	1200.67	81.1676
2394	1343.01	106.242
2395	1182.72	89.4022
2396	1231.07	78.9604
2397	1685.66	109.821
2398	1402.14	102.159
2399	1129.25	61.13
2400	1148.7	89.973
2401	1169.7	84.2291
2402	1169.81	84.3789
2403	1181.06	92.5932
2404	1236.86	94.8709
2405	1372.89	116.737
2406	1259.24	107.316
2407	1121.33	95.654
2408	1195.16	86.6222
2409	1203.85	93.3664
2410	1225.27	98.7406
2411	1178.82	100.473
2412	1276.48	102.469
2413	1181.5	82.0707
2414	1603.95	107.07
2415	1572.08	133.567
2416	1164.51	89.3857
2417	1669.76	130.169
2418	1417.55	89.0816
2419	1543.23	112.499
2420	1290.42	100.59
2421	1163.83	100.578
2422	1845.94	151.426
2423	1152.73	80.1118
2424	1292.9	96.0446
2425	1282.52	96.0526
2426	1330.58	89.6527
2427	1313.17	96.9851
2428	1859.43	133.517
2429	1723.62	138.733
2430	1174.13	102.751
2431	1167.56	79.363
2432	1281.12	84.7195
2433	1127.62	86.3522
2434	-3046.65	453.662
2435	-1426.51	33.4891
2436	1188.6	72.9745
2437	1472.06	109.055
2438	1166.95	85.9238
2439	1161.08	98.2485
2440	1447.49	100.366
2441	1174.73	84.3259
2442	1279.49	98.2338
2443	1215.02	86.0605
2444	1180.66	79.9108
2445	1148.63	83.5864
2446	1244.42	88.6093
2447	1164.95	90.044
2448	1151.78	83.0473
2449	1199.33	83.0086
2450	1159.37	79.2084
2451	1152.84	85.671
2452	1366.53	95.7413
2453	1145.87	88.7303
2454	1171.8	111.382
2456	1620.11	131.469
2457	1701.47	164
2458	1133.49	71.6148
2459	1165.59	92.868
2460	1187.01	94.0059
2461	1172.18	87.5134
2462	1117.49	86.0807
2463	1184.36	84.1954
2464	1164.6	84.7887
2465	1197.11	80.1648
2466	1148.4	117.562
2467	1168.94	84.8067
2468	1174.1	76.7636
2469	1229.66	89.0757
2470	1165.12	86.0307
2471	1170.62	81.2377
2472	1556.81	112.496
2473	1539.11	126.233
2474	1806.3	136.988
2475	1341.3	109.436
2476	1362.47	107.034
2477	1192.31	99.4003
2478	1245.5	95.5744
2479	1348.16	137.635
2480	1150.42	129.622
2481	1189.32	80.8994
2482	1149.81	85.6746
2483	1206.1	90.6833
2484	1145.13	88.5763
2485	1146.98	81.3529
2486	1138.5	91.8964
2487	1425.88	90.3138
2488	1234.75	96.2992
2489	1188.89	87.4332
2490	1197.33	93.4854
2491	1511.41	177.125
2492	1294.86	190.942
2493	1413.99	112.333
2494	1409.34	104.257
2495	1106.19	88.0565
2496	1163.96	82.9962
2497	1161.19	89.8321
2498	1235.59	88.3569
2499	1167.95	88.4383
2500	1518.15	119.02
2501	1352.69	104.717
2502	1147.96	88.5879
2503	1434.29	108.277
2504	933.872	615.074
2505	-6982.47	405.594
2506	1140.47	83.9441
2507	1475.3	91.119
2508	1148.38	93.8963
2509	1196.38	87.3441
2510	1151.45	83.1975
2511	1150.57	79.0449
2512	1163.63	109.636
2513	1119.68	91.2154
2514	1191.04	79.4837
2515	1153.11	75.7246
2516	1350.35	91.7866
2517	1135.38	70.8703
2518	1171.15	81.7349
2519	1144.33	74.4248
2520	1172.68	97.9181
2521	1326.13	99.3808
2522	1383.39	117.083
2523	1168.73	89.96
2524	1329.5	108.599
2525	1106.9	78.6376
2526	1408.48	174.831
2527	-3957.79	137.164
2528	1136	78.2823
2529	1209.69	95.7286
2530	1163.03	85.3915
2531	1244.36	86.2751
2532	1138.22	78.0298
2533	1165.73	78.6827
2534	1144.15	81.2118
2535	1140.05	76.5271
2536	1164.18	100.839
2537	1178.36	93.0266
2538	1173.89	73.6882
2539	1203.21	98.285
2540	1698.04	106.055
2541	1258.84	95.2855
2542	1135.67	83.8097
2543	1230.49	88.3961
2544	1188.83	82.6977
2545	1253.13	96.3435
2546	1165.34	95.9235
2547	1362.09	106.679
2548	1130.12	70.4325
2549	1274.75	93.6013
2550	1219.19	100.386
2551	1553.65	111.055
2552	1123.53	73.8984
2553	1153.85	76.2859
2554	1156.09	85.677
2555	1138.23	67.6796
2556	1359.79	89.4159
2557	1169.31	91.2914
2558	1469.97	95.2739
2559	1514.26	101.799
2560	1167.68	97.248
2561	1156.33	83.6251
2562	1218.06	92.8737
2563	1642.63	122.277
2564	1137.65	92.5377
2565	1136.06	80.2373
2566	1119.35	74.1388
2567	1698.97	137.976
2568	1154.99	86.0086
2569	1652.96	124.456
2570	1159.81	70.2273
2571	1104.03	77.2809
2572	1186.04	77.5151
2573	1178.33	90.9021
2574	1153.77	80.3152
2575	1211.99	69.1877
2576	1125.47	74.1141
2577	1170.29	84.0263
2578	1188.7	87.9337
2579	1229.4	95.1375
2580	1643.35	134.158
2581	1191.45	93.0225
2582	1577.65	121.564
2583	1288.68	94.0597
2584	1143.4	85.0559
2585	1180.84	82.2195
2586	1164.09	94.8498
2587	1182.85	90.4553
2588	1185.15	77.721
2589	1153.16	86.2482
2590	1105.03	85.4655
2591	1160.19	89.2479
2592	1162.32	87.2231
2593	1160.46	84.6337
2594	1298.95	97.3096
2595	1223.61	84.9948
