0	1211.58	120.306
1	1067.38	108.794
2	1926.25	174.63
3	1194.28	97.3357
4	1523.93	136.93
5	1245.88	104.683
6	750.05	228.94
7	1356.28	117.35
8	1184.58	95.9819
9	782.473	70.5515
10	1161.98	98.6829
11	884.787	105.851
12	1293.83	111.653
13	1678.98	175.476
14	1446.39	122.516
15	1232.51	94.1853
16	1640.97	134.718
17	1367.83	133.441
18	1005.35	107.469
19	1449.33	145.623
20	1684.51	145.157
21	1156.13	119.073
22	1080.81	74.2121
23	941.634	80.9219
24	823.98	73.568
25	1328.36	115.141
26	1070.68	86.0482
27	947.439	79.5974
28	1332.55	136.066
29	1048.86	104.282
30	1031.55	99.7289
31	949.332	85.0991
32	1265.35	108.811
33	1058.25	92.4453
34	1274.72	110.215
35	1166.55	113.509
36	776.019	71.1192
37	1145.41	103.152
38	1036.53	103.212
39	990.76	93.2866
40	983.804	83.6469
41	953.155	81.3569
42	1131.62	103.642
43	887.919	74.1704
44	834.321	88.4995
45	747.711	63.7939
46	803.144	105.087
47	2103.97	194.017
48	1141.98	89.1899
49	1242.84	125.964
50	1003.18	77.386
51	1336.17	130.573
52	1223.84	92.1231
53	1386.23	103.492
54	1850.35	157.267
55	1153.33	108.451
56	1230.37	115.792
57	1472.11	127.908
58	1315.88	109.79
59	1746.45	126.594
60	1331.89	90.5558
61	1577.28	147.507
62	1219.99	108.412
63	1356.98	129.046
64	1246.18	93.5673
65	1552.4	149.713
66	1437.36	148.79
67	1487.63	129.412
68	1189.87	97.6549
69	1092.85	97.6411
70	1051.68	80.8636
71	961.85	85.8194
72	691.079	65.5026
73	1050.91	102.943
74	1035.96	99.2084
75	1136.11	100.222
76	967.649	86.3605
77	1344.07	122.665
78	1398.16	148.481
79	777.126	67.3821
80	963.122	80.8699
81	872.093	89.0992
82	988.695	86.2599
83	1230.26	143.762
84	949.625	71.4374
85	1100.51	144.153
86	1060.22	100.018
87	1216.82	117.1
88	796.094	77.291
89	970.362	96.8632
90	1048.14	127.309
91	976.787	99.2102
92	823.643	57.0963
93	1123.85	92.6899
94	1032.23	94.3834
95	1369.36	90.942
96	1378.96	132.987
97	1706	145.488
98	1783.63	154.416
99	1416.15	119.649
100	1160.07	125.468
101	1273.42	110.645
102	1159.04	86.1737
103	1688.24	165.232
104	1083.93	94.9042
105	1039.47	84.2477
106	1549.14	141.545
107	1910.62	181.897
108	1486.56	134.132
109	1112.71	75.1492
110	1146.09	82.6685
111	2156.55	171.374
112	1394.78	125.621
113	1306.65	115.754
114	1205.54	96.4476
115	1343.54	113.423
116	1282.87	115.35
117	998.014	91.4163
118	1617.46	156.483
119	1060.19	91.4679
120	945.468	75.8054
121	1023.22	110.212
122	1400.53	129.444
123	1290.95	109.512
124	911.373	88.2269
125	1063.88	102.29
126	1044.62	99.5852
127	863.139	95.8416
128	1087.75	90.0624
129	684.608	65.9881
130	1065.5	88.2764
131	867.984	73.274
132	776.837	73.5421
133	858.327	69.2261
134	1121.28	100.926
135	2314.77	220.227
136	1182.53	103.182
137	1034.01	93.6889
138	935.185	70.5371
139	887.214	65.2654
140	1097.48	94.9908
141	1279.65	124.932
142	1295.82	164.406
143	1011.82	87.3139
144	1355.69	103.285
145	1239.95	109.042
146	1283.84	94.8056
147	1562.13	121.409
148	1186.97	101.939
149	1558.49	187.477
150	1505.63	116.625
151	1246.11	101.915
152	1101.63	94.6367
153	1676.62	128.441
154	1779	164.366
155	1337.43	107.121
156	1522.81	143.427
157	1640.66	144.665
158	2055.06	163.463
159	1483.06	124.177
160	1979.39	178.242
161	1789.35	160.108
162	1168.28	91.8098
163	1158.72	109.086
164	1497.27	103.247
165	949.816	82.7265
166	966.814	101.817
167	788.557	74.5904
168	966.731	80.8141
169	1016.79	88.6529
170	1095.27	96.1511
171	1360.6	118.229
172	1240.55	117.958
173	1612.24	140.159
174	1172.62	114.481
175	1196.72	135.077
176	900.615	88.168
177	927.647	85.1899
178	1437.66	174.548
179	1098.19	92.1175
180	897.078	66.6619
181	946.708	86.5005
182	1118.8	104.435
183	1224.35	120.598
184	1187.33	111.84
185	727.049	75.3125
186	1223.2	105.106
187	954.875	111.677
188	1171.14	91.3609
189	1105.11	93.4007
190	908.256	85.3339
192	1803.09	147.642
193	1168.6	87.984
194	1238.73	104.454
195	1198.88	100.044
196	1428.81	139.826
197	1218.44	112.41
198	1326.38	103.409
199	1441.32	126.787
200	1755.75	197.078
201	1367.32	132.798
202	1457.11	123.641
203	1327.21	100.141
204	1272.11	119.216
205	1361.67	137.34
206	1325.16	105.901
207	1409.99	137.475
208	1333.49	113.527
209	1376.97	134.105
210	1396.48	131.612
211	1291.84	112.47
212	2157.16	180.071
213	1464.72	111.656
214	986.627	77.696
215	1097.88	104.495
216	943.394	78.5018
217	877.601	83.7062
218	1174.71	106.837
219	1767.32	180.364
220	1226.55	99.921
221	988.672	91.8561
222	1121.09	85.8943
223	975.351	118.604
224	1411.07	162.645
225	899.481	70.497
226	812.615	79.8788
227	970.615	99.5433
228	957.365	72.3483
229	1208.26	107.001
230	823.133	69.9065
231	666.077	66.8928
232	854.571	77.134
233	861.288	72.5744
234	1126.09	104.669
235	2164.62	218.005
236	838.661	85.5034
237	780.004	66.4459
238	1245.28	109.275
239	966.505	113.147
240	1401.14	116.937
241	1172.83	93.1184
242	1512.83	154.727
243	1389.32	115.535
244	1238.25	112.851
245	916.529	117.489
246	1402.14	93.5141
247	1129.37	93.2123
248	1673.82	132.085
249	1494.43	147.351
250	1720.76	163.98
251	1168.56	92.1419
252	1207.76	112.371
253	1120.83	87.5978
254	1387.22	124.951
255	1271.37	88.7873
256	1713.49	143.887
257	1141.84	96.4072
258	1718.55	173.782
259	1120.57	92.767
260	2252.1	186.432
261	806.723	70.795
262	1091.24	89.0071
263	1427.53	145.925
264	1295.06	146.12
265	1149.4	90.7872
266	818.313	80.4335
267	1064.13	83.2504
268	1057.96	79.3281
269	1017.6	86.6816
270	872.732	87.7522
271	771.982	70.2591
272	1086.81	92.4717
273	935.997	77.4112
274	1329.76	139.34
275	1407.02	105.546
276	941.039	78.5112
277	1105.74	108.001
278	898.728	81.4277
279	771.14	70.17
280	1038.12	77.2864
281	1162.99	112.991
282	757.337	68.1381
283	949.665	77.611
284	928.791	67.6279
285	861.045	82.6862
286	1180.99	110.871
287	916.72	89.3434
288	1389.56	127.277
289	1420.42	136.852
290	1676.97	145.007
291	1304.55	124.86
292	1072.97	79.0662
293	1155.62	93.8283
294	958.833	74.5547
295	1395.28	108.028
296	1230.14	93.2993
297	1236.97	89.971
298	1197.58	97.2541
299	1509.66	124.086
300	942.448	65.2425
301	1464.04	115.712
302	1047.84	94.0059
303	997.958	79.7667
304	1238.98	84.3309
305	1262.28	111.334
306	1118.09	76.5833
307	1341.37	106.232
308	1174.74	93.9616
309	1155.16	120.786
310	1017.5	111.719
311	1538.08	140.445
312	948.906	74.8708
313	2514.52	241.947
314	936.31	85.2404
315	1020.41	120.509
316	986.239	89.3253
317	3387.71	393.047
318	955.038	78.7957
319	828.539	62.4322
320	1213.98	92.3861
321	1013.63	92.5676
322	1058.73	81.4879
323	1004.88	95.9904
324	991.427	81.5624
325	1348.55	150.437
326	1002.97	102.619
327	906.192	102.563
328	977.92	90.6751
329	1457.4	136.898
330	1118.83	93.9592
331	1007.2	103.048
332	1386.28	139.976
333	1411.13	117.96
334	852.544	87.8994
335	909.715	92.6405
336	1264.47	98.2934
337	1236.77	109.37
338	1442.15	116.763
339	1713.15	146.568
340	1289.63	100.445
341	1439.28	136.949
342	1237.7	99.4266
343	1534.24	129.668
344	1316.02	115.733
345	1565.11	154.748
346	1217.81	98.3854
347	1237.87	86.616
348	1790.97	157.988
349	1311.61	124.897
350	1147.54	84.3872
351	1217.62	111.884
352	1203.67	103.26
353	1396.09	108.687
354	1706.98	139.949
355	1328.5	94.1575
356	1748.67	137.953
357	505.991	46.1231
358	1052.57	90.4158
359	1261.18	112.078
360	1321.54	124.956
361	1057.61	83.6707
362	1042.87	96.8683
363	4602.92	412.397
364	1343.85	117.231
365	1465.02	130.818
366	897.941	71.2893
367	1235.5	115.147
368	1548.85	169.05
369	1016.15	126.094
370	987.225	75.8662
371	1176.14	123.906
372	1029.87	89.469
373	1017.3	104.81
374	832.399	72.8729
375	3711.97	361.098
376	1335.35	132.47
377	1096.95	84.5225
378	818.632	70.5097
379	1167.41	104.293
380	1441.46	137.985
381	1168.69	116.013
382	1063.67	96.5013
383	973.571	86.6731
384	1286.5	107.633
385	1543.95	133.452
386	1659.06	138.695
387	1228.95	109.213
388	1567.83	139.497
389	1489.78	128.959
390	1345.95	120.415
391	1300.97	114.858
392	1233.98	105.475
393	1329.11	125.052
394	1227.15	88.7758
395	1273.64	88.4578
396	1405.16	119.379
397	1436.87	121.163
398	1024.79	98.3213
399	1330.3	112.079
400	1221.22	93.1659
401	1375.23	116.593
402	1502.43	128.344
403	1074.18	79.9454
404	973.52	88.5444
405	969.646	85.461
406	882.867	109.188
407	1106.08	105.95
408	1075.65	99.9412
409	953.932	77.7545
410	964.03	81.3295
411	913.182	76.5775
412	883.349	82.4589
413	959.047	76.9971
414	858.399	78.8937
415	1444.76	120.801
416	924.188	88.0227
417	889.12	73.812
418	1107.26	93.5373
419	398.559	50.2982
420	904.479	85.2773
421	1018.11	106.461
422	896.998	82.7488
423	1071.49	100.405
424	1163.34	109.397
425	934.171	78.2582
426	1320.25	106.671
427	991.2	97.1662
428	1019.53	85.792
429	870.95	74.9472
430	1102.5	118.686
431	1010.72	108.159
432	1142.18	91.8659
433	1516.65	154.718
434	1170.84	89.5644
435	1347.49	133.384
436	1238.57	110.628
437	843.029	76.8494
438	1726.36	137.601
439	1426.01	122.339
440	1517.99	114.867
441	1666.35	160.565
442	1231.11	82.9052
443	1553.73	121.327
444	1358.68	120.08
445	1283.46	108.168
446	1456.26	124.778
447	1170.04	112.805
448	1226.12	109.199
449	1122.93	98.7514
450	1692.25	142.065
451	1203.27	91.1013
452	1338.77	100.727
453	751.884	60.4839
454	1039.95	89.7856
455	1313.22	130.037
456	1122.63	121.759
457	952.302	72.3392
458	1066.74	104.45
459	856.997	63.6099
460	810.154	72.1042
461	1036.92	92.6172
462	1056.19	89.6406
463	1344.14	116.219
464	935.653	76.0055
465	913.455	90.504
466	980.245	94.6769
467	965.59	100.396
468	1389.12	127.934
469	1009.8	77.3465
470	1130.12	116.888
471	406.449	58.5799
472	856.858	71.5983
473	1004.84	99.3211
474	1464.26	154.738
475	947.936	94.5716
476	1041.96	123.573
477	941.539	70.6813
478	1186.72	117.658
479	943.118	78.5816
480	1468.54	117.853
481	1126.23	101.41
482	1488.5	117.097
483	1130.63	86.3586
484	952.562	83.0267
485	1633.87	136.267
486	1317.15	105.31
487	1345.12	115.111
488	1298.7	95.0996
489	1378	106.645
490	1653.07	150.784
491	1204.33	115.156
492	1298.33	107.671
493	1454.92	101.148
494	1837.97	148.172
495	1154.25	97.4066
496	1322.6	100.301
497	1569.66	131.111
498	1324.09	118.846
499	1065.26	81.7174
500	1476.55	121.81
501	947.79	75.1036
502	1063.36	89.2306
503	1186.54	109.085
504	1276.9	105.532
505	855.688	61.8117
506	525.649	58.5832
507	1106.43	78.2352
508	1027.24	87.2653
509	1270.56	120.279
510	1136.82	118.321
511	1025.51	85.0489
512	897.313	86.1477
513	1425.96	135.507
514	810.433	60.636
515	1143.77	86.6333
516	985.004	103.207
517	1131.62	94.2281
518	1093.19	90.5073
519	471.799	89.4747
520	477.24	97.6555
521	1341.75	146.633
522	1128.92	78.9812
523	1112.86	100.271
524	1107.2	85.6803
525	1209.33	121.477
526	1169.08	88.0353
527	1073.63	95.6882
528	1344.44	111.982
529	1860.16	169.955
530	1286.71	116.67
531	1052.18	112.584
532	1418.54	108.432
533	1312.55	113.422
534	1334.17	102.005
535	1097.68	98.7678
536	1227.71	82.8415
537	1098.04	77.0081
538	1246.36	95.8985
539	1213.64	112.071
540	1310.59	89.6442
541	1308.9	140.181
542	944.246	81.1163
543	1163.67	91.7736
544	1404.04	110.623
545	1388.96	117.259
546	1454.99	106.835
547	1575.8	120.398
548	1192.09	103.753
549	1350.05	135.381
550	995.87	94.8912
551	1057.32	107.448
552	954.138	80.5166
553	562.556	72.8614
554	861.47	73.1268
555	942.023	72.0976
556	977.116	98.7069
557	849.093	82.5646
558	1791.33	164.175
559	881.685	71.7189
560	876.082	78.1404
561	849.176	72.4198
562	768.686	65.0844
563	1014.3	85.3747
564	942.77	74.2045
565	1200.58	121.928
566	972.815	89.7272
567	974.813	79.3281
568	1126.93	102.148
569	1546.18	119.281
570	831.996	68.3099
571	1161.14	111.76
572	1141.44	105.682
573	885.594	83.0704
574	1327.53	121.436
575	1081.63	93.8571
576	1365.11	125.392
577	1691.77	137.181
578	1500.36	118.609
579	1250.37	90.5624
580	1546.69	115.337
581	1365.35	121.395
582	1620.44	161.555
583	1470.59	129.728
584	1325.55	114.276
585	1219.23	122.321
586	1275.22	96.4282
587	1378.85	126.299
588	1598.93	138.895
589	1530.14	113.176
590	1249.67	100.154
591	1023.64	86.6106
592	1468.09	127.865
593	1324.2	92.219
594	1242.35	118.947
595	1157.57	108.86
596	1413.16	106.803
597	1102.23	105.913
598	1124.04	86.7408
599	1292.2	126.772
600	3646.28	421.987
601	856.399	89.8145
602	1190.11	109.307
603	1155.29	105.2
604	1098.97	112.533
605	904.277	74.6659
606	1005.94	97.0695
607	718.796	57.7888
608	819.761	80.622
609	785.967	77.7371
610	1131.94	96.7255
611	893.341	77.005
612	883.804	80.7842
613	1282.69	121.736
614	1182.68	106.812
615	945.755	93.0442
616	1140.28	107.609
617	956.744	75.3705
618	1015.38	93.1623
619	874.968	99.9384
620	1095.44	79.5646
621	1099.35	93.6387
622	1193.93	115.449
623	1095.69	99.0806
624	1598.52	147.064
625	1293.57	91.5501
626	1263.03	104.039
627	1304.95	116.124
628	1345.11	119.161
629	1322.82	107.251
630	1488.49	151.388
631	1354.8	109.731
632	1483.67	140.758
633	1215.74	91.368
634	1048.05	86.8497
635	1295.02	111.334
636	1366.2	137.052
637	1474.21	120.399
638	1198.01	103.565
639	1370.09	124.497
640	1699.02	140.162
641	1392.81	105.606
642	1418.92	123.741
643	1353.03	101.752
644	1095.33	87.2482
645	1008.27	94.8732
646	879.566	87.3049
647	737.909	96.021
648	1239.02	104.3
649	855.775	76.7923
650	1448.89	123.544
651	1095.47	117.708
652	889.496	83.2007
653	849.762	71.8656
654	1147.61	94.2108
655	1111.15	104.074
656	851.212	90.4042
657	952.486	92.8734
658	1225.39	92.3518
659	1146.56	103.766
660	958.041	76.6513
661	1119.47	107.008
662	1175.36	107.752
663	1077.91	78.8413
664	1416.77	128.528
665	1333.8	115.464
666	940.957	97.6579
667	1123.25	90.6002
668	1207.67	120.754
669	936.721	74.1126
670	1080.16	102.764
671	1836.92	209.17
672	1328.62	90.3424
673	1134.08	82.7762
674	1514.66	119.76
675	1556.93	121.75
676	1525.93	132.301
677	802.42	67.9148
678	1244.37	96.3527
679	1294.47	92.5928
680	1455.36	143.364
681	1557.17	157.605
682	1296.15	103.665
683	1403.22	137.422
684	1710.75	121.254
685	1673.83	133.137
686	1472.41	112.582
687	916.593	57.2833
688	1294.47	88.2839
689	988.641	79.3276
690	1819.99	185.543
691	1161.42	98.2979
692	1549.56	133.46
693	1056.65	116.133
694	1411.39	128.178
695	1235.41	134.174
696	1142.03	107.382
697	1013.8	96.3755
698	1087.52	90.2852
699	1145.97	108.791
700	1468.46	134.615
701	1020.82	86.9075
702	915.335	90.2817
703	1177.39	108.578
704	1162.04	103.076
705	1058.97	101.732
706	2400.98	210.685
707	1063.26	108.471
708	1261.01	95.5691
709	974.8	78.2422
710	1207.17	106.465
711	1133.48	100.326
712	1118.3	84.5568
713	1128.83	95.476
714	1179.87	102.858
715	1074.6	102.61
716	1189.5	119.799
717	1216.91	103.963
718	1199.71	101.467
719	872.03	90.9588
720	1449.79	120.258
721	1345.03	110.272
722	1321.93	129.31
723	1453.32	136.15
724	1606.87	135.476
725	1213.7	101.533
726	1396.01	103.732
727	1398.63	104.002
728	1118.96	85.125
729	1419.84	126.435
730	1424.03	114.833
731	1551.3	119.833
732	1300.33	87.9698
733	1315.61	111.981
734	1234.23	115.205
735	1372.42	113.709
736	1392.72	105.704
737	1317.48	96.4185
738	1668.46	131.773
739	1345.09	99.2352
740	1378.55	121.612
741	965.175	89.5125
742	1046.79	87.7297
743	1127.4	98.7239
744	1300.92	127.203
745	872.408	76.6629
746	686.995	81.6605
747	962.552	87.4702
748	1296.81	142.762
749	1152.02	108.144
750	1326.84	127.271
751	963.057	98.4919
752	908.035	94.2792
753	1237.63	96.9267
754	1352.61	129.427
755	920.924	74.3136
756	826.271	85.513
757	928.14	81.9351
758	956.153	83.635
759	1301.28	122.688
760	1210.59	120.368
761	1054.24	80.5159
762	1221.96	125.299
763	1127.33	99.6996
764	1054.44	91.4747
765	770.127	82.4092
766	1280.88	120.687
767	942.309	88.5711
768	1489.97	137.509
769	1493.93	124.894
770	1578.11	119.263
771	1869.79	139.404
772	1475.37	126.538
773	1517.42	145.852
774	1257.51	127.481
775	1451.42	137.467
776	1446.31	113.248
777	1368.01	108.683
778	1402.48	110.257
779	1379.68	109.451
780	1388.65	149.276
781	1314.19	123.837
782	1279.3	81.1202
783	1341.3	86.9341
784	1494.23	109.549
785	1416.58	146.607
786	1748.24	132.552
787	1419.32	121.873
788	1557.64	155.98
789	1219.5	136.487
790	1307.41	143.229
791	1048.92	96.1401
792	1507.9	141.054
793	823.226	84.0574
794	910.459	88.5203
795	1420.91	116.442
796	1287.48	125.186
797	996.617	85.3019
798	962.246	94.8614
799	1136.79	105.084
800	991.309	86.7605
801	1112.28	92.7537
802	931.735	101.736
803	1173.13	116.091
804	1526.6	238.579
805	803.348	87.62
806	1218.88	90.1753
807	1153.94	106.83
808	1276.63	114.377
809	1213.66	116.885
810	1003.76	86.1014
811	967.287	104.894
812	1032	82.8035
813	1419.06	110.371
814	1687.33	175.417
815	977.873	98.6419
816	1255.05	112.607
817	1152.45	94.5645
818	1520.13	131.865
819	1112.93	96.9956
820	1390.93	118.571
821	1363.56	108.492
822	1328.67	110.557
823	1655.2	144.339
824	1615.69	145.647
825	1491.7	117.832
826	1389.95	113.933
827	1402.81	138.338
828	1323.92	114.925
829	1018.53	76.7446
830	1488.36	121.084
831	1131.37	106.372
832	1204.25	96.7167
833	1214.26	103.764
834	1160.23	91.6493
835	1272.69	120.887
836	1637.24	158.997
837	1100.56	78.3453
838	1217.95	116.153
839	1084.95	99.9585
840	883.488	66.8236
841	1452.43	157.764
842	1126.07	92.5316
843	1158.91	88.4592
844	1092.96	101.464
845	996.627	93.7426
846	1285.79	107.292
847	823.262	97.7279
848	1155.5	123.244
849	1019.93	100.655
850	1068.54	108.156
851	1230.95	115.518
852	3327.27	301.01
853	914.994	94.7938
854	980.777	110.217
855	1023.71	93.2918
856	900.323	72.4079
857	955.957	82.2337
858	1184.4	106.917
859	870.24	71.1192
860	1161.05	94.04
861	938.313	94.4766
862	1181.97	106.17
863	1283.82	108.779
864	1298.66	92.0297
865	1341.56	109.762
866	1482.66	123.239
867	1564.22	133.644
868	1277.76	89.3102
869	1301.76	95.8761
870	1273.37	106.002
871	1244.58	132.991
872	1258.32	106.052
873	1776.98	180.368
874	1234.03	104.916
875	1199.38	100.885
876	1629.14	131.469
877	1493.43	131.699
878	1353.47	134.087
879	1328.55	114.247
880	1446.52	122.661
881	613.623	63.9703
882	1436.8	100.23
883	1468.9	133.591
884	964.586	71.9616
885	1188.11	126.968
886	875.003	85.9753
887	1016.38	89.7867
888	913.678	93.0259
889	826.277	85.4422
890	927.035	97.0491
891	1263.85	116.701
892	769.113	70.9333
893	1330.63	121.057
894	664.335	63.0038
895	889.292	93.3005
896	1109.85	86.0026
897	1166.78	83.7766
898	696.259	83.7672
899	1104.1	98.5332
900	1027.61	97.0504
901	711.17	95.5731
902	1197.58	110.332
903	1103.48	77.176
904	827.01	80.1121
905	966.499	90.2892
906	778.569	78.1072
907	1174.45	142.037
908	967.6	86.5593
909	1247.17	125.205
910	1124.23	97.1887
911	1115.09	94.498
912	1357.95	111.096
913	1426.59	129.542
914	1569.51	141.02
915	1487.65	123.374
916	1312.06	103.428
917	1356.01	117.803
918	1261.37	99.314
919	1278.53	117.564
920	1331.12	99.2515
921	1190.19	111.481
922	1480.6	127.107
923	1489.44	133.774
924	1355.34	124.563
925	1362.36	159.552
926	1400.86	109.019
927	1312.57	111.429
928	1273.24	116.573
929	1512.22	122.469
930	1346.07	122.549
931	1150.9	95.7433
932	1688.24	236.287
933	579.281	85.7251
934	603.749	64.8223
935	1502.1	175.131
936	965.305	129.54
937	805.345	72.9814
938	2663.94	238.908
939	770.289	69.2385
940	671.519	62.6057
941	614.175	52.4161
942	1085.1	103.383
943	790.777	94.3076
944	1334.74	132.992
945	1106.84	108.289
946	1008.84	90.8305
947	983.946	111.293
948	1426.11	149.422
949	899.701	82.7305
950	1309.58	123.392
951	1108.23	111.384
952	1026.42	93.4114
953	1119.67	96.311
954	1466.49	123.553
955	1131.89	101.292
956	1196.96	97.5343
957	1241.47	138.459
958	957.759	89.486
959	992.385	305.138
960	1474.91	145.746
961	1806.24	156.629
962	1276.54	85.283
963	1252.03	110.587
964	1375.39	129.347
965	1723.18	185.39
966	1227.03	101.238
967	1331.3	120.358
968	1265.01	112.948
969	1651.53	145.809
970	1610.52	154.403
971	1538.67	116.615
972	1395.18	133.299
973	1392.65	132.703
974	1404.44	134.22
975	1660.08	146.443
976	1444.86	115.159
977	1220.38	95.5425
978	1572.62	139.713
979	1455.99	116.117
980	3245.52	310.233
981	951.71	86.3098
982	1312.7	123.612
983	766.424	70.7215
984	1103.39	95.8664
985	784.588	83.4346
986	1044.15	93.0534
987	1068.15	98.2199
988	1001.07	96.0796
989	978.405	96.8144
990	1334.75	123.226
991	973.122	116.974
992	1185.87	114.813
993	1293.32	119.398
994	1194.17	101.72
995	750.071	69.4792
996	1004.91	91.773
997	1001.8	79.0779
998	1155.78	112.281
999	990.822	101.71
1000	1357.94	123.496
1001	1339.77	99.7884
1002	1497.63	149.231
1003	1344.29	97.8035
1004	1298.36	101.37
1005	1350.01	131.489
1006	1417.71	104.153
1007	1634.14	120.553
1008	1396.74	125.587
1009	1279.76	134.529
1010	1546.63	146.906
1011	1254.87	105.474
1012	1358.84	103.377
1013	1447.6	135.212
1014	1453.12	131.779
1015	1433.51	113.138
1016	1501.22	180.072
1017	1594.52	139.761
1018	1661.9	150.976
1019	1881.08	154.222
1020	2683.07	230.725
1021	1037.94	117.444
1022	1029.78	106.464
1023	3452.92	327.438
1024	1257.89	113.721
1025	1224.05	102.678
1026	1148.06	89.568
1027	1206.51	99.7495
1028	1310.61	114.237
1029	997.016	112.4
1030	1162.54	100.936
1031	1063.37	95.8958
1032	1110.62	91.7658
1033	1052.31	79.7635
1034	1627.06	160.986
1035	1168.66	95.834
1036	867.74	77.9938
1037	1206.25	130.238
1038	1243.85	111.215
1039	944.623	91.1552
1040	1469.63	126.057
1041	1140.14	105.044
1042	1778.7	195.274
1043	1485.27	139.852
1044	963.214	82.3914
1045	1208.72	106.607
1046	1280.45	90.8518
1047	1524.15	129.068
1048	2361.57	151.143
1049	1385.46	103.168
1050	1487.14	122.064
1051	1245.9	116.03
1052	1270.07	121.042
1053	2074.35	163.305
1054	1297.24	124.708
1055	1986.68	181.364
1056	1396.31	110.792
1057	1266.79	110.319
1058	1662.08	181.263
1059	1875.18	218.915
1060	3253.13	278.061
1061	820.568	77.74
1062	1017.6	94.7296
1063	1138.99	106.207
1064	907.345	85.075
1065	969.695	95.1243
1066	961.059	90.2934
1067	1278.91	112.385
1068	1073.29	101.943
1069	1214.87	134.822
1070	1079.29	107.38
1071	1231.36	105.65
1072	1164.31	140.52
1073	1034.87	106.585
1074	844.986	85.7873
1075	1220.98	125.657
1076	1120.57	115.501
1077	1065.68	104.122
1078	897.785	70.8691
1079	1116.8	102.764
1080	2039.54	168.973
1081	1525.96	121.365
1082	1155.57	94.3348
1083	1177.85	87.8555
1084	1404.65	113.439
1085	1335.13	107.436
1086	1267.2	103.033
1087	1416.75	125.073
1088	1157.24	88.7573
1089	1044.69	83.1204
1090	1352.08	121.882
1091	1699.52	152.935
1092	1342.34	108.863
1093	1124.46	88.6457
1094	1226.55	95.6218
1095	1545.08	158.015
1096	1446.07	142.682
1097	1114.85	97.1497
1098	1274.9	124.927
1099	1162.44	90.9084
1100	824.138	73.6954
1101	620.9	60.2534
1102	980.092	107.892
1103	2897.22	243.619
1104	1060.2	99.7426
1105	1107.89	126.487
1106	1392.88	160.04
1107	1040.57	97.8161
1108	1504.59	146.433
1109	2403.56	173.528
1110	1159.84	128.197
1111	1172.94	147.154
1112	736.179	65.4176
1113	1059.24	96.8797
1114	744.872	62.7514
1115	1284.48	133.034
1116	770.643	65.4119
1117	923.149	80.6747
1118	1069.18	89.7909
1119	922.631	81.1816
1120	1713.95	120.865
1121	1650.93	126.722
1122	1513.61	111.654
1123	1615.53	135.901
1124	1350.13	130.597
1125	1319.35	119.29
1126	1595.14	154.85
1127	1304.13	100.433
1128	1324.66	108.792
1129	1323.4	115.945
1130	1839.21	150.152
1131	1451.95	113.434
1132	1234.9	107.191
1133	1269.19	104.57
1134	1675.97	138.545
1135	1193.69	105.676
1136	1442.11	103.872
1137	1333.32	111.333
1138	1794.16	167.912
1139	1083.22	85.168
1140	900.373	74.589
1141	1391.4	138.337
1142	1015.68	90.5502
1143	1215.35	126.371
1144	703.248	67.2916
1145	1134.6	133.227
1146	811.368	72.2855
1147	1846.51	203.209
1148	892.215	81.4266
1149	962.911	78.5406
1150	1041.51	96.5541
1151	901.145	78.572
1152	951.003	91.2001
1153	1038.49	118.716
1154	1178.77	146.441
1155	1175.55	91.5481
1156	1156.83	104.991
1157	1532.09	147.595
1158	1046.6	96.8348
1159	1167.26	122.956
1160	1667.88	128.323
1161	1153.72	83.6564
1162	1182.78	97.7752
1163	1376.6	97.6749
1164	1238.96	121.567
1165	1256.59	100.398
1166	1350.06	117.715
1167	1412.64	124.685
1168	1207.07	102.642
1169	1231.86	94.5843
1170	1358.92	124.824
1171	1039.49	74.6249
1172	1364.56	119.989
1173	1326.32	111.822
1174	1479.42	124.825
1175	1817.62	137.82
1176	1865.51	134.646
1177	1555.62	137.962
1178	1357.46	147.099
1179	1470.57	131.862
1180	2892.44	298.208
1181	1010.8	94.0321
1182	1717.79	205.452
1183	884.491	81.3316
1184	1054.5	88.1752
1185	1043.05	96.1337
1186	1300.42	115.415
1187	963.88	86.7075
1188	1074.02	90.1417
1189	1054.9	89.795
1190	2526.26	275.583
1191	711.751	56.8036
1192	1208.31	123.872
1193	1250.96	104.542
1194	1217.96	117.607
1195	980.755	82.0786
1196	1161.53	126.212
1197	826.763	91.3825
1198	978.449	83.9764
1199	871.299	81.4027
1200	1216.47	102.692
1201	1561.53	116.811
1202	1706.36	148.879
1203	1511.95	125.993
1204	1649.55	131.616
1205	1595.99	161.641
1206	1391.07	119.238
1207	1359.82	124.732
1208	1488.76	115.079
1209	1276.79	105.119
1210	1511.57	128.554
1211	1514.92	119.66
1212	1142.14	112.522
1213	1763.83	150.301
1214	1514.91	158.22
1215	1514.82	121.568
1216	2109.38	231.672
1217	1593.65	142.282
1218	1486.52	120.903
1219	1190.48	96.5446
1220	2613.81	235.974
1221	1359.09	131.055
1222	1361.13	113.877
1223	1117.76	97.2412
1224	1476.98	145.423
1225	819.099	71.6505
1226	1165.06	101.405
1227	2119.32	140.127
1228	1122.76	110.549
1229	1096.38	99.8229
1230	1190.04	107.257
1231	1077.86	96.8206
1232	1040.67	97.2906
1233	929.788	85.2907
1234	932.04	71.9728
1235	1134.25	103.401
1236	1349.38	106.425
1237	943.059	83.7431
1238	865.246	74.2177
1239	876.647	75.7944
1240	1580.45	114.802
1241	1233.85	83.6737
1242	1342.29	107.55
1243	1197.92	90.9412
1244	1386.01	112.238
1245	1099.03	77.9014
1246	1140.51	96.9878
1247	1125.38	102.409
1248	1048.91	87.2812
1249	1790.51	140.815
1250	1332.59	106.822
1251	1504.4	142.142
1252	1388.53	134.074
1253	1522.97	136.979
1254	1284.72	126.914
1255	1365.86	104.152
1256	1454.04	87.9853
1257	1595.31	128.631
1258	1650.78	133.581
1259	1621.28	147.067
1260	863.86	68.6967
1261	989.602	106.312
1262	864.415	72.3493
1263	800.496	79.6609
1264	1104.25	99.5865
1265	900.792	72.6662
1266	1096.93	84.4742
1267	1669.38	160.976
1268	1020.16	97.8638
1269	1184.46	117.557
1270	944.342	77.1426
1271	1192.53	116.995
1272	1108.48	90.7403
1273	939.696	73.3416
1274	1024.86	85.8669
1275	885.357	76.8288
1276	722.288	75.9728
1277	795.682	85.1662
1278	938.77	87.8573
1279	854.52	74.0978
1280	1543.17	124.16
1281	1510.72	129.52
1282	1652.6	105.462
1283	1315.68	106.205
1284	1320.58	131.491
1285	1572.37	165.226
1286	2019.47	202.693
1287	1620.51	143.808
1288	1534.29	113.722
1289	1402.38	127.717
1290	1467.24	98.6783
1291	1534.72	160.789
1292	1552.19	118.698
1293	1412.11	109.334
1294	1347.48	114.415
1295	1719.03	163.383
1296	1270.86	99.6651
1297	1690.42	143.171
1298	1244.95	104.515
1299	1256.61	94.3306
1300	1303.62	113.756
1301	1299.94	105.395
1302	1627.67	147.103
1303	1335.38	80.7917
1304	1295.02	97.5256
1305	1469.36	117.287
1306	1090.71	71.4487
1307	1299.94	97.8832
1308	895.266	85.4808
1309	1571.71	145.06
1310	1496.66	130.979
1311	886.262	94.368
1312	983.172	104.014
1313	1143.87	118.99
1314	966.365	79.3108
1315	862.23	82.5684
1316	891.371	85.9004
1317	1056.01	105.629
1318	1016.57	95.9775
1319	1000.14	95.8039
1320	709.71	60.552
1321	961.53	89.9811
1322	874.42	101.791
1323	710.297	83.7309
1324	907.126	77.2575
1325	870.586	73.0045
1326	2736.77	187.694
1327	790.418	64.8371
1328	1341.45	95.125
1329	1302.84	86.2879
1330	1467.48	127.63
1331	1522.3	122.571
1332	1821.76	149.057
1333	1403.9	95.2601
1334	1526.88	122.875
1335	1520.07	133.086
1336	1329.56	107.282
1337	1154.82	89.359
1338	1342.19	98.0847
1339	1200.46	79.6531
1340	1707.61	138.268
1341	1461.17	117.037
1342	1674.85	141.295
1343	1442.75	133.063
1344	1137.71	87.8894
1345	1520.33	137.335
1346	1519.72	129.01
1347	1369.54	95.2001
1348	1331.53	114.995
1349	1789.04	152.538
1350	1455.23	114.567
1351	1477.53	102.785
1352	1534.1	123.567
1353	1201.85	117.843
1354	1133.71	102.64
1355	1451.39	131.091
1356	866.423	73.1641
1357	769.396	65.5588
1358	856.762	82.3164
1359	762.511	64.3218
1360	846.109	88.3526
1361	783.922	89.5842
1362	1024.48	96.7889
1363	1201.65	103.148
1364	898.592	85.1836
1365	741.072	61.07
1366	960.986	86.4975
1367	703.702	80.5805
1368	806.713	66.7037
1369	576.629	50.2223
1370	1054.27	97.8647
1371	1067.83	100
1372	998.377	80.6439
1373	1173.5	134.547
1374	1108.61	98.3827
1375	749.423	76.5195
1376	1651.22	109.19
1377	1304.27	94.5124
1378	1390.97	117.863
1379	1247.13	111.598
1380	1667.01	128.809
1381	1443.59	116.429
1382	1314.49	96.6638
1383	1210.88	110.346
1384	1295.28	104.932
1385	1574.16	122.463
1386	1427.75	101.212
1387	1442.34	125.441
1388	1485.14	115.688
1389	1132.68	85.2283
1390	1170.44	112.876
1391	1391.52	106.67
1392	1316.14	107.832
1393	1243.08	96.7488
1394	1236.37	109.935
1395	1325.46	102.006
1396	1495.6	111.158
1397	1614.12	126.201
1398	1216.44	109.304
1399	1253.4	114.658
1400	1234.78	88.431
1401	1092.96	88.6165
1402	1433.85	119.97
1403	1323.33	96.9466
1404	813.001	69.6549
1405	1109.05	130.146
1406	969.297	86.7888
1407	782.843	75.156
1408	1018.1	96.7509
1409	911.951	82.1677
1410	1347.77	107.702
1411	1295.7	105.917
1412	954.677	103.755
1413	875.369	71.7987
1414	837.201	92.9908
1415	983.526	78.1836
1416	757.172	74.4087
1417	773.992	72.6416
1418	1079.72	92.1277
1419	925.163	81.9518
1420	1091.13	117.166
1421	982.887	83.0907
1422	1222.92	129.65
1423	953.226	82.9716
1424	1240.66	94.0652
1425	1609.71	137.355
1426	1291.54	117.304
1427	1229.14	102.866
1428	1621.79	135.916
1429	1529.78	122.649
1430	1809.67	156.919
1431	1362.13	109.736
1432	1198.09	121.398
1433	1192.59	100.161
1434	1298.38	93.3397
1435	1680.46	154.495
1436	1527.47	113.478
1437	1199.57	103.587
1438	1207.6	104.346
1439	1443.4	118.179
1440	1360.64	105.324
1441	1263.16	106.73
1442	1268.64	124.601
1443	1447.22	125.493
1444	1532.03	125.762
1445	1296.26	125.974
1446	1388.34	124.555
1447	1225.9	104.654
1448	1248.2	89.1917
1449	1341.61	109.953
1450	1454.6	106.167
1451	1395.43	113.558
1452	2804.6	275.201
1453	970.363	82.0735
1454	833.007	109.161
1455	1104.36	96.3015
1456	826.525	76.2146
1457	1255.61	121.756
1458	970.189	98.2299
1459	686.795	43.0124
1460	1341.64	107.186
1461	868.134	79.8893
1462	933.139	89.2402
1463	588.561	63.3612
1464	862.414	83.5206
1465	1766.64	163.659
1466	903.183	68.4729
1467	964.281	75.201
1468	851.196	73.9445
1469	972.599	94.2751
1470	1045.74	95.308
1471	760.391	68.1411
1472	1129.16	83.7666
1473	1346.08	117.678
1474	1182.12	109.586
1475	1277.7	91.6785
1476	1781.69	137.898
1477	1321.84	99.6391
1478	1417.82	121.386
1479	1547.5	111.639
1480	1158.25	89.7004
1481	1343.34	127
1482	1454.73	107.487
1483	1453.8	122.699
1484	1417.06	119.755
1485	1689.15	127.886
1486	1418.74	108.551
1487	1549.47	126.855
1488	2229.56	184.869
1489	1601.75	107.623
1490	1259.39	98.3069
1491	1216.2	96.7714
1492	1581.12	118.143
1493	1199.9	95.5521
1494	1180.73	105.512
1495	1354.36	111.053
1496	1218.89	91.7067
1497	1198.21	116.183
1498	659.917	61.6567
1499	1199.02	90.4314
1500	1205.24	114.663
1501	919.316	70.1102
1502	1188	111.307
1503	1030.71	104.023
1504	1766.38	141.881
1505	1444.17	123.785
1506	1133.77	110.004
1507	850.614	65.4263
1508	1279.88	88.1949
1509	1013.26	105.458
1510	2642.55	229.008
1511	1079.86	103.383
1512	975.086	84.3851
1513	977.384	85.9819
1514	1093.09	116.138
1515	1047.63	122.989
1516	868.352	96.0259
1517	1071.53	93.5979
1518	1021.83	105.325
1519	948.927	92.924
1520	1389.41	101.658
1521	1665.61	120.299
1522	1481.17	130.897
1523	1356.61	127.444
1524	503.113	36.0457
1525	1331.92	99.8843
1526	1317.86	107.08
1527	1572.61	104.929
1528	1533.56	134.303
1529	1460.22	128.546
1530	1733.76	149.539
1531	1436.06	119.876
1532	1295.63	86.5213
1533	1648.19	149.202
1534	1450.79	114.499
1535	1728.43	140.224
1536	1465.65	120.658
1537	1413.41	115.049
1538	1315.66	103.881
1539	1370.68	125.662
1540	1368.01	99.6179
1541	1711.51	160.077
1542	1246.35	106.859
1543	1102.13	80.1528
1544	1333.53	97.6377
1545	1473.79	118.648
1546	1407.87	111.18
1547	1165.74	95.5422
1548	1408.57	130.01
1549	1183.11	108.236
1550	1259.08	116.972
1551	1118.23	92.702
1552	1240.44	108.236
1553	1176.02	106.189
1554	1229.95	89.7125
1555	1216.26	125.718
1556	1066.09	87.2359
1557	856.954	87.5643
1558	1055.04	89.9422
1559	1171.06	90.5018
1560	1074.19	109.714
1561	1304.7	99.1729
1562	1042.34	92.8831
1563	1137.73	84.4363
1564	1002.02	80.1478
1565	947.648	88.4978
1566	988.424	97.787
1567	1156.91	95.9453
1568	1436.85	132.36
1569	1764.3	167.411
1570	1420.11	123.59
1571	1326.32	109.819
1572	1303.56	97.5792
1573	1618.82	142.946
1574	1118.5	107.313
1575	1360.62	95.3192
1576	1256.63	109.924
1577	1263.92	113.709
1578	1438.84	117.562
1579	1759.57	131.925
1580	1529.61	109.295
1581	1451.86	104.536
1582	1351.29	115.379
1583	1532.79	126.965
1584	1787.09	172.146
1585	1471.37	109.472
1586	1458.15	111.726
1587	1448.83	108.671
1588	1280.44	106.674
1589	1476.87	136.935
1590	1273.41	111.815
1591	1260.88	111.864
1592	1360.09	126.041
1593	1726.12	148.094
1594	1485.51	116.242
1595	1521.01	118.621
1596	1260.47	104.626
1597	1201.63	112.278
1598	1101.31	115.301
1599	1405.61	132.987
1600	1011.98	91.1244
1601	1023.42	84.318
1602	1580.39	142.842
1603	1145.43	94.8254
1604	1027.82	86.5695
1605	1331.99	111.417
1606	1129.7	98.5666
1607	1195.87	97.0868
1608	1037.08	107.41
1609	981.267	95.0668
1610	1040.21	97.5287
1611	1114.31	99.0858
1612	2561.68	185.515
1613	1106.82	106.461
1614	1014.9	82.7096
1615	1039.58	104.514
1616	1564.9	159.713
1617	1498.31	112.862
1618	1524.94	112.316
1619	1600.74	138.427
1620	1771.08	139.967
1621	828.561	68.4475
1622	1653.62	109.153
1623	1734.11	136.407
1624	1331.05	99.7558
1625	1279.97	111.11
1626	1517.35	133.259
1627	1360.94	119.781
1628	1648.71	140.362
1629	1304.4	110.248
1630	1385.02	109.246
1631	752.387	68.2892
1632	1103.05	94.6042
1633	1209.66	94.2687
1634	1384.4	114.192
1635	1699.69	129.576
1636	1551.66	125.673
1637	1339.86	102.648
1638	1517.11	135.681
1639	1233.56	95.8927
1640	1393.57	119.774
1641	1339.41	92.9974
1642	1324.93	110.092
1643	1331.04	102.009
1644	1118.21	79.2693
1645	960.338	78.7627
1646	1135.92	90.7119
1647	1434.06	153.415
1648	1207.69	115.334
1649	835.959	70.8102
1650	1235.34	121.82
1651	997.496	80.5626
1652	1119.51	93.7314
1653	2987.66	296.391
1654	1117.47	105.797
1655	796.354	79.7005
1656	1095	112.27
1657	1174.74	99.1389
1658	1091.55	93.0136
1659	1269.51	111.565
1660	1185.95	111.312
1661	903.823	70.0878
1662	1229.45	125.932
1663	1069.76	83.163
1664	1068.05	92.5947
1665	1283.02	79.4821
1666	1277.43	88.7584
1667	1134.36	87.9269
1668	1289.65	85.6822
1669	1167.83	90.2447
1670	1331.92	88.8169
1671	1518.3	120.275
1672	1443	129.287
1673	1202.67	92.5577
1674	1695.54	132.428
1675	1482.75	97.504
1676	1317.29	115.184
1677	1610.71	129.072
1678	1409.18	119.608
1679	1529.23	125.239
1680	1811.86	134.983
1681	1473.43	108.39
1682	1260.73	103.399
1683	2084.61	174.093
1684	1364.81	112.889
1685	1533.24	135.51
1686	1627.85	139.512
1687	1467.06	114.853
1689	1445.65	121.229
1690	1264.5	100.562
1691	1326.63	89.3543
1692	1208.47	113.751
1693	1204.63	109.2
1694	1266.93	100.14
1695	1220.98	95.2311
1696	1111.04	103.663
1697	1190.75	107.283
1698	1073.97	92.7613
1699	923.937	73.1573
1700	1124.88	93.1523
1701	1215.35	112.683
1702	970.929	93.656
1703	1026.14	112.009
1704	1093.93	102.08
1705	1097.6	84.9687
1706	963.212	97.5657
1707	1214	121.7
1708	1367.22	111.958
1709	1159.23	97.5907
1710	1067.41	90.7707
1711	1568.63	133.478
1712	1457	137.933
1713	1091.5	92.4408
1714	1360.12	105.406
1715	1295.53	95.1932
1716	1553.89	125.936
1717	1326.98	80.2081
1718	1548.73	131.258
1719	1501.44	99.1554
1720	1688.34	139.895
1721	1577.37	111.216
1722	1816.31	143.284
1723	1454.63	106.744
1724	1304.07	137.845
1725	1278.12	88.0098
1726	1739.08	140.196
1727	1423.37	129.006
1728	1322.56	96.4104
1729	1680.77	78.9858
1730	1395.72	96.9983
1731	1383.17	106.114
1732	1448.04	98.7592
1733	1681.62	137.342
1734	1579.4	117.907
1735	1059.12	86.5088
1736	1347.29	125.293
1737	1475.33	109.194
1738	1487.21	125.297
1739	1589.74	119.626
1740	1047.84	92.5116
1741	1114.35	97.5753
1742	1535.59	125.125
1743	1166.62	93.7938
1744	979.854	107.636
1745	884.269	81.9233
1746	829.756	71.1128
1747	986.638	84.6164
1748	1066.69	110.067
1749	978.134	79.4812
1750	1255.85	121.336
1751	954.974	98.1333
1752	1007.8	105.823
1753	888.863	76.3682
1754	1121.48	97.9995
1755	670.87	64.702
1756	963.735	95.1864
1757	764.046	62.328
1758	1162.87	93.5595
1759	905.805	83.0671
1760	1203.7	90.3304
1761	1140.08	101.34
1762	1348.44	98.7481
1763	1522.73	113.245
1764	1458.88	111.456
1765	1812.28	147.34
1766	1427.74	117.749
1767	1362.43	113.235
1768	1193.66	102.441
1769	1205.2	96.2941
1770	1620.2	132.694
1771	1236.27	101.328
1772	1268.15	102.038
1773	1327.06	91.6436
1774	1339.94	104.186
1775	1548.39	120.157
1776	1074.75	90.3301
1777	1389.61	126.224
1778	1498.67	124.563
1779	1377.8	106.372
1780	1514.63	103.287
1781	1398.06	116.892
1782	1552.05	157.448
1783	1610.86	127.25
1784	2694.23	219.035
1785	1448.58	118.991
1786	1303.56	105.69
1787	1346.84	97.9241
1788	1017.24	77.6055
1789	1205.85	97.773
1790	443.948	67.4782
1791	1181.09	104.671
1792	1005.23	95.1302
1793	1249.7	110.281
1794	858.392	73.4354
1795	1065.94	91.0612
1796	1218.94	123.738
1797	1124.77	103.659
1798	1244.85	106.726
1799	499.005	105.734
1800	926.736	75.9308
1801	979.04	86.6285
1802	1094.39	96.7505
1803	1073.41	93.2797
1804	1047.69	89.4892
1805	973.312	85.7829
1806	1061.05	88.4121
1807	995.758	101.059
1808	1649.41	134.889
1809	1456.62	98.5581
1810	1310.38	113.603
1811	1459.83	101.272
1812	1548.07	169.768
1813	1323.21	95.1927
1814	1281.67	82.1627
1815	1210.83	94.1862
1816	1513.75	124.386
1817	1270.52	87.3622
1818	1336.1	111.183
1819	1118.34	88.8055
1820	1264.83	92.3519
1821	1414.74	96.1288
1822	1364.36	110.935
1823	1214.5	98.338
1824	1147.79	99.2398
1825	1197.17	89.0142
1826	1432.01	129.017
1827	1168.63	84.4959
1828	1261.49	106.883
1829	1513.03	121.825
1830	912.489	74.6592
1831	1325.97	102.089
1832	1144.68	80.7181
1833	1380.54	101.031
1834	1284.99	92.8019
1835	1621.55	129.335
1836	1065.49	92.9523
1837	1048.55	86.9066
1838	993.648	75.9674
1839	1024.26	94.1882
1840	974.608	82.2814
1841	1033.69	83.4283
1842	1122.18	80.9487
1843	1008.79	88.1321
1844	1342.82	137.947
1845	1058.55	115.877
1846	1160.71	98.3858
1847	822.15	74.7369
1848	1145.13	107.689
1849	1024.69	77.2364
1850	1444.4	159.197
1851	991.736	85.0683
1852	1137.25	99.0902
1853	1119.86	91.5268
1854	1122.98	89.6845
1855	1065.63	98.2907
1856	1439.91	116.334
1857	1218.46	98.8977
1858	1435.26	99.9258
1859	1456.17	120.761
1860	1336.95	117.133
1861	1318.99	99.1969
1862	1075.28	89.8036
1863	1232.05	84.3851
1864	1697.82	126.33
1865	1271.27	115.981
1866	1236.04	111.952
1867	1266.86	93.9008
1868	1277.38	107.737
1869	1667.39	136.458
1870	1458.88	117.248
1871	1234.55	102.394
1872	1138.5	89.5825
1873	1314.58	91.1213
1874	976.364	88.049
1875	1172.38	92.7597
1876	1307.11	98.3465
1877	1552.24	105.963
1878	1271.88	91.9927
1879	2045.86	160.062
1880	1614.08	137.855
1881	1348.54	103.961
1882	1286.07	107.208
1883	1338.53	112.043
1884	1618.23	176.876
1885	941.232	84.0803
1886	980.064	93.137
1887	1113.2	101.755
1888	949.344	93.1626
1889	776.166	75.9658
1890	895.978	73.6477
1891	926.576	83.2896
1892	812.445	94.2778
1893	913.915	91.6771
1894	947.211	90.8996
1895	813.942	87.1159
1896	1029.1	107.997
1897	849.871	65.6124
1898	364.25	39.5356
1899	444.871	80.4542
1900	861.76	73.447
1901	1057	105.529
1902	993.305	95.3835
1903	2529.22	197.985
1904	1526.05	143.558
1905	1610.58	153.232
1906	1094.42	82.6684
1907	1587.32	144.422
1908	1344.17	120.374
1909	1300.25	99.75
1910	1388.26	108.492
1911	1519.06	115.165
1912	1529.49	120.647
1913	1272.94	97.7268
1914	1699.94	146.764
1915	1281.05	111.992
1916	1152.29	95.551
1917	1274.45	116.888
1918	1443.29	114.243
1919	1481.93	129.235
1920	1262.82	95.9934
1921	1159.96	87.7711
1922	1346.33	105.26
1923	1233.45	100.71
1924	1164.76	94.5322
1925	978.961	95.1545
1926	1409.13	124.354
1927	764.896	62.7908
1928	1650.24	150.275
1929	1206.13	91.8551
1930	1252.02	104.907
1931	1167.41	94.9595
1932	762.88	67.2652
1933	899.228	64.8285
1934	1069.32	105.47
1935	831.871	72.8241
1936	924.417	75.2671
1937	929.476	83.8952
1938	979.059	87.0007
1939	828.567	77.6961
1940	1876.98	174.309
1941	1373.75	138.642
1942	1381.33	135.267
1943	771.568	83.0341
1944	1238.46	123.476
1945	1065.71	105.163
1946	790.176	73.3248
1947	934.678	86.1269
1948	1170.65	117.199
1949	884.188	77.4193
1950	1008.59	70.8271
1951	855.248	72.0519
1952	1273.5	90.7955
1953	1307.39	116.314
1954	1277.66	100.759
1955	1811.65	159.063
1956	1597.19	123.152
1957	1609.33	118.685
1958	1337.84	133.985
1959	1491.37	117.514
1960	1320.26	103.01
1961	1576.71	140.028
1962	1515.97	129.153
1963	1420.11	101.989
1964	2093.71	262.123
1965	1435.57	124.318
1966	1650.83	134.867
1967	1205.37	100.245
1968	1904.71	169.121
1969	1585.1	124.305
1970	1107.02	81.4867
1971	1386.37	118.509
1972	1333.07	90.4441
1973	1512.03	113.77
1974	1242.34	96.7385
1975	1476.9	107.981
1976	1517.48	122.958
1977	1231.12	124.253
1978	1254.27	96.8894
1979	1231.49	104.135
1980	950.605	77.4087
1981	963.407	78.1041
1982	1174.34	97.9694
1983	1178.99	102.273
1984	966.606	88.7934
1985	892.883	73.0396
1986	3279.22	299.359
1987	2613.8	207.187
1988	901.638	74.8157
1989	834.608	80.5755
1990	923.612	83.2008
1991	909.054	69.9981
1992	1250.31	111.847
1993	956.937	79.2222
1994	900.436	74.2687
1995	1051.54	75.7105
1996	1125.63	101.362
1997	1182.77	104.881
1998	847.236	68.6019
1999	771.524	76.1159
2000	1187.51	112.837
2001	1170.79	93.8377
2002	1207.73	104.686
2003	1318.3	108.224
2004	1642.38	117.353
2005	1360.09	94.9329
2006	776.053	76.795
2007	1149.56	100.403
2008	1310.35	82.7863
2009	1486.33	129.062
2010	1353.09	120.086
2011	1280	89.5055
2012	1318.06	110.343
2013	1008.86	76.5847
2014	1378.63	100.49
2015	1376.99	113.085
2016	1001.84	70.079
2017	1438.33	81.5832
2018	1461.68	109.61
2019	1122.05	85.5118
2020	1155.6	94.0816
2021	1371.58	110.547
2022	1312.95	95.1182
2023	1454.44	107.152
2024	1784.31	153.723
2025	1395.76	113.168
2026	1023.29	73.3716
2027	1061.93	92.4395
2028	973.369	76.9177
2029	1060.44	88.5946
2030	865.423	70.2581
2031	1072.97	95.8288
2032	1015.05	69.0699
2033	1122.54	93.1736
2034	955.22	93.6953
2035	1333.48	101.664
2036	1005.68	94.7372
2037	978.188	109.536
2038	996.501	101.287
2039	824.379	70.4518
2040	1347.56	116.654
2041	851.64	69.9119
2042	1110.77	103.765
2043	1064.1	96.0567
2044	1324.3	126.745
2045	1115.33	101.865
2046	1386.01	142.265
2047	872.086	78.8813
2048	1307.26	119.37
2049	1334.9	99.283
2050	1542.19	132.954
2051	1379.42	95.458
2052	1420.02	106.324
2053	1270.37	94.6821
2054	1280.39	118.551
2055	1283.97	109.297
2056	1411.91	115.422
2057	1258	109.52
2058	1283.47	107.818
2059	1025.07	93.7127
2060	1389.36	145.461
2061	1260.89	105.896
2062	1230.84	101.684
2063	1352.71	106.255
2064	1293.1	94.842
2065	1476.35	120.672
2066	1376.52	110.087
2067	1317.26	103.311
2068	1042.1	89.6899
2069	1273.19	98.9426
2070	1124.9	84.1897
2071	1517.08	122.32
2072	1860.32	126.258
2073	1323.96	113.685
2074	851.721	53.0833
2075	1318.39	88.7919
2076	898.914	76.4449
2077	922.836	70.1757
2078	951.207	85.1492
2079	1258.02	97.884
2080	955.188	106.111
2081	1394.55	132.302
2082	1130.14	95.9839
2083	968.646	87.6756
2084	993.389	100.97
2085	697.092	52.409
2086	881.188	86.8783
2087	858.719	75.8576
2088	777.48	67.3675
2089	847.507	90.2722
2090	1150.15	108.508
2091	1009.54	87.3648
2092	954.386	89.563
2093	937.056	70.4704
2094	863.021	68.7486
2095	634.574	65.3796
2096	1111.99	93.6577
2097	1356.1	124.83
2098	852.893	69.2772
2099	1380.69	130.515
2100	1396.33	117.781
2101	1185.5	100.609
2102	1344.87	97.061
2103	1358.17	128.803
2104	1354.48	127.051
2105	1173.92	89.6822
2106	1393.54	139.393
2107	1386.19	109.335
2108	1619.25	136.778
2109	1149.76	86.6724
2110	1156.87	86.1319
2111	1205.49	100.499
2112	1344.56	103.321
2114	1243.72	89.3198
2115	1244.4	98.3109
2116	1464.28	118.292
2117	1677.96	149.561
2118	888.256	68.8852
2119	1562.45	134.198
2120	1562.85	145.423
2121	1168.49	95.1507
2122	1420.53	106.574
2123	1169.35	119.168
2124	1136.49	92.2157
2125	1172.82	101.287
2126	944.551	62.1196
2127	1216.5	108.834
2128	701.821	79.3588
2129	1046.87	92.1233
2130	1011.94	96.7105
2131	931.126	85.5546
2132	960.156	116.95
2133	936.53	99.9268
2134	921.857	75.1703
2135	1011.83	86.7051
2136	1115.97	115.482
2137	1063.93	99.9529
2138	1032.91	138.973
2139	3672.72	318.131
2140	1099.41	87.4514
2141	1274.19	98.1038
2142	1155.05	150.837
2143	926.435	90.4195
2144	1413.15	193.944
2145	1422.47	126.056
2146	1095.92	94.7839
2147	1427.79	125.635
2148	1306.36	94.0611
2149	1537.86	115.448
2150	1135.22	92.5594
2151	1070.02	83.3113
2152	1241.27	100.288
2153	1107.86	104.303
2154	1503.55	124.617
2155	1172.13	99.8385
2156	1030.93	85.2029
2157	1356.77	113.821
2158	1346.64	123.659
2159	982.018	76.3165
2160	1447.09	114.253
2161	858.527	71.4846
2162	1085.53	85.1412
2163	1008.43	73.5633
2164	1291.88	106.496
2165	1193.9	100.642
2166	1297.9	92.133
2167	1261.82	91.2076
2168	1225.89	92.4884
2169	1917.91	150.917
2170	1177.07	92.2726
2171	1319.73	87.7707
2172	1468.86	136.795
2173	1120.86	104.676
2174	643.234	59.355
2175	950.994	79.1707
2176	1020.74	96.4557
2177	1202.5	123.075
2178	781.916	77.2901
2179	744.897	71.7201
2180	951.868	72.4111
2181	1005.81	98.7113
2182	1151.39	102.026
2183	951.915	74.7643
2184	1185.34	123.545
2185	1071.77	97.4403
2186	1532.39	131.561
2187	894.972	79.4147
2188	1017.48	95.2897
2189	631.988	80.529
2190	3062.61	228.465
2191	738.359	77.6499
2192	1183.08	81.3737
2193	1379.51	101.42
2194	1229.88	101.348
2195	1279.03	108.114
2196	1086	82.1686
2197	1396.64	98.8997
2198	1210.37	117.261
2199	1263.51	98.3936
2200	2545.06	217.678
2201	1642.1	124.826
2202	1187.68	89.9065
2203	1103.58	95.5766
2204	1174.64	94.0041
2205	1327.92	97.1724
2206	1151.91	84.1943
2207	1194.17	89.0068
2208	1021.92	89.5898
2209	1164.48	105.629
2210	1409.67	101.395
2211	1133.65	85.9266
2212	1548.18	134.737
2213	1488.62	115.648
2214	1052.85	99.8682
2215	1434.96	114.611
2216	1458.53	113.494
2217	1525.97	123.73
2218	1206.54	94.077
2219	1030.76	77.3251
2220	1172.07	97.1222
2221	616.185	60.5214
2222	2297.75	178.412
2223	2608.11	198.019
2224	942.902	71.6748
2225	949.327	94.467
2226	695.9	60.6848
2227	1187.79	178.791
2228	822.977	69.7081
2229	1260.82	116.492
2230	940.319	76.4808
2231	849.068	110.642
2232	1194.93	128.007
2233	1190.95	106.786
2234	1021.79	102.11
2235	1018.01	109.405
2236	814.937	71.2885
2237	966.749	87.0525
2238	954.516	78.3146
2239	740.271	83.0139
2360	1077.93	86.2582
2361	624.178	48.3722
2363	921.693	65.1631
2364	1127.55	86.3188
2365	1339.44	101.261
2366	1209.19	97.1703
2367	1023.83	66.4047
2368	1464.14	122.719
2369	1141.46	83.0596
2370	1414.91	114.962
2371	1081.1	82.104
2372	1420.41	92.7026
2373	1781.86	137.245
2374	1689.28	114.209
2375	1414.02	99.7336
2376	1478.8	119.604
2377	1415.9	115.361
2378	1648.69	145.88
2379	1246.74	79.9586
2380	1588.19	123.964
2381	1351.55	95.2921
2382	1132.98	77.3227
2383	1039.28	75.0461
2384	1186.45	80.8887
2385	1392.46	90.3724
2386	1714.38	139.652
2387	1449.32	112.943
2388	1488.12	104.878
2389	1577.38	136.439
2390	861.414	58.632
2391	1493.24	112.795
2392	1579.25	113.337
2393	1413.69	109.05
2394	1547.55	117.278
2395	1165.48	93.5501
2396	1448.08	106.448
2397	1970.44	144.573
2398	1570.87	113.075
2399	958.043	60.7205
2400	1219.56	96.0207
2401	967.353	73.9296
2402	1328.65	79.9159
2403	1286.43	93.868
2404	1486.75	130.273
2405	1576.48	149.175
2406	1447.16	145.79
2407	1318.23	111.821
2408	1347.58	91.1937
2409	1402.75	111.071
2410	1459.36	122.804
2411	977.947	75.2483
2412	1504.53	126.75
2413	1140.26	82.2732
2414	1846.49	149.082
2415	1818.05	104.573
2416	1137.1	87.1129
2417	2021.06	197.56
2418	1654.11	135.769
2419	1810.68	162.307
2420	1518.03	112.731
2421	1261.96	110.445
2422	2185.1	149.607
2423	1186.74	78.0162
2424	1508.71	121.446
2425	1515.12	135.358
2426	1565.54	116.719
2427	1489.29	105.131
2430	1123.96	88.3816
2431	1190.76	89.1654
2432	1477.76	120.19
2433	1333.96	103.788
2434	-4027.58	363.324
2435	1563.91	411.559
2436	1400.68	107.967
2437	1645.5	141.019
2438	1309.77	96.7851
2439	1210.31	107.203
2440	1697.27	121.661
2441	1311.81	104.667
2442	1408.18	126.274
2443	1433.33	141.251
2444	1136.6	75.5131
2445	1051.59	82.8642
2446	1486.28	104.294
2447	814.588	62.946
2448	891.602	61.5592
2449	1424.37	97.2445
2450	767.961	58.3418
2451	1321.6	99.433
2452	1599.93	110.554
2453	1326.31	105.319
2454	1290.46	112.64
2456	1946.03	169.279
2457	1973	159.299
2458	1275.34	116.664
2459	1004.09	64.4745
2460	902.501	69.3477
2461	1347.73	86.1325
2462	1119.5	84.4723
2463	1245.14	98.4409
2464	1306.42	99.6767
2465	1217.6	98.402
2466	1225.2	127.132
2467	999.988	81.3115
2468	1011.6	68.9073
2469	1477.97	110.408
2470	929.001	73.0212
2471	1151	90.7574
2472	1775.87	122.283
2473	1867.87	139.464
2474	2144.64	171.885
2475	1635.72	131.324
2476	1638.11	124.969
2477	897.995	72.4774
2478	1497.74	155.543
2479	1725.55	407.212
2480	1100.62	103.509
2481	1169.37	92.7786
2482	1259.77	90.7392
2483	1404.49	104.392
2484	1091.49	89.4314
2485	1146.75	81.8299
2486	1099.72	73.9815
2487	1679.28	125.709
2488	1397.9	90.2342
2489	1063.07	63.7786
2490	1150.06	94.3595
2491	1622.74	204.443
2493	1712.03	121.828
2494	1684.66	136.367
2495	1225.08	97.9261
2496	1198.71	86.8588
2497	963.857	71.5219
2498	1446.08	112.101
2499	1338.64	99.6223
2500	1845.38	147.502
2501	1558.64	135.891
2502	931.369	73.6778
2503	1694.51	133.961
2504	-1281.52	107.458
2505	1756.45	657.816
2506	1132.16	80.8687
2507	1690.68	127.284
2508	1317.26	93.1528
2509	1309	100.104
2510	1386.73	99.0642
2511	1047.11	90.5348
2512	1257.98	84.1687
2513	1118.28	98.06
2514	919.42	58.7994
2515	1147.03	87.7535
2516	1598.18	151.652
2517	1091.26	76.7992
2518	978.058	77.2913
2519	1127.76	84.5036
2520	1096.18	88.5789
2521	1490.77	122.016
2522	1818.78	145.845
2523	923.617	77.1617
2524	1614.74	143.535
2525	1229.6	102.548
2526	1231.38	699.137
2527	1159.9	295.851
2528	1185.24	81.3496
2529	1399.58	106.028
2530	1395.21	112.803
2531	1420.13	97.1895
2532	1146.87	82.8043
2533	1195.31	76.7151
2534	1287.32	90.2762
2535	1375.33	87.842
2536	1082.34	82.9782
2537	914.767	71.7305
2538	1239.43	124.533
2539	671.611	51.6304
2540	1996.95	167.346
2541	1578.24	112.447
2542	1368.36	114.607
2543	1093.95	89.0398
2544	1377.41	103.422
2545	1459.21	118.4
2546	1335.26	111.455
2547	1561.33	124.09
2548	1189.27	101.944
2549	1513.15	92.9801
2550	586.827	59.5592
2551	1842.07	150.782
2552	1225.08	91.2432
2553	986.615	69.0465
2554	1239.63	106.749
2555	1063.3	84.9994
2556	1627.2	124.672
2557	1112.12	82.3737
2558	1723.52	114.673
2559	1763.15	131.778
2560	1090.85	91.648
2561	1086.47	87.1377
2562	1456.52	113.491
2563	1975.07	110.771
2564	1189.98	81.4494
2565	1311.61	93.0016
2566	1123.1	86.6058
2567	2107.85	206.153
2568	1151.15	85.5274
2569	1808.59	122.458
2570	1243.27	97.2652
2571	1273.27	84.9147
2572	927.492	61.9922
2573	1390.44	96.986
2574	1268.89	85.1572
2575	1385.55	102.758
2576	1301.43	105.864
2577	1253.42	93.2004
2578	992.832	71.7652
2579	848.788	56.8409
2580	1910.38	142.456
2581	914.178	64.3699
2582	1858.59	133.878
2583	1495.26	119.707
2584	1193.92	101.729
2585	1208.56	105.044
2586	1120.41	85.0122
2587	873.85	66.0467
2588	1009.86	73.0261
2589	1379.45	107.869
2590	978.053	62.9192
2591	1078.7	81.7347
2592	1367.49	101.849
2593	1107.17	80.5553
2594	1547.97	119.031
2595	1406.07	101.281
