0	1144.04	94.6053
1	1160.69	98.2036
2	1667.79	137.092
3	1193.76	96.6579
4	1301.37	112.894
5	1158.86	99.6015
6	841.002	83.5868
7	1219.6	105.219
8	1166.95	101.453
9	1166.15	100.024
10	1140.72	127.32
11	1327.24	172.967
12	1171.07	98.1072
13	1491.08	129.808
14	1289.82	101.393
15	1172.51	103.46
16	1491.52	119.039
17	1215.35	110.859
18	1198.9	100.53
19	1297.43	131.458
20	1473.61	113.799
21	1149.79	102.012
22	1022.15	94.0782
23	903.594	80.7741
24	828.585	73.211
25	1168.31	110.913
26	1020.59	90.0028
27	854.721	76.6934
28	1110.19	107.908
29	1013.7	99.3253
30	1028.9	93.4072
31	947.468	86.7409
32	1210.86	106.273
33	1029.02	104.821
34	1158.04	100.971
35	1160.01	111.912
36	756.849	65.5883
37	1156.54	100.098
38	971.996	89.3439
39	965.162	86.4887
40	957.628	89.3777
41	937.783	80.6018
42	1147.22	92.5239
43	867.293	80.1352
44	821.238	72.0733
45	699.556	56.0279
46	791.992	77.9583
47	1173.7	82.4148
48	1149.11	96.9668
49	1174.36	104.433
50	1173.13	96.0162
51	1162.1	99.0536
52	1148.53	84.82
53	1245.1	104.398
54	1564.77	137.052
55	1159.07	90.8353
56	1159.04	99.2943
57	1214.69	98.2051
58	1179.01	110.991
59	1491.72	122.107
60	1155.12	95.693
61	1361.41	112.325
62	1173.69	101.752
63	1173.04	107.899
64	1144.95	100.946
65	1364.05	121.313
66	1291.69	109.358
67	1313.96	102.706
68	1173.85	101.426
69	1064.66	98.8135
70	987.503	97.2458
71	914.979	81.6894
72	690.311	70.8158
73	1023.47	85.966
74	990.033	91.0945
75	1131.87	87.1273
76	915.587	83.4182
77	1156.46	102.612
78	1112.88	111.271
79	774.778	72.1932
80	920.201	84.6131
81	853.783	81.5555
82	940.274	89.0137
83	1195.24	109.926
84	943.145	77.1077
85	1137.68	101.346
86	1020.7	97.0627
87	1158.69	120.695
88	777.254	78.5646
89	960.617	89.4484
90	1021.06	96.5985
91	993.244	98.6078
92	767.284	76.909
93	1067.73	101.495
94	978.627	89.8506
95	1157.98	111.432
96	1193.82	91.2515
97	1499.14	125.378
98	1530.18	132.632
99	1216.91	97.9282
100	1162.65	99.005
101	1159.12	93.6749
102	1147.09	93.9923
103	1455.52	137.278
104	1177.98	106.99
105	1175.62	112.45
106	1328.92	117.169
107	1681.95	146.64
108	1343.67	119.112
109	1175.22	102.553
110	1149.9	100.298
111	1887.52	144.305
112	1213.18	112.887
113	1156.42	112.257
114	1172.34	96.2351
115	1196.11	91.1746
116	1166.63	96.145
117	970.978	85.2501
118	1057.28	100.379
119	1004.86	88.4459
120	938.864	79.7597
121	1016.34	98.9145
122	1163.06	99.2109
123	1145.36	99.8459
124	906.762	78.6776
125	986.341	104.404
126	1023.99	93.2471
127	759.021	101.843
128	1048.08	99.3477
129	660.249	55.3674
130	1019.45	92.9993
131	856.385	75.5187
132	775.213	69.0925
133	868.087	72.1923
134	1099.85	93.9446
135	1133.92	87.9342
136	1167.91	101.7
137	1012.01	90.3913
138	911.538	80.3792
139	861.575	77.7836
140	1039.82	102.99
141	1213.98	114.322
142	1157.55	99.3364
143	968.277	87.8948
144	1168.96	103.476
145	1155.13	98.3455
146	1163.56	95.8038
147	1372.96	116.162
148	1152.06	92.9544
149	1376.7	121.108
150	1289.5	119.063
151	1159.86	98.8702
152	1155.74	97.651
153	1529.8	123.289
154	1523.47	130.624
155	1173.03	103.439
156	1351.59	118.397
157	1404.37	124.255
158	1801.33	142.573
159	1288.29	108.912
160	1672.96	131.282
161	1584.68	125.265
162	1142.25	89.9141
163	1158.17	102.971
164	1293.38	108.326
165	939.29	80.7807
166	949.638	85.4468
167	778.17	68.9653
168	912.157	79.9494
169	984.67	91.0751
170	1032.14	93.9511
171	1167.47	112.233
172	1176.27	117.449
173	1057.09	93.2025
174	1135.21	91.8466
175	1156.71	108.504
176	916.14	78.3081
177	867.02	82.1164
178	1137.83	103.393
179	1029.87	97.0159
180	862.722	76.6409
181	947.061	78.4101
182	1053.74	98.6869
183	1174.29	109.742
184	1201.51	100.758
185	749.42	63.7316
186	1141.63	107.985
187	947.25	81.2878
188	1096.43	97.3061
189	1089.66	92.741
190	898.897	76.0606
191	348.108	31.9508
192	1539.32	130.21
193	1148.17	93.2342
194	1201.35	97.4588
195	1169.04	92.1217
196	1254.43	100.631
197	1164.89	100.984
198	1173.88	99.2532
199	1238	109.458
200	1532.67	128.388
201	1212.57	99.4864
202	1248.47	109.163
203	1146.08	106.873
204	1158.92	101.645
205	1201.24	105.992
206	1153.83	103.549
207	1214.95	104.346
208	1184.96	100.043
209	1172.03	99.1115
210	1211.39	110.716
211	1158.35	97.3444
212	1835.61	158.699
213	1113.03	102.852
214	957.265	83.5835
215	1015.2	92.3148
216	904.895	76.9433
217	862.839	76.6774
218	1155.91	97.0178
219	1134.27	96.6044
220	1185.29	114.161
221	945.217	83.5524
222	1056.41	89.711
223	971.564	79.1335
224	1146.08	101.967
225	875.835	81.2708
226	800.732	73.8351
227	936.464	77.7268
228	966.609	89.6535
229	1149.84	103.534
230	826.201	81.8219
231	667.745	55.9108
232	830.866	74.4682
233	852.452	70.5503
234	1098.13	90.0461
235	1187.48	115.9
236	831.025	78.4537
237	779.798	75.0276
238	1149.86	101.068
239	947.243	82.5305
240	1186.71	102.555
241	1114.92	96.8138
242	1329.79	107.307
243	1216.1	106.657
244	1169.5	116.524
245	1186.75	126.272
246	1207.06	103.323
247	1182.73	111.914
248	1465.57	125.021
249	1262.33	111.564
250	1472.18	116.533
251	1176.27	101.874
252	1175.51	94.4739
253	1156.08	96.6633
254	1227.38	115.55
255	1152.88	103.887
256	1423.54	121.172
257	1150.35	101.181
258	1543.56	136.938
259	1139.16	96.8371
260	1986.81	174.946
261	789.915	80.1698
262	1061.85	109.119
263	1110.12	99.7091
264	1181.14	109.399
265	1099.89	99.762
266	826.542	72.4065
267	1015.04	104.736
268	1025.42	89.5898
269	960.726	85.7054
270	828.375	74.703
271	774.044	69.784
272	1021.51	102.685
273	903	76.4164
274	1286.57	116.146
275	1349.7	121.439
276	892.443	76.3511
277	945.592	81.2396
278	862.198	75.7773
279	758.404	65.9394
280	1009.44	89.1847
281	1107.71	101.869
282	756.732	62.3342
283	911.873	82.1145
284	862.686	80.0226
285	827.5	76.0715
286	1092.2	106.643
287	916.388	76.9802
288	1284.33	102.411
289	1299.14	104.565
290	1489.41	122.127
291	1154.53	108.031
292	1174.28	93.4246
293	1175.19	104.092
294	1181.74	98.9799
295	1196.82	100.903
296	1213.46	103.668
297	1170.1	94.9448
298	1178.04	101.989
299	1287.85	114.067
300	1166.73	97.9446
301	1291.76	108.502
302	1153.51	92.1914
303	1165.16	98.0143
304	1155.67	99.674
305	1172.26	99.2931
306	1167.6	101.413
307	1186.51	102.26
308	1147.45	100.756
309	1107.4	97.4994
310	1030.52	98.1982
311	1084.42	106.74
312	876.443	80.7723
313	1159.39	100.318
314	937.161	71.0312
315	974.358	88.8945
316	948.183	88.0915
317	1637.57	139.312
318	953.837	85.061
319	817.741	74.1027
320	1161.24	100.468
321	1014.12	97.7413
322	945.634	89.6205
323	864.75	73.7078
324	969.236	94.7776
325	1263.3	111.345
326	1011.77	92.243
327	912.361	78.9861
328	999.489	82.7351
329	1176.31	107.923
330	1101.32	92.1675
331	946.612	82.6091
332	1144.73	101.205
333	1148.9	97.7758
334	818.142	77.7289
335	863.586	78.1502
336	1169.9	95.1724
337	1181.54	94.7441
338	1247.52	106.775
339	1516.58	126.992
340	1166.43	93.0053
341	1276.28	113.363
342	1137.56	94.0288
343	1361.3	111.289
344	1155.36	101.373
345	1379.82	138.586
346	1177.92	98.2144
347	1163.49	96.8173
348	1587.91	129.771
349	1165.55	102.395
350	1143.74	97.991
351	1181.14	106.801
352	1154.06	91.044
353	1208.23	99.0255
354	1482.64	130.401
355	1163.56	92.6051
356	1596.74	130.471
357	468.683	83.3687
358	1018.18	91.4312
359	1156.5	106.054
360	1141.21	90.5173
361	1019.06	97.4515
362	988.375	96.4008
363	2047.28	171.81
364	1153.97	105.87
365	1094	97.571
366	870.831	84.7068
367	1155.96	109.259
368	1118.74	101.213
369	1082.01	112.007
370	957.628	83.3867
371	1141.33	108.033
372	981.848	83.2806
373	1005.02	85.8725
374	814.409	75.4217
375	1618.77	127.851
376	1147.13	107.438
377	1019.22	88
378	780.745	73.8151
379	1136.22	101.257
380	1091.74	98.4574
381	1103.27	106.884
382	1014.83	94.0857
383	940.321	82.193
384	1164.41	96.7534
385	1383.72	122.864
386	1466.31	112.096
387	1320.23	109.353
388	1336.1	102.085
389	1356.77	119.295
390	1206.33	101.724
391	1165.24	91.8543
392	1171.06	98.1775
393	1158.19	99.5635
394	1149.91	98.76
395	1155.42	96.7432
396	1190.33	94.6855
397	1275.65	96.4955
398	1154.97	93.7978
399	1191.5	100.582
400	1143.02	95.5269
401	1172.05	99.5021
402	1390.79	112.745
403	1159.23	101.112
404	1185.63	104.449
405	941.711	76.3834
406	912.535	90.7559
407	1068.73	98.9888
408	1064.96	92.5556
409	938.158	80.3966
410	947.067	77.5277
411	899.839	81.8781
412	858.908	75.1332
413	932.816	69.885
414	787.239	92.3702
415	1133.93	92.5034
416	900.764	75.4703
417	858.547	78.0288
418	1028.36	95.0698
419	386.06	45.7999
420	866.382	72.2816
421	974.484	93.7997
422	914.807	74.597
423	1065.05	90.8976
424	1151.78	104.183
425	933.783	81.7596
426	1158.45	102.275
427	986.076	94.4625
428	1008.89	87.2481
429	824.324	77.0288
430	1054.8	102.35
431	1010.2	89.5536
432	1151.46	92.2244
433	1334.46	103.634
434	1138.67	89.0205
435	1208.69	97.4574
436	1134.59	92.9373
437	1182.44	112.334
438	1534.95	128.404
439	1238.98	110.965
440	1367.81	109.892
441	1508.03	134.954
442	1146.62	91.3127
443	1331.67	105.391
444	1210.35	106.255
445	1144.32	97.1077
446	1289.09	109.216
447	1159.56	92.5365
448	1168.38	96.3583
449	1155.96	102.055
450	1533.12	125.512
451	1162.72	103.032
452	1186.6	99.8506
453	722.496	72.4621
454	978.044	83.3703
455	1169.53	105.29
456	1095.31	91.0661
457	916.022	78.6362
458	1023.03	100.919
459	788.909	74.8205
460	775.572	71.6304
461	989.198	92.1617
462	1008.2	89.1933
463	1198.11	102.034
464	935.784	77.8791
465	883.112	84.1519
466	950.458	79.3326
467	956.581	80.6575
468	1112.54	94.296
469	940.564	78.7636
470	1121.71	111.832
471	426.193	64.5602
472	819.111	73.4644
473	973.975	88.2133
474	1123.96	92.9266
475	974.095	85.7272
476	1087.51	106.659
477	941.216	74.7763
478	1119.21	109.057
479	900.313	76.8069
480	1266.04	109.476
481	1167.24	96.7673
482	1315.85	103.978
483	1168.06	102.171
484	1127.48	95.334
485	1435.13	118.974
486	1195.77	96.5186
487	1201.86	91.3173
488	1151.95	93.36
489	1212.33	101.94
490	1431.48	117.806
491	1154.76	100.474
492	1145.49	88.3705
493	1281.38	106.286
494	1565.63	135.265
495	1138.83	95.556
496	1151.95	94.5547
497	1349.25	118.803
498	1196.62	100.994
499	1152.66	94.2535
500	1301.22	104.088
501	904.173	76.2605
502	1043.27	88.1498
503	1160.58	104.844
504	1152.56	104.648
505	791.146	79.4518
506	864.138	81.6178
507	1051.74	93.5362
508	1009.09	92.8964
509	1165.28	97.8717
510	1082.18	96.9135
511	1004.6	90.7002
512	833.597	82.1283
513	1135.43	98.0361
514	778.297	70.4832
515	1102.15	95.7154
516	948.381	83.8036
517	1094.02	94.7928
518	1020.98	93.2236
519	472.59	81.9036
520	430.597	64.5451
521	1166.95	107.38
522	1041.69	85.7764
523	1023.52	90.1153
524	1086.49	88.4087
525	1153.76	101.361
526	1142.24	99.3813
527	1043.27	88.5283
528	1154.6	93.5802
529	1612.09	139.318
530	1124.67	98.115
531	1038.93	80.5164
532	1236.05	105.44
533	1147.8	93.7641
534	1172.72	92.8913
535	1167.63	92.9697
536	1157.01	98.0575
537	1152.6	95.8946
538	1148.87	91.3723
539	1184.17	108.405
540	1170.28	106.632
541	1159.74	94.6347
542	1164.68	98.0002
543	1147.96	92.2739
544	1241.05	104.277
545	1212.54	98.3815
546	1291.62	102.712
547	1349.62	116.669
548	1159.07	91.5623
549	1168.78	103.698
550	962.301	93.896
551	1035.79	103.233
552	911.211	81.6967
553	464.658	100.011
554	822.34	74.7937
555	912.7	79.5782
556	965.132	84.2802
557	823.959	72.9786
558	1116.83	103.098
559	814.059	68.8161
560	862.966	77.3494
561	833.092	79.1909
562	759.555	69.0181
563	964.139	93.0763
564	877.13	79.1828
565	1167.36	101.813
566	961.746	85.8032
567	949.462	76.0444
568	1075.41	93.9179
569	1143.18	99.0221
570	778.758	73.0579
571	1097.31	103.615
572	1099.6	92.3074
573	890.89	70.7332
574	1179.68	107.561
575	1050.1	90.8556
576	1212.7	96.531
577	1452.97	122.367
578	1332.1	107.195
579	1139.14	92.3303
580	1364.07	110.152
581	1246.73	91.0771
582	1443.59	116.417
583	1335.19	112.094
584	1156.4	93.4326
585	1159.17	95.9334
586	1150.31	99.6773
587	1246.67	101.883
588	1402.47	119.985
589	1330.52	105.154
590	1154.9	103.557
591	1181.92	107.061
592	1258.86	102.952
593	1166.52	100.033
594	1172.27	97.4772
595	1146.28	102.651
596	1221.21	99.1407
597	1027.93	107.534
598	1083.17	93.6432
599	1154.11	106.18
600	1437.39	126.863
601	856.749	78.9829
602	1165.05	114.748
603	1136.25	97.713
604	1055.56	109.831
605	832.368	76.0811
606	949.801	84.8918
607	674.091	60.4957
608	789.051	80.0598
609	782.442	76.8496
610	1063.57	102.573
611	870.818	83.0215
612	824.19	68.941
613	1153.04	102.983
614	1133.2	96.2283
615	947.373	77.2171
616	1062.92	95.8372
617	926.165	85.5964
618	934.287	79.3743
619	862.235	73.7148
620	1034.04	92.312
621	1068.36	100.268
622	1149.02	101.8
623	1071.58	103.664
624	1433	123.128
625	1149.45	89.0293
626	1171.28	96.6858
627	1144.69	87.9529
628	1167.88	93.5548
629	1175.06	98.1657
630	1259.52	104.011
631	1150.57	91.1476
632	1278.42	103.498
633	1172.62	95.9179
634	1151.12	94.7091
635	1144.48	98.6626
636	1145.71	95.5772
637	1297.78	106.283
638	1153.02	92.6016
639	1238.02	97.2322
640	1515.52	129.96
641	1242.75	104.084
642	1280.83	104.79
643	1224.05	105.435
644	1154.98	100.993
645	958.314	90.5577
646	858.16	77.6507
647	762.499	71.7969
648	1173.47	105.844
649	830.547	81.4107
650	1161.19	102.36
651	1082	104.833
652	857.122	79.3506
653	828.904	68.0103
654	1081	95.6761
655	1070.5	101.113
656	839.54	81.0238
657	950.863	84.3159
658	1140.4	102.43
659	1138.4	93.7385
660	937.092	78.6611
661	1053.12	95.6197
662	1155.94	99.8902
663	1041.95	86.7851
664	1083.07	87.3514
665	1156.63	99.7049
666	947.558	84.8408
667	1025.49	89.1904
668	1151.36	103.051
669	895.497	79.1961
670	1050.24	91.2367
671	1138.31	101.039
672	1153.34	92.5753
673	1149.71	88.702
674	1333.82	109.8
675	1383.56	106.675
676	1318.49	98.9849
677	1284.27	99.928
678	1184.22	101.032
679	1165.36	97.1135
680	1241.16	107.748
681	1404.62	113.572
682	1164.98	102.162
683	1204.3	105.911
684	1469.83	115.601
685	1415.6	120.382
686	1283.37	99.9542
687	1178.39	103.602
688	1143.33	91.6436
689	1165.98	100.486
690	1569.44	150.608
691	1143.21	95.2755
692	1331.54	104.138
693	1026.84	95.7645
694	1143.82	104.741
695	1120.7	117.864
696	1064.78	96.0087
697	970.098	90.4261
698	1057.47	95.426
699	1135.3	98.0692
700	1101.42	105.738
701	961.925	86.7684
702	834.335	81.7732
703	1106.57	106.402
704	1059.55	90.7956
705	973.052	89.5609
706	1150.13	95.643
707	1033.5	99.0146
708	1154.02	105.676
709	942.675	80.3696
710	1155.34	106.096
711	1131.32	93.1141
712	1071.55	103.442
713	1103.53	95.963
714	1133.03	88.5843
715	1016.51	91.943
716	1149.17	101.507
717	1134.55	100.19
718	1153.82	96.3749
719	851.235	78.2471
720	1272.89	111.828
721	1161.71	107.95
722	1157.6	98.2907
723	1287.72	104.368
724	1429.01	110.164
725	1152.06	98.6331
726	1220.78	102.239
727	1204.48	102.237
728	1155.94	101.626
729	1238.76	119.275
730	1251.93	107.237
731	1356.48	107.505
732	1139.6	93.2702
733	1154.66	99.0308
734	1174.42	97.6227
735	1195.55	96.391
736	1166.99	97.6623
737	1157.3	96.622
738	1487.31	130.065
739	1211.62	108.672
740	1217.12	98.3667
741	940.137	82.9692
742	994.27	98.9748
743	1067.09	102.543
744	1160.93	114.631
745	816.96	79.8847
746	671.38	61.8975
747	952.311	82.1849
748	1144.89	114.846
749	1096.13	104.116
750	1148.2	126.277
751	917.162	86.6802
752	879.798	80.3436
753	1162.89	109.844
754	1105.11	94.777
755	901.149	77.138
756	818.963	82.8837
757	876.818	87.2154
758	905.786	82.0483
759	1156.14	106.564
760	1173.54	124.185
761	1008.36	86.4816
762	1167.46	108.438
763	1054.3	96.2973
764	971.069	88.6343
765	772.954	73.7312
766	1158.83	105.606
767	909.401	74.8144
768	1296.75	101.71
769	1350.01	102.235
770	1400.78	104.56
771	1601.7	145.352
772	1280.32	97.8834
773	1330.85	109.265
774	1152.81	92.3111
775	1273.89	99.1631
776	1318.3	103.958
777	1205.36	105.811
778	1247.48	110.502
779	1174.47	95.4929
780	1170.67	117.022
781	1160.8	92.5271
782	1156.3	91.0339
783	1184.54	98.1583
784	1283.33	102.7
785	1221.39	113.752
786	1539.65	133.529
787	1260.77	105.661
788	1352.93	115.975
789	1158.5	108.38
790	1142.99	111.378
791	1028.65	101.434
792	1102.41	95.9693
793	786.454	76.2179
794	872.761	85.9027
795	1111.65	101.202
796	1161.39	116.45
797	976.761	93.3505
798	921.005	95.9643
799	1074.76	103.056
800	1011.93	87.3603
801	1052.71	92.3501
802	846.103	90.8976
803	1145.37	111.536
804	1116.63	113.485
805	788.126	79.7105
806	1174.9	109.023
807	1087.65	96.7121
808	1194.78	107.106
809	1173.91	101.695
810	964.679	90.999
811	897.952	77.277
812	1006	84.8334
813	1087.7	91.5824
814	1099.05	99.691
815	947.577	79.1079
816	1140.11	93.2704
817	1148.97	97.5452
818	1402.77	117.549
819	1139.03	94.0903
820	1275.62	98.7843
821	1224.49	89.5731
822	1206.02	102.982
823	1434.87	120.821
824	1426.85	113.066
825	1318.93	101.121
826	1174.04	99.2842
827	1215.27	103.963
828	1150.51	90.0269
829	1168.53	101.555
830	1319.08	111.181
831	1145.72	93.173
832	1158.66	92.5308
833	1148.55	97.823
834	1143.25	91.5699
835	1173.4	103.767
836	1392.71	118.474
837	1023.32	91.5355
838	1131.53	116.174
839	1029.59	97.6828
840	824.399	83.9969
841	1121.97	112.259
842	1036.25	101.084
843	1129.13	92.7903
844	1010.34	94.0993
845	951.779	90.6486
846	1148.55	96.7874
847	830.734	88.6316
848	1117.98	101.695
849	1011.72	95.3516
850	987.505	90.5655
851	1205.22	107.237
852	1517.04	123.045
853	881.153	87.4203
854	918.543	84.795
855	964.28	90.8701
856	862.643	80.8876
857	962.501	85.6035
858	1125.31	84.5996
859	833.636	77.9023
860	1161.71	103.364
861	957.469	86.6399
862	1142.69	95.6073
863	1154.19	101.343
864	1169.5	92.6138
865	1205.78	94.0156
866	1330	116.2
867	1340.38	100.262
868	1162.78	96.2263
869	1123.8	94.0178
870	1136.29	99.5843
871	1140.44	97.4696
872	1164.43	95.6642
873	1558.91	162.532
874	1131.43	97.9382
875	1142.4	93.3765
876	1437.71	119.574
877	1258.88	114.782
878	1187.92	111.605
879	1165.4	97.6657
880	1268.73	102.126
881	1020.34	91.3378
882	1253.71	103.779
883	1331.32	107.608
884	1203.89	95.0268
885	1125.16	142.61
886	826.053	79.326
887	958.243	90.1491
888	874.655	82.9923
889	781.796	75.9713
890	874.615	88.933
891	1174.31	105.804
892	739.981	74.384
893	1152.55	99.4253
894	640.174	66.1712
895	830.779	86.6102
896	973.63	104.917
897	1090.7	97.9669
898	683.945	76.5019
899	1030.12	90.224
900	954.665	89.6495
901	745.264	64.1352
902	1138.35	102.576
903	1050.4	98.1272
904	780.653	69.5787
905	939.253	81.8701
906	770.018	75.083
907	1144.28	117.628
908	949.971	79.1707
909	1200.48	104.958
910	1125.55	98.6669
911	1022.48	96.8139
912	1174.19	92.6222
913	1249.63	105.319
914	1339.7	112.389
915	1279.12	92.6433
916	1159.36	95.0962
917	1164.06	100.491
918	1173.76	95.8837
919	1160.04	94.3591
920	1155.3	93.6305
921	1139.25	98.8065
922	1320.2	112.648
923	1333.81	109.818
924	1212.04	105.682
925	1145.35	105.952
926	1241.59	101.524
927	1146.14	95.6808
928	1149	92.2927
929	1305.54	119.39
930	1185.01	106.827
931	1143.93	93.3975
932	1397.32	189.086
933	572.432	56.158
934	578.078	57.9216
935	1135.73	125.034
936	932.244	90.997
937	784.903	73.7373
938	1164.02	107.345
939	759.712	72.8336
940	625.99	57.6857
941	575.827	52.5353
942	1019.98	95.0715
943	757.581	64.8328
944	1153.37	105.002
945	1054.3	100.273
946	979.487	85.3171
947	962.452	88.5001
948	1157.11	106.051
949	904.61	86.4543
950	1182.67	102.112
951	1063.77	89.4211
952	974.163	91.2383
953	1062.73	91.4454
954	1099.17	100.381
955	1061.28	91.2354
956	1141.47	95.7796
957	1145.91	111.572
958	974.515	87.8338
959	454.168	93.4443
960	1323.19	101.693
961	1616.95	136.41
962	1130.28	94.739
963	1159.82	90.6765
964	1211.99	94.1976
965	1524.07	126.138
966	1178.69	105.286
967	1161.86	93.7958
968	1148.17	94.7263
969	1408.47	118.672
970	1397.55	121.501
971	1305.11	113.475
972	1271.41	108.308
973	1178.8	101.354
974	1284.13	107.344
975	1400.25	115.277
976	1217.56	103.135
977	1141.74	90.8719
978	1366.68	125.51
979	1267.93	112.645
980	1410.65	118.513
981	926.056	82.7342
982	1139.86	106.11
983	722.777	67.7607
984	1081.56	106.309
985	758.112	79.68
986	1018.38	98.5492
987	985.833	94.8819
988	1009.09	90.9613
989	905.27	87.9628
990	1097.19	100.535
991	912.042	87.138
992	1069.51	102.468
993	1141.81	102.721
994	1149.48	99.3392
995	725.551	71.8453
996	986.131	95.5952
997	958.032	87.3325
998	1128.8	101.972
999	974.55	94.4001
1000	1208.82	103.316
1001	1159.7	92.6737
1002	1369.04	112.605
1003	1166.25	96.0307
1004	1126.37	83.4864
1005	1196.15	96.7691
1006	1238.62	101.363
1007	1446.81	111.352
1008	1267.58	117.534
1009	1161.39	97.7424
1010	1362.84	115.554
1011	1156.68	99.4753
1012	1168.8	95.4929
1013	1207.8	107.697
1014	1205.92	115.399
1015	1226.84	110.129
1016	1256.31	118.292
1017	1352.16	112.889
1018	1406.68	126.976
1019	1663.4	132.551
1020	1252.68	103.673
1021	986.243	101.127
1022	969.944	88.9031
1023	1577.4	127.155
1024	1206.29	114.708
1025	1165.45	104.754
1026	1066.12	94.5574
1027	1175.76	106.105
1028	1144.62	98.5088
1029	1057	97.2582
1030	1162.67	101.449
1031	1044.24	87.7183
1032	1076.79	94.7102
1033	990.523	90.7156
1034	1157.26	109.161
1035	1125.59	88.2594
1036	840.704	80.8536
1037	1147.17	98.971
1038	1160.03	107.815
1039	927.065	80.3036
1040	1284.03	98.9735
1041	1127.34	84.6868
1042	1536.2	121.312
1043	1295.57	117.104
1044	1214.15	101.207
1045	1154.56	103.611
1046	1137.9	87.7994
1047	1322.51	98.3578
1048	1978.14	171.636
1049	1219.33	108.659
1050	1335.09	108.919
1051	1143.64	98.5917
1052	1115.5	96.7629
1053	1684.98	140.746
1054	1108.12	90.3199
1055	1732.14	145.894
1056	1246.65	107.181
1057	1114.77	99.2931
1058	1445.31	129.052
1059	1602.16	135.667
1060	1446.33	129.785
1061	778.152	82.4364
1062	974.172	102.494
1063	1062.65	99.315
1064	864.429	83.2671
1065	919.428	86.6271
1066	912.463	81.7606
1067	1159.49	102.614
1068	1022.63	106.98
1069	1166.4	116.257
1070	1070.49	103.125
1071	1179.72	106.955
1072	1135.85	111.227
1073	988.627	92.7227
1074	801.489	87.5083
1075	1150.27	93.4702
1076	1095.33	86.4465
1077	1000.51	80.1304
1078	870.108	75.8857
1079	1099.57	97.7548
1080	1735.33	137.11
1081	1337.53	104.859
1082	1159.73	98.4793
1083	1170.79	96.9505
1084	1226.91	109.353
1085	1159.26	95.5346
1086	1156.42	96.0857
1087	1248.27	101.071
1088	1102.09	89.6908
1089	1166.34	98.0599
1090	1159.49	93.3974
1091	1433.32	127.704
1092	1167.64	107.59
1093	1159.72	93.1424
1094	1153.47	103.827
1095	1321.43	113.479
1096	1257.73	101.762
1097	1157.47	100.552
1098	1155.77	98.0716
1099	1075.84	130.223
1100	785.696	80.2473
1101	594.883	60.6463
1102	932.738	96.0289
1103	1237.96	102.494
1104	1021.49	102.964
1105	1070.99	108.741
1106	1148.38	100.44
1107	982.948	97.3283
1108	1101.96	114.553
1109	1164.57	97.4397
1110	1165.19	103.027
1111	1154.42	112.472
1112	710.698	63.9891
1113	975.173	88.985
1114	707.852	69.0414
1115	1175.5	121.956
1116	751.623	64.0466
1117	908.798	79.5742
1118	1004.22	84.9835
1119	903.391	78.2042
1120	1480.74	120.976
1121	1426.79	110.159
1122	1334.75	101.739
1123	1419.39	122.501
1124	1175.11	103.92
1125	1167.94	96.522
1126	1364.04	130.182
1127	1167.54	92.7539
1128	1208.63	105.136
1129	1172.43	105.016
1130	1569.57	128.294
1131	1295.55	104.283
1132	1151.93	101.95
1133	1145.26	88.1941
1134	1476.41	123.729
1135	1152.81	96.6976
1136	1265.55	100.872
1137	1201.81	96.1396
1138	1554.92	133.613
1139	1140.08	101.167
1140	840.822	80.9056
1141	1129.61	114.829
1142	956.062	84.7934
1143	1120.85	118.994
1144	665.994	65.3501
1145	1071.05	114.584
1146	773.053	71.477
1147	1022.29	93.7945
1148	874.369	77.6676
1149	913.824	84.0745
1150	988.19	90.6083
1151	862.606	78.7318
1152	940.449	76.5181
1153	1025.15	106.879
1154	1116.85	113.372
1155	1145.49	100.108
1156	1086.01	85.9151
1157	1083.46	91.0636
1158	1052.12	83.8491
1159	1106.77	102.946
1160	1478.04	115.495
1161	1157.67	95.9951
1162	1150.76	98.6577
1163	1204.45	93.9573
1164	1161.41	94.4248
1165	1136.21	96.4391
1166	1211.45	107.567
1167	1248.58	102.613
1168	1150.3	90.6447
1169	1171.77	99.1823
1170	1178.72	104.51
1171	1192.83	88.5251
1172	1205.71	100.143
1173	1168.37	98.4851
1174	1331.95	114.103
1175	1524.84	125.227
1176	1614.9	141.208
1177	1323.15	109.316
1178	1163.35	113.471
1179	1284.57	101.235
1180	1356.03	118.093
1181	942.216	79.6869
1182	1094.96	94.7286
1183	868.912	85.4991
1184	986.732	91.0337
1185	974.54	101.19
1186	1180.89	105.624
1187	945.672	83.1062
1188	967.068	84.4582
1189	970.926	92.252
1190	1022.48	96.4988
1191	677.223	60.9107
1192	1148.13	102.219
1193	1146.23	105.949
1194	1148.26	106.698
1195	934.021	75.4394
1196	1094.52	97.6889
1197	821.214	74.7766
1198	918.216	82.6749
1199	795.09	72.3843
1200	1138.57	85.0536
1201	1363.62	110.786
1202	1499.42	105.357
1203	1323.68	101.12
1204	1466.02	116.212
1205	1365.05	127.562
1206	1248.42	97.8311
1207	1132.61	90.8075
1208	1295.95	110.698
1209	1141.57	92.3488
1210	1341.9	113.466
1211	1322.19	104.7
1212	1136.7	94.8598
1213	1504.93	125.67
1214	1363.67	159.14
1215	1337.56	110.63
1216	1695.53	174.081
1217	1338.18	116.203
1218	1282.25	99.8586
1219	1134.66	90.5155
1220	1240.35	104.501
1221	1135.97	110.544
1222	1132.56	114.578
1223	1056.12	91.3239
1224	1139.4	100.998
1225	775.967	75.6352
1226	1107.87	93.1631
1227	1109.04	86.8018
1228	1055.42	88.0381
1229	990.708	96.4599
1230	1142.3	102.186
1231	1027.38	91.3283
1232	958.51	90.8361
1233	866.393	77.0775
1234	913.027	83.7272
1235	1090.33	88.5471
1236	1171.8	101.925
1237	932.755	77.2333
1238	835.259	78.7353
1239	858.671	73.1439
1240	1383.94	114.491
1241	1149.72	94.1932
1242	1221.97	97.3091
1243	1147.33	88.801
1244	1198.25	104.298
1245	1146.13	90.452
1246	1170.01	98.4196
1247	1138.98	94.0157
1248	1164.87	103.653
1249	1522.37	114.4
1250	1161.31	101.348
1251	1248.51	114.443
1252	1206.16	99.7626
1253	1338.22	103.798
1254	1184.28	107.352
1255	1170.79	104.415
1256	1252.99	101.842
1257	1377.69	121.729
1258	1421.15	131.62
1259	1371.29	123.51
1260	795.885	80.7853
1261	975.856	93.8048
1262	836.781	79.685
1263	765.381	70.647
1264	1073.38	93.6981
1265	818.853	76.9291
1266	1021.45	94.7615
1267	1051.27	91.7264
1268	974.611	88.6513
1269	1138.54	91.6927
1270	870.461	85.519
1271	1125.47	102.669
1272	1082.82	88.034
1273	905.232	76.2576
1274	965.724	91.4712
1275	834.22	77.3819
1276	746.538	64.6735
1277	744.463	63.5662
1278	912.02	74.8417
1279	806.585	68.3698
1280	1369.76	112.851
1281	1325.94	94.9188
1282	1464.32	116.658
1283	1170.12	97.0226
1284	1202.99	85.1182
1285	1374.71	119.356
1286	1779.39	137.229
1287	1412.19	117.364
1288	1348.83	110.674
1289	1203.72	108.581
1290	1271.06	102.935
1291	1350.76	118.794
1292	1316.85	98.7753
1293	1247.33	100.758
1294	1160.97	107.33
1295	1474	122.295
1296	1136.33	102.913
1297	1455.83	155.448
1298	1160.97	100.164
1299	1112.73	94.4438
1300	1111.54	94.1111
1301	1123.78	107.021
1302	1403.94	127.735
1303	1138.17	92.4797
1304	1106.3	96.9198
1305	1290.9	109.121
1306	1166.39	101.918
1307	1125.23	93.0309
1308	859.108	80.9497
1309	1071.19	102.134
1310	1164.99	114.44
1311	873.973	81.6404
1312	1030.93	98.7686
1313	1053.94	95.8484
1314	877.935	78.9343
1315	825.041	85.5734
1316	870.01	77.605
1317	955.891	86.1124
1318	945.477	77.0325
1319	981.878	95.6741
1320	678.6	61.4453
1321	935.337	72.2133
1322	795.558	84.6892
1323	688.992	70.2573
1324	890.702	71.2228
1325	775.732	68.6025
1326	1326.82	97.3609
1327	771.888	71.4134
1328	1205.2	95.8601
1329	1157.88	89.9014
1330	1326.88	107.658
1331	1302.42	102.155
1332	1528.11	122.037
1333	1241.11	106.359
1334	1363.56	110.593
1335	1343.83	113.459
1336	1145.87	98.743
1337	1095.94	90.8904
1338	1153.17	96.6984
1339	1144.07	95.0839
1340	1477.11	118.995
1341	1260.55	103.793
1342	1469.74	120.904
1343	1232.59	103.934
1344	1146.33	104.856
1345	1317.13	105.862
1346	1282.49	106.104
1347	1210.7	98.1555
1348	1136.31	91.0583
1349	1515.9	131.238
1350	1280.92	102.283
1351	1277.14	101.486
1352	1332.13	101.937
1353	1174.04	102.278
1354	1164.67	99.64
1355	1251.23	103.362
1356	820.798	70.3654
1357	726.889	67.7492
1358	832.383	80.7482
1359	679.346	71.6255
1360	841.202	83.9762
1361	754.833	74.7182
1362	976.268	87.0642
1363	1151.23	107.043
1364	836.367	82.721
1365	715.879	62.477
1366	948.362	80.4448
1367	681.022	65.6181
1368	764.83	68.976
1369	567.874	53.0393
1370	971.865	83.7616
1371	1065.47	104.226
1372	967.392	82.0107
1373	1093.82	96.0788
1374	1050.95	90.5616
1375	757.802	67.6465
1376	1407.46	116.806
1377	1139.72	84.0273
1378	1226.24	102.187
1379	1146.19	88.0453
1380	1430.92	106.407
1381	1250.5	102.656
1382	1166.38	97.0172
1383	1172.98	95.6684
1384	1162.94	95.9304
1385	1358.6	115.399
1386	1233.54	98.5134
1387	1219.69	111.256
1388	1297.28	111.921
1389	1159.36	91.483
1390	1136.24	83.958
1391	1220.09	101.299
1392	1164.67	98.541
1393	1098.18	90.2455
1394	1154.21	93.2262
1395	1150.73	90.2405
1396	1267.78	107.781
1397	1404.38	117.694
1398	1147.25	101.697
1399	1155.73	94.9276
1400	1151.9	94.1737
1401	1151.88	97.3429
1402	1207.32	111.842
1403	1167.21	95.8042
1404	764.945	70.3412
1405	1064.03	99.7641
1406	914.592	83.2228
1407	769.75	70.6502
1408	985.381	90.3998
1409	841.143	76.2554
1410	1138.22	96.5205
1411	1114.86	113.286
1412	904.396	83.1889
1413	854.67	79.7517
1414	793.29	75.8509
1415	915.787	82.6225
1416	730.265	69.3015
1417	779.65	73.755
1418	1010.28	89.3119
1419	904.533	79.2745
1420	1075.08	110.137
1421	937.302	74.5116
1422	1153.02	107.177
1423	897.67	79.6976
1424	1157.86	94.1265
1425	1432.8	111.766
1426	1137.88	101.311
1427	1146.2	90.8095
1428	1394.41	115.248
1429	1345.79	97.8592
1430	1560.31	125.276
1431	1191.47	96.2439
1432	1145.17	96.7781
1433	1131.65	89.7315
1434	1168.42	96.5687
1435	1454.12	124.276
1436	1298.64	110.096
1437	1135.93	92.3656
1438	1108.01	85.8145
1439	1263.94	107.036
1440	1163.87	95.5174
1441	1191.3	101.509
1442	1145.65	92.7471
1443	1175.23	107.107
1444	1294.02	101.703
1445	1146.75	92.6467
1446	1222.34	106.43
1447	1114.73	97.7244
1448	1155.71	96.6546
1449	1142.61	95.389
1450	1218.24	97.0712
1451	1213.3	103.179
1452	1319.61	103.458
1453	921.633	84.1985
1454	828.919	78.4189
1455	1141.28	95.1281
1456	773.367	75.3256
1457	1138.84	98.5961
1458	923.709	84.6516
1459	681.741	65.9526
1460	1101.36	112.852
1461	836.864	81.5294
1462	885.387	91.0385
1463	566.523	52.5806
1464	785.923	76.0833
1465	1146.54	95.3162
1466	861.319	82.9462
1467	895.413	78.4858
1468	836.457	78.6533
1469	938.774	93.2076
1470	1029.16	96.7244
1471	721.894	66.6227
1472	1158.47	95.3276
1473	1191.3	94.3249
1474	1157.4	94.7776
1475	1191.58	90.5707
1476	1590.85	129.474
1477	1178.63	101.067
1478	1253.03	98.8751
1479	1346.21	104.414
1480	1152.63	89.4307
1481	1103.87	110.085
1482	1244.61	106.374
1483	1278.74	104.876
1484	1246.21	92.2275
1485	1495.13	126.789
1486	1277.21	99.3149
1487	1364.39	109.705
1488	1937.14	157.578
1489	1359.98	111.543
1490	1157.6	96.1777
1491	1138.82	94.0716
1492	1391.05	108.637
1493	1149.95	98.0975
1494	1140.37	95.7271
1495	1157.87	92.7277
1496	1152.07	91.7729
1497	1161	103.877
1498	1099.76	95.1057
1499	1122.16	80.9934
1500	1145.59	103.715
1501	867.011	77.1327
1502	1108.98	102.851
1503	986.301	89.2604
1504	996.126	101.712
1505	1153.19	101.569
1506	1102.9	98.9328
1507	797.273	83.9529
1508	1151.91	99.2571
1509	962.621	81.3438
1510	1182.4	103.262
1511	1023.91	101.999
1512	949.599	83.1935
1513	915.874	81.4224
1514	1020.52	90.8837
1515	1021.29	97.7076
1516	899.06	79.7204
1517	1012.31	84.0545
1518	1018.55	96.8402
1519	916.935	81.7243
1520	1255.2	103.124
1521	1518.11	115.026
1522	1296.96	101.87
1523	1216.62	104.109
1524	873.131	73.477
1525	1165.28	96.8911
1526	1153.32	91.0373
1527	1349.66	108.205
1528	1319.22	104.812
1529	1277.27	109.357
1530	1491.35	127.618
1531	1287.19	111.349
1532	1135.37	83.9231
1533	1404.58	113.678
1534	1279.08	108.5
1535	1525.96	118.152
1536	1262.94	108.683
1537	1220.7	106.365
1538	1153.92	90.2185
1539	1187.87	106.636
1540	1157.06	91.0594
1541	1511.58	128.403
1542	1113.82	86.5331
1543	1159.04	100.62
1544	1154.94	91.5058
1545	1282.33	100.447
1546	1244.06	105.124
1547	1145.35	95.2321
1548	1168.6	106.529
1549	1135.03	100.546
1550	1146.55	97.8853
1551	1024.11	96.0401
1552	1167.57	103.331
1553	1116.38	107.282
1554	1115.68	100.719
1555	1145.98	100.271
1556	1023.79	87.1372
1557	821.597	73.4183
1558	1024.58	96.1335
1559	1148.24	99.049
1560	1034.12	97.044
1561	1146.44	91.6371
1562	967.71	93.7121
1563	1104	98.6415
1564	975.308	86.4421
1565	905.886	80.9027
1566	916.296	78.7318
1567	1091.6	93.6097
1568	1253.79	100.352
1569	1545.38	122.138
1570	1247.89	108.368
1571	1154.04	91.5491
1572	1143.57	92.7662
1573	1374.34	116.736
1574	1153.83	92.1344
1575	1215.18	94.5388
1576	1182.81	98.9019
1577	1145.02	89.3252
1578	1216.35	103.395
1579	1287.75	99.3951
1580	1336.8	108.85
1581	1286.14	106.127
1582	1181.58	98.862
1583	1290.85	96.7712
1584	1567.8	120.92
1585	1279.03	101.901
1586	1291.17	106.115
1587	1258.89	106.186
1588	1143.9	90.5964
1589	1220.71	104.855
1590	1154.89	98.1098
1591	1093.42	98.2821
1592	1157.01	96.8781
1593	1472.32	120.855
1594	1260.58	102.344
1595	1327.33	101.992
1596	1132.07	100.055
1597	1135.79	101.173
1598	1074.85	98.3444
1599	1168.41	110.16
1600	926.025	86.1983
1601	994.448	90.2071
1602	1057.27	101.103
1603	1022.03	86.83
1604	1010.2	87.8266
1605	1137.51	91.8386
1606	1104.43	104.799
1607	1163.24	113.628
1608	977.323	95.9187
1609	950.219	84.6409
1610	976.359	98.1921
1611	1027.83	93.2854
1612	1203.74	100.403
1613	1047.16	86.8609
1614	979.869	85.0467
1615	1012.61	87.3261
1616	1347.54	100.717
1617	1311.68	109.539
1618	1366.21	111.498
1619	1404.26	106.595
1620	1553.87	124.166
1621	1236.14	92.6279
1622	1463.68	119.035
1623	1527.78	121.5
1624	1158.62	89.1804
1625	1145.77	85.7222
1626	1284.28	106.108
1627	1165.87	99.7459
1628	1440.91	117.228
1629	1176.12	101.462
1630	1258.61	104.638
1631	1094.19	89.9322
1632	1123.76	83.4096
1633	1148.05	95.3811
1634	1230.67	90.3837
1635	1472.2	117.689
1636	1339.48	117.447
1637	1152.62	91.3986
1638	1298.43	105.562
1639	1124.59	88.6396
1640	1227.56	106.056
1641	1174.1	98.7219
1642	1159.83	110.434
1643	1162.8	93.8092
1644	1046.51	84.2599
1645	881.872	80.4845
1646	1065.16	97.9922
1647	1129.39	131.537
1648	1116.03	98.2488
1649	808.733	79.96
1650	1151.84	94.7394
1651	928.594	91.9156
1652	1066.54	99.0806
1653	1382.93	113.919
1654	1116.84	100.306
1655	775.111	70.1309
1656	1015.46	93.304
1657	1142.08	98.903
1658	1046.64	90.0934
1659	1161.2	109.818
1660	1142.33	91.1102
1661	854.166	75.1202
1662	1142.77	103.92
1663	1007.45	88.038
1664	1160.64	91.2227
1665	1145.36	86.7393
1666	1173.07	95.1472
1667	1143.96	92.2628
1668	1169.79	96.8852
1669	1170.21	97.5036
1670	1143.37	86.9756
1671	1324.7	111.062
1672	1229.54	110.226
1673	1162.32	91.3046
1674	1483.5	119.221
1675	1286.56	95.0515
1676	1144.67	89.3618
1677	1355.29	112.531
1678	1177.94	101.963
1679	1314.48	100.83
1680	1528.77	124.76
1681	1246.85	99.8262
1682	1145.58	88.4367
1683	1747.67	153.625
1684	1164.46	89.7801
1685	1325.12	103.237
1686	1374.33	112.633
1687	1255.38	100.133
1688	313.761	24.3067
1689	1243.06	94.2588
1690	1135.44	106.654
1691	1151.94	88.698
1692	1145.87	102.134
1693	1132.95	91.5445
1694	1167.95	98.302
1695	1152.84	97.8235
1696	1057.56	93.083
1697	1101.25	100.291
1698	1017.11	94.9743
1699	836.97	77.9484
1700	1028.54	98.4116
1701	1151	101.156
1702	949.972	85.7829
1703	993.911	89.5579
1704	1030.51	99.2467
1705	1027.31	96.4903
1706	915.875	75.1235
1707	1169.75	107.45
1708	1160.68	99.6081
1709	1095.3	87.8034
1710	1030.6	94.6791
1711	1163.49	94.4467
1712	1252.8	96.4415
1713	1149.3	89.5808
1714	1208.41	97.6804
1715	1141.84	86.1223
1716	1383.21	105.63
1717	1159.74	96.7606
1718	1320.51	101.665
1719	1340.67	106.398
1720	1481.93	110.915
1721	1378.5	109.541
1722	1593.13	130.325
1723	1246.3	98.8741
1724	1169.32	98.5081
1725	1148.21	90.6358
1726	1529.15	117.225
1727	1209.04	99.1262
1728	1176.62	88.7325
1729	1381.15	111.072
1730	1210.43	95.0666
1731	1238.96	96.5007
1732	1252.52	101.228
1733	1404.05	109.306
1734	1353.9	113.879
1735	1108.06	86.7122
1736	1153.63	92.6765
1737	1209.98	99.6779
1738	1268.61	104.806
1739	1377.59	109.497
1740	963.822	80.7
1741	1032.27	101.03
1742	1142.86	98.3639
1743	1140.65	99.8106
1744	921.079	85.8964
1745	827.793	82.1067
1746	778.66	72.5181
1747	942.647	78.6877
1748	1028.6	87.7597
1749	883.217	81.8072
1750	1153.81	100.355
1751	915.742	85.8165
1752	976.861	89.6428
1753	870.743	76.2873
1754	1072.46	104.37
1755	685.159	66.0854
1756	939.602	80.0745
1757	765.109	74.9945
1758	1101.65	89.528
1759	828.822	72.3247
1760	1089.52	114.575
1761	1141.53	88.087
1762	1221.1	95.1456
1763	1334.29	104.915
1764	1287.79	98.2606
1765	1601.58	137.385
1766	1294.96	99.5255
1767	1200.43	99.712
1768	1156.99	98.9406
1769	1152.65	91.5013
1770	1411.3	119.933
1771	1146.85	95.0968
1772	1168.84	94.9193
1773	1151.6	92.3941
1774	1190.63	93.2478
1775	1284.71	108.531
1776	1134.23	89.1264
1777	1177.53	104.017
1778	1329.42	108.473
1779	1144.14	95.3602
1780	1337.96	103.28
1781	1241.28	97.1456
1782	1343.48	113.097
1783	1366.87	111.517
1784	2393.09	186.653
1785	1220.88	105.904
1786	1154.54	94.7823
1787	1148.46	90.2014
1788	950.159	77.6775
1789	1104.88	97.5835
1790	411.073	62.2426
1791	1132.56	89.9211
1792	963.431	82.3454
1793	1139.33	98.9692
1794	827.038	83.2509
1795	961.521	81.0747
1796	1090.93	97.6661
1797	1060.09	95.5543
1798	1153.31	100.282
1799	435.276	74.6022
1800	864.551	73.8132
1801	965.917	93.6992
1802	997.239	94.799
1803	1028.57	89.2686
1804	1003.45	86.7847
1805	941.89	79.9913
1806	1017.64	89.5978
1807	973.75	80.5038
1808	1407.3	112.575
1809	1247.75	101.062
1810	1170.15	95.5293
1811	1269.21	101.451
1812	1428.36	114.902
1813	1198.72	96.4156
1814	1148.53	87.18
1815	1149.78	92.6717
1816	1352.18	108.196
1817	1129.3	92.9948
1818	1142.64	99.4195
1819	1149.68	97.4967
1820	1205.7	98.0971
1821	1239.2	95.1635
1822	1236.92	96.1348
1823	1151.08	91.5592
1824	1141.65	91.105
1825	1115.86	89.352
1826	1224.45	106.941
1827	1140.42	90.0042
1828	1154.22	91.3598
1829	1305.49	103.971
1830	1204.62	101.221
1831	1141.65	92.0319
1832	1148.68	95.8891
1833	1204.68	100.518
1834	1145.42	85.272
1835	1383.62	115.812
1836	1025.29	100.695
1837	969.095	96.2705
1838	947.029	85.0654
1839	963.975	81.1764
1840	953.38	77.4985
1841	961.049	88.6195
1842	1070.78	101.525
1843	944.677	78.1417
1844	1082.49	115.785
1845	925.471	92.3936
1846	1110.79	95.0089
1847	788.831	78.3148
1848	1144.48	101.542
1849	981.233	99.9541
1850	1103.21	96.3463
1851	954.806	83.4342
1852	1120.95	104.123
1853	1094.1	97.3923
1854	1047.81	96.5531
1855	1021.54	95.4828
1856	1248.87	102.579
1857	1198.52	92.3797
1858	1261.55	96.8506
1859	1305.68	100.639
1860	1163.47	97.8811
1861	1157.45	92.8644
1862	1157.83	89.0883
1863	1157.64	92.4754
1864	1521.47	116.316
1865	1170.59	97.9663
1866	1158.31	93.282
1867	1134.43	87.1407
1868	1154.89	92.4726
1869	1507.01	117.697
1870	1293.16	107.38
1871	1144	94.2893
1872	1171.34	96.398
1873	1145.88	90.6039
1874	1155.49	92.3971
1875	1133.2	94.8449
1876	1145.11	89.1705
1877	1370.25	111.275
1878	1149.07	96.504
1879	1758.68	131.013
1880	1355.61	113.084
1881	1197.91	96.3772
1882	1102.69	91.5901
1883	1173.19	96.7114
1884	1094.16	104.018
1885	944.759	83.1436
1886	948.822	84.6105
1887	1021.35	97.7416
1888	915.66	78.8369
1889	794.723	75.198
1890	860.226	76.1331
1891	879.513	85.5893
1892	799.053	79.2807
1893	875.232	83.4066
1894	911.004	85.2389
1895	785.412	67.5866
1896	1011.87	92.6148
1897	800.036	82.8694
1898	367.734	44.7085
1899	397.975	58.5696
1900	810.325	84.6572
1901	1029.73	101.197
1902	952.964	80.4852
1903	1194.54	87.5538
1904	1317.09	104.123
1905	1426.95	113.318
1906	1165.76	95.8347
1907	1348.52	121.233
1908	1200.76	95.9766
1909	1156.05	91.3565
1910	1209.7	102.759
1911	1325.06	103.067
1912	1331.88	105.025
1913	1156.29	93.9111
1914	1549.51	124.897
1915	1153	96.583
1916	1158.79	95.3211
1917	1156.63	95.0841
1918	1285.38	105.839
1919	1275.6	114.261
1920	1156.12	93.211
1921	1142.27	93.9745
1922	1170.98	96.0539
1923	1150.04	90.7754
1924	1138.85	86.4824
1925	1103.38	88.3818
1926	1215.04	96.9484
1927	1152.03	98.2779
1928	1380.59	137.766
1929	1135.79	84.1933
1930	1166.77	94.4276
1931	1126.86	87.5742
1932	767.472	69.246
1933	856.821	76.8164
1934	1071.14	96.3747
1935	786.571	74.7086
1936	867.765	78.5399
1937	897.528	76.1074
1938	919.381	88.2533
1939	785.733	75.3982
1940	1171.09	105.77
1941	1114.51	106.867
1942	1097.85	112.276
1943	720.013	66.4869
1944	1134.28	102.632
1945	989.533	92.8221
1946	779.003	76.7627
1947	963.928	82.3797
1948	1097.25	96.0201
1949	831.794	77.6814
1950	981.237	92.4573
1951	834.835	76.0589
1952	1166.19	94.8039
1953	1158.64	97.3342
1954	1185.24	99.5006
1955	1594.64	126.647
1956	1457.51	120.712
1957	1404.97	116.67
1958	1196.2	99.6467
1959	1343.51	104.017
1960	1145.42	92.4687
1961	1387.78	116.449
1962	1302.3	101.931
1963	1250.74	103.13
1964	1699.02	171.303
1965	1263.59	97.0025
1966	1463.86	127.74
1967	1156.34	91.7264
1968	1629.36	135.876
1969	1365.12	111.769
1970	1153.82	96.13
1971	1216.45	105.245
1972	1126.56	86.5371
1973	1308.14	107.934
1974	1152.91	85.8671
1975	1314.54	101.425
1976	1268.58	109.753
1977	1150.62	89.5231
1978	1160.47	94.5647
1979	1142.92	89.7817
1980	906.065	85.8238
1981	977.305	88.0825
1982	1133.52	94.3721
1983	1141.41	94.0066
1984	921.362	79.8765
1985	866.539	75.9348
1986	1492.15	116.459
1987	1243.84	96.4422
1988	843.111	79.9844
1989	819.153	76.1033
1990	837.315	73.2182
1991	854.277	69.5224
1992	1169.87	104.175
1993	907.777	79.7188
1994	864.839	74.4061
1995	951.094	79.1266
1996	1058.12	95.3358
1997	1132.94	95.9275
1998	826.575	74.6604
1999	768.131	70.7915
2000	1169.63	100.19
2001	1153.97	95.3578
2002	1138.75	84.4422
2003	1144.76	90.2819
2004	1468.86	120.885
2005	1159.5	94.9873
2006	1250.29	104.307
2007	1161.69	94.4927
2008	1131.37	83.3818
2009	1283.21	108.786
2010	1195.16	97.2851
2011	1172.37	100.119
2012	1156.14	93.7585
2013	1153.81	94.8574
2014	1239.97	99.8023
2015	1180.95	100.063
2016	1170.56	96.6209
2017	1254.52	90.2232
2018	1288.56	109.806
2019	1139.33	93.0504
2020	1141.19	93.4043
2021	1195.48	93.8831
2022	1156.04	94.2953
2023	1205.92	97.5603
2024	1516.79	124.816
2025	1209.56	100.537
2026	1162.18	92.5696
2027	1180.46	109.445
2028	949.975	85.0842
2029	1007.65	90.9478
2030	844.146	80.3813
2031	979.584	90.8478
2032	994.743	92.1809
2033	1069.89	93.4012
2034	917.676	79.0921
2035	1138.15	91.5969
2036	945.838	86.1006
2037	974.638	92.8062
2038	987.632	95.3426
2039	757.992	65.3313
2040	1159.23	103.138
2041	793.986	78.2937
2042	1014.66	88.5681
2043	964.092	80.902
2044	1149.08	107
2045	1068.73	95.4682
2046	1159.76	108.722
2047	829.075	72.4837
2048	1183.75	90.6655
2049	1180.49	102.523
2050	1367.78	112.228
2051	1179.26	99.1887
2052	1305.98	100.458
2053	1163.26	95.886
2054	1146.8	93.1232
2055	1170.45	97.3468
2056	1242.17	100.5
2057	1134.46	86.1821
2058	1178.02	104.667
2059	1141.33	90.5964
2060	1178.87	103.113
2061	1160.08	95.7592
2062	1174.05	101.808
2063	1163.6	94.9418
2064	1155.44	89.4655
2065	1249.19	93.8302
2066	1191.1	89.71
2067	1131.16	85.9072
2068	1178.11	99.5756
2069	1162.33	90.187
2070	1134.88	92.2697
2071	1279.36	100.461
2072	1626.91	126.274
2073	1142.27	87.4872
2074	1173.76	99.9765
2075	1140.44	93.3306
2076	868.638	81.1799
2077	839.566	76.3111
2078	877.167	85.2499
2079	1129.97	98.3221
2080	957.127	89.9563
2081	1149.26	106.184
2082	1100.09	93.1368
2083	880.558	85.5945
2084	952.533	93.824
2085	674.226	62.3146
2086	838.334	81.0693
2087	833.145	74.654
2088	772.593	73.3322
2089	827.626	80.6829
2090	1052.93	93.4109
2091	986.674	88.2612
2092	943.454	76.3826
2093	878.4	81.3289
2094	833.425	78.8022
2095	625.359	57.9331
2096	1212.87	95.8159
2097	1188.65	101.144
2098	1230.78	100.48
2099	1206.06	96.3318
2100	1251.43	97.3146
2101	1168.16	90.5428
2102	1196.64	91.3409
2103	1190.43	88.821
2104	1228.29	105.111
2105	1144.45	87.7411
2106	1260.36	109.465
2107	1273.66	95.8965
2108	1403.28	110.96
2109	1153.65	95.5287
2110	1158.43	97.5942
2111	1144.23	85.0301
2112	1188.46	104.57
2113	393.151	51.0272
2114	1161.85	98.6666
2115	1162.81	104.446
2116	1275.56	100
2117	1431.22	111.76
2118	1167.3	99.745
2119	1375.22	112.284
2120	1373.01	116.197
2121	1167.35	96.8742
2122	1196.65	93.2199
2123	1127.34	90.6408
2124	1135.33	101.193
2125	1129.2	91.0439
2126	960.207	84.9406
2127	1138.42	99.8774
2128	673.298	61.9225
2129	994.98	93.0512
2130	964.551	91.8527
2131	935.777	80.9824
2132	961.809	87.4429
2133	897.722	74.0518
2134	846.544	91.1089
2135	966.791	87.1483
2136	1116.6	93.9378
2137	1086.92	98.1243
2138	1089.34	94.9133
2139	1460.79	119.892
2140	1020.95	89.3577
2141	1149.33	97.855
2142	1189.8	126.513
2143	911.659	82.9081
2144	1572.01	158.745
2145	1256.05	105.036
2146	1197.74	91.9558
2147	1220.5	98.8085
2148	1166.15	90.0833
2149	1324.77	100.119
2150	1172.15	105.48
2151	1154.47	93.24
2152	1173.5	92.6466
2153	1156.71	104.994
2154	1306.45	97.3217
2155	1149.32	102.071
2156	1205.6	95.9886
2157	1157.95	90.7565
2158	1182.84	107.361
2159	1179.76	94.7679
2160	1299.59	105.429
2161	1160.18	105.756
2162	1182.04	92.7553
2163	1201.85	99.076
2164	1137	88.991
2165	1139.78	94.9568
2166	1152.69	93.3252
2167	1166.27	98.7341
2168	1172.48	98.445
2169	1705.13	146.651
2170	1149.26	97.4052
2171	1162.56	97.7392
2172	1127.55	109.149
2173	1025.6	88.4956
2174	606.211	61.6403
2175	870.824	82.5661
2176	982.2	85.4269
2177	1163.21	115.56
2178	756.922	65.2778
2179	763.229	69.0604
2180	908.921	80.1599
2181	923.319	84.7446
2182	1103.77	84.5825
2183	954.772	80.2605
2184	1173.17	112.99
2185	1063.29	87.9734
2186	1099.91	104.152
2187	903.302	80.6753
2188	987.505	83.1036
2189	598.904	66.4819
2190	1473.45	113.708
2191	761.324	68.1849
2192	1159.73	97.4312
2193	1250.64	95.3202
2194	1183.66	101.386
2195	1156.21	91.1982
2196	1167.49	96.1049
2197	1211.53	98.5679
2198	1197.33	98.3964
2199	1169.07	90.5496
2200	2219.5	162.439
2201	1431.64	115.349
2202	1172.43	98.8133
2203	1156.89	92.1184
2204	1206.8	95.7226
2205	1126.73	82.9853
2206	1176.8	104.148
2207	1145.6	91.1041
2208	1239.82	100.59
2209	1154.67	87.7642
2210	1259.03	102.076
2211	1196.79	95.1435
2212	1364.82	115.706
2213	1328.84	98.7438
2214	1155.79	96.9296
2215	1236.03	93.9037
2216	1250.24	103.443
2217	1317.91	109.388
2218	1182.12	94.1296
2219	1160.53	93.8179
2220	1101.98	99.8258
2221	581.752	60.2231
2222	1173.46	97.9798
2223	1209.85	101.145
2224	869.895	80.1156
2225	941.314	86.5474
2226	671.654	62.0747
2227	1110.05	96.5904
2228	770.777	70.6024
2229	1179.12	106.273
2230	910.652	81.7519
2231	837.861	84.8217
2232	1160.1	104.958
2233	1164.88	105.53
2234	976.379	88.6477
2235	976.42	84.6008
2236	812.329	71.0766
2237	958.652	74.0089
2238	916.904	78.4302
2239	721.782	64.213
2360	1165.49	88.9232
2361	1220.29	91.8757
2362	1563.8	120.164
2363	1185.91	92.9393
2364	1156.36	88.6753
2365	1142.69	85.1697
2366	1165.73	88.9981
2367	1196.53	93.429
2368	1255.16	105.515
2369	1173.69	85.4767
2370	1199.83	89.2854
2371	1165.62	95.1667
2372	1184.57	89.8851
2373	1548.41	119.932
2374	1447.83	104.943
2375	1242.47	96.302
2376	1269.98	94.1612
2377	1211.92	89.5987
2378	1397.38	106.749
2379	1082.97	81.2437
2380	1365.86	97.455
2381	1153.59	86.6162
2382	1168.68	87.6545
2383	1179.63	99.0563
2384	1168.96	85.15
2385	1188.08	91.5737
2386	1468.37	102.891
2387	1243.74	91.158
2388	1261.02	97.5895
2389	1358.72	98.5028
2390	1166.55	89.6448
2391	1250.82	86.5821
2392	1352.79	100.728
2393	1186.26	84.1571
2394	1334.2	98.3766
2395	1165.62	82.9888
2396	1250.97	82.9002
2397	1672.38	121.916
2398	1361.54	105.576
2399	1151.06	81.1203
2400	1171.19	95.4539
2401	1171.84	86.7976
2402	1184.51	84.359
2403	1169.93	89.4064
2404	1249.83	97.1234
2405	1383.56	101.925
2406	1225.18	87.404
2407	1110.2	79.052
2408	1153.08	83.4407
2409	1190.24	92.2034
2410	1219.42	97.9863
2411	1160.61	88.6108
2412	1268.38	98.7483
2413	1163.77	89.9488
2414	1583.19	113.038
2415	1554.64	109.836
2416	1165.46	84.7308
2417	1669.45	118.173
2418	1404.87	98.7125
2419	1510.29	113.114
2420	1290.97	93.328
2421	1164.64	90.4095
2422	1870.34	148.317
2423	1176.15	89.7944
2424	1292.26	100.206
2425	1286.14	93.6734
2426	1336.78	100.645
2427	1278.02	93.8606
2428	1849.93	138.426
2429	1716.05	119.05
2430	1144.76	81.5777
2431	1152.55	83.8753
2432	1266.46	91.9624
2433	1110.94	85.0463
2434	1281.88	96.6715
2435	1172.3	93.6602
2436	1182.05	88.4983
2437	1447.47	111.524
2438	1159.18	89.9276
2439	1164.56	91.3711
2440	1443.68	108.325
2441	1175.64	84.6477
2442	1212.83	82.5846
2443	1189.85	84.0582
2444	1153.54	76.1531
2445	1144.21	89.469
2446	1250.27	91.8281
2447	1167.96	89.7056
2448	1154.76	88.6863
2449	1198.51	83.3978
2450	1174.98	89.135
2451	1149.54	78.8364
2452	1379.41	99.8539
2453	1149.73	82.785
2454	1145.29	83.9111
2456	1599.95	122.303
2457	1653.47	132.718
2458	1143.43	82.49
2459	1156.85	89.0212
2460	1179.69	95.9722
2461	1155.2	86.7595
2462	1146.33	87.9625
2463	1184.56	90.2789
2464	1134.82	85.1091
2465	1201.51	86.969
2466	1158.93	96.6474
2467	1177.14	89.7091
2468	1150.22	89.3308
2469	1233.38	96.7302
2470	1157.08	87.8073
2471	1150.28	85.9787
2472	1546.95	117.103
2473	1513.94	119.179
2474	1830.92	134.841
2475	1340.2	100.734
2476	1360.89	106.524
2477	1179.15	94.8816
2478	1242.93	87.1563
2479	1129.44	82.0308
2480	1281.24	89.7521
2481	1181.88	88.0528
2482	1150.38	79.8426
2483	1189.64	86.7636
2484	1160.83	88.2157
2485	1122.88	83.8528
2486	1159.54	90.4351
2487	1435.29	99.6695
2488	1216.4	93.1504
2489	1178.88	85.4141
2490	1180.71	75.1115
2491	1240.44	100.318
2492	1396.12	99.1632
2493	1416.28	109.282
2494	1406.79	110.485
2495	1138.16	84.8264
2496	1166.45	86.832
2497	1153.1	89.2107
2498	1219.57	82.4094
2499	1168.88	86.2894
2500	1524.93	117.373
2501	1336.87	94.8838
2502	1156.49	82.2391
2503	1433.24	98.5742
2504	1269	95.776
2505	1056.54	76.0769
2506	1143.72	85.4424
2507	1440.83	104.121
2508	1120.11	91.5922
2509	1176.94	90.0387
2510	1162.11	84.7339
2511	1142	83.8116
2512	1181.44	80.6833
2513	1150.35	89.2616
2514	1177.94	83.9659
2515	1163.9	84.0442
2516	1345.57	96.0905
2517	1152.61	85.2795
2518	1167.52	86.7581
2519	1134.1	85.3546
2520	1168.14	89.9808
2521	1295.73	94.8125
2522	1372.49	98.9404
2523	1172.74	89.3161
2524	1326.78	99.5017
2525	1118.05	81.8485
2526	1190.17	83.3527
2527	1309.58	93.5226
2528	1157.87	83.9378
2529	1205.06	94.8813
2530	1151.03	86.0924
2531	1235.26	87.8166
2532	1133.81	83.1558
2533	1153.74	84.8274
2534	1148.26	82.9238
2535	1129.44	84.4003
2536	1145.98	82.8265
2537	1183.89	87.3759
2538	1167.81	84.3185
2539	1203.43	90.3231
2540	1741.73	133.075
2541	1249.21	86.2559
2542	1144.18	83.3572
2543	1222.17	93.533
2544	1173.34	89.321
2545	1240.01	85.8693
2546	1126.79	78.7748
2547	1343.8	96.2712
2548	1151.5	90.0682
2549	1261.5	90.8107
2550	1200.69	90.8538
2551	1546.55	113.293
2552	1121.87	86.9279
2553	1164.94	84.9387
2554	1164.71	91.4449
2555	1111.81	81.4989
2556	1364.2	99.3377
2557	1163	87.7272
2558	1475.71	102.083
2559	1512.48	104.394
2560	1143.69	78.6467
2561	1146.02	81.5823
2562	1216.69	90.9619
2563	1609.71	115.161
2564	1136.08	84.8941
2565	1121.88	82.4784
2566	1145.74	81.4277
2567	1693.93	126.262
2568	1170.09	84.7358
2569	1611.92	109.911
2570	1152.86	87.0437
2571	1097.7	78.3529
2572	1179.85	86.1348
2573	1189.24	88.0457
2574	1152.79	84.5733
2575	1195.64	89.0288
2576	1159.38	87.3863
2577	1180.9	86.752
2578	1179.4	84.9603
2579	1199.13	85.2568
2580	1634.83	113.283
2581	1162.91	87.3819
2582	1564.6	119.869
2583	1283.3	95.9712
2584	1169.76	85.0776
2585	1153.27	78.577
2586	1178.84	92.0191
2587	1180.9	83.5283
2588	1182.75	90.852
2589	1153.12	81.3527
2590	1099.55	82.1088
2591	1145.52	81.327
2592	1168.5	82.5523
2593	1156.92	83.1206
2594	1330.35	104.119
2595	1200.52	88.1633
