0	1149.4	99.1756
1	1157.88	97.0103
2	1653.78	144.064
3	1184.03	100.247
4	1287.35	114.469
5	1162.5	101.275
6	859.943	76.4042
7	1211.53	110.29
8	1159.88	93.0135
9	1172.94	105.502
10	1149.89	126.206
11	1315.66	167.343
12	1171.02	98.4834
13	1506.1	125.386
14	1276.03	100.963
15	1170.47	101.788
16	1507.88	120.864
17	1202.4	109.53
18	1189.14	106.569
19	1276.11	131.743
20	1490.29	110.568
21	1154.65	104.007
22	1037.63	90.5181
23	892.426	83.939
24	812.675	74.9459
25	1163.84	100.389
26	1038.77	81.1233
27	859.224	75.9802
28	1128.37	105.189
29	1031.34	90.4973
30	1042.15	84.5474
31	950.74	85.7917
32	1194.19	106.857
33	1045.14	90.5651
34	1156.75	96.5483
35	1161.72	110.552
36	759.974	59.6387
37	1159.58	99.5752
38	971.46	83.6086
39	968.968	85.2896
40	961.381	87.3634
41	942.234	78.9601
42	1149.17	92.5397
43	867.836	74.3011
44	807.282	79.4892
45	734.014	53.8872
46	790.694	73.0341
47	1169.54	91.7211
48	1151.5	98.193
49	1170.78	99.2903
50	1175.91	97.4309
51	1165.53	100.518
52	1150.74	87.0682
53	1247.22	104.363
54	1564.86	135.501
55	1159.35	91.8143
56	1158.85	98.5093
57	1200.88	101.834
58	1182.8	111.98
59	1506.11	117.904
60	1155.48	94.8458
61	1368.24	118.888
62	1171.12	99.1081
63	1170.05	104.926
64	1146.32	99.1937
65	1366.22	118.252
66	1283.6	110.191
67	1315.68	101.615
68	1171.75	96.589
69	1063.19	94.8288
70	987.431	97.2761
71	897.019	83.5376
72	691.27	67.0517
73	1038.23	80.6396
74	991.102	91.0554
75	1135	88.1736
76	934.449	80.1642
77	1160.1	101.434
78	1129.15	107.073
79	777.708	70.8968
80	937.196	73.49
81	858.886	78.8989
82	941.522	81.2151
83	1189.28	117.199
84	946.294	76.4134
85	1137.34	103.672
86	1044.31	89.7172
87	1160.42	122.363
88	783.687	80.2573
89	961.31	83.9564
90	1037.12	93.2761
91	1013.24	92.4119
92	770.246	71.7738
93	1065.74	94.0081
94	1012.68	77.3185
95	1157.48	109.723
96	1188.02	99.8526
97	1513.2	123.996
98	1528.33	120.419
99	1211.26	106.803
100	1163.52	98.733
101	1159.34	93.7127
102	1151.99	95.8082
103	1450.31	133.942
104	1178.24	103.459
105	1175.78	109.08
106	1331.42	117.737
107	1670.51	154.325
108	1345.31	119.399
109	1175.6	101.87
110	1153.45	100.905
111	1890.56	136.315
112	1191.71	106.971
113	1158.13	108.692
114	1172.92	96.0964
115	1191.64	97.1104
116	1168.04	97.0517
117	973.168	84.5842
118	1055.22	95.9389
119	1033.48	78.4133
120	944.104	76.2972
121	1035.92	93.3321
122	1159.11	95.0897
123	1146.62	95.6015
124	898.091	81.4195
125	1026.26	93.2589
126	1031.36	90.7233
127	807.333	77.4906
128	1050.43	93.3693
129	666.309	53.1141
130	1034.05	86.7492
131	860.314	73.7786
132	776.79	67.004
133	866.847	69.3109
134	1112.3	90.1294
135	1138.22	90.2225
136	1170.63	102.415
137	1032.11	87.0576
138	902.029	83.659
139	863.293	74.3373
140	1042.04	93.038
141	1194.03	117.728
142	1158.14	99.3177
143	968.397	89.1163
144	1167.65	104.101
145	1152.58	96.7185
146	1165.33	95.813
147	1374.62	118.077
148	1153.06	93.1637
149	1373.59	117.482
150	1283.25	123.729
151	1159.33	96.568
152	1158.17	98.9757
153	1531.77	123.17
154	1525.41	130.434
155	1173.04	102.359
156	1347.96	113.312
157	1416.31	119.478
158	1802.86	142.755
159	1273.79	110.407
160	1660.51	137.424
161	1576.01	130.925
162	1143.52	91.4512
163	1160.94	103.644
164	1284.15	111.453
165	943.922	76.885
166	953.056	82.3286
167	778.791	65.8012
168	894.448	83.0004
169	1016.32	82.3991
170	1046.3	87.0888
171	1163.52	104.79
172	1174.47	111.493
173	1059.4	90.9452
174	1132.97	89.1201
175	1161.98	111.025
176	898.914	77.2092
177	867.896	78.0538
178	1139.81	101.15
179	1039.85	92.1403
180	861.13	67.5429
181	947.889	78.2789
182	1054.39	91.9417
183	1174.53	107.095
184	1189.8	106.722
185	752.11	62.6993
186	1143.82	100.441
187	951.078	81.2888
188	1117.57	94.9388
189	1111.77	89.0411
190	884.681	78.7768
191	387.212	57.5888
192	1539.76	131.598
193	1150.62	93.1944
194	1196.84	106.39
195	1169.06	92.7373
196	1258.17	103.185
197	1163.15	96.8962
198	1173.98	97.1609
199	1234.54	99.2914
200	1536.01	133.918
201	1198.86	100.595
202	1247.93	106.905
203	1145.61	105.93
204	1160.12	100.571
205	1193.39	108.724
206	1151.66	100.151
207	1207.21	108.61
208	1180.95	101.9
209	1172.4	100.433
210	1206.05	112.669
211	1157.46	95.2018
212	1834.3	158.099
213	1123.58	93.3256
214	956.809	77.8415
215	998.518	92.6607
216	888.393	76.5799
217	865.171	73.6803
218	1156.69	100.734
219	1138.8	100.59
220	1187.71	112.114
221	948.159	79.4026
222	1057.57	87.9875
223	973.177	82.5861
224	1146.88	99.5556
225	873.43	75.5359
226	795.362	68.4007
227	938.074	74.9773
228	968.417	88.3333
229	1151.62	104.967
230	818.627	86.8459
231	671.814	51.2973
232	815.896	77.2752
233	855.954	68.1749
234	1114.63	84.9573
235	1183.53	111.113
236	819.631	81.7842
237	782.268	71.0947
238	1153.01	100.253
239	951.414	81.8522
240	1187.13	100.45
241	1125.5	90.0026
242	1335.05	112.336
243	1198.47	108.801
244	1170.12	111.338
245	1185.34	119.477
246	1195.2	106.685
247	1181.29	110.579
248	1466.41	125.468
249	1259.13	104.767
250	1463.8	123.665
251	1176.48	100.642
252	1177.64	97.3259
253	1156.19	95.3449
254	1211.03	115.221
255	1154.21	102.069
256	1427.62	120.659
257	1151.94	99.3191
258	1545.71	136.143
259	1142.56	96.4514
260	1976.77	177.399
261	791.065	74.385
262	1067.25	109.192
263	1120.61	93.5509
264	1180.54	106.357
265	1121.4	86.7767
266	811.413	78.7619
267	1037.43	94.7163
268	1036.01	85.1809
269	963.059	84.8038
270	818.29	80.1871
271	776.937	66.4047
272	1039.67	95.0293
273	891.935	77.2672
274	1281.41	125.213
275	1348.77	118.727
276	881.422	79.5246
277	948.435	77.3616
278	864.979	76.0212
279	759.273	64.6134
280	1026.57	88.2997
281	1122.57	90.862
282	760.289	62.5598
283	928.487	71.1152
284	867.566	80.4749
285	813.876	82.8864
286	1116.09	93.4701
287	897.385	79.7414
288	1270.9	97.9448
289	1289.9	105.743
290	1502.52	117.163
291	1156.09	105.894
292	1175.31	94.3175
293	1170.76	101.006
294	1179.84	97.1244
295	1188.48	107.342
296	1203.31	107.653
297	1172.88	97.6123
298	1177.54	100.287
299	1269.7	111.975
300	1162.16	91.8769
301	1279.71	113.938
302	1155.95	91.6917
303	1166.49	96.583
304	1153.73	94.9887
305	1170.78	98.0211
306	1169.14	102.367
307	1181.4	95.8789
308	1148.9	98.7493
309	1123.95	92.2491
310	1041.31	93.1079
311	1084.05	101.907
312	876.166	77.5527
313	1158.97	96.3599
314	942.963	75.3545
315	976.396	89.7567
316	951.975	86.5499
317	1633.45	132.085
318	949.961	79.2924
319	797.24	75.9201
320	1161.2	100.127
321	1033.1	92.859
322	950.436	87.3536
323	869.656	76.612
324	968.854	86.7657
325	1267.11	115.962
326	1033.13	86.8257
327	898.252	83.775
328	1018.4	76.817
329	1173.21	102.604
330	1116.63	91.0735
331	949.366	79.0439
332	1144.11	96.9368
333	1149.46	95.895
334	807.522	79.1978
335	867.244	78.6036
336	1161.88	92.0812
337	1180.51	94.2863
338	1246.61	104.311
339	1520.7	128.469
340	1167.66	92.6453
341	1269.78	118.172
342	1137.9	93.414
343	1359.38	113.156
344	1158.19	101.833
345	1384.9	140.167
346	1179.28	100.069
347	1161.35	95.8273
348	1570.83	133.966
349	1168.84	104.114
350	1145.54	95.2534
351	1182.05	105.397
352	1151.13	86.3721
353	1198.38	104.474
354	1491.31	118.789
355	1163.89	93.251
356	1583.1	135.658
357	495.047	39.933
358	1033.46	81.3689
359	1159.3	104.12
360	1139.78	85.7102
361	1034.17	87.0251
362	1025.41	84.9462
363	2036.25	172.064
364	1155.79	106.157
365	1110.74	94.1881
366	872.535	80.9485
367	1153.84	103.068
368	1123.51	97.8891
369	1081.43	106.164
370	958.257	81.4995
371	1142.72	99.6545
372	982.271	83.3265
373	1023.37	77.6709
374	801.012	79.461
375	1620.87	127.917
376	1147.19	101.706
377	1035.21	79.424
378	782.802	71.1633
379	1137.42	97.3258
380	1115.05	93.1192
381	1126.16	94.9765
382	1038.91	88.9169
383	940.465	73.9392
384	1166.29	97.5383
385	1399.19	106.115
386	1457.78	118.774
387	1324.09	107.902
388	1337.76	102.746
389	1359.2	120.093
390	1192.96	107.771
391	1164.19	90.7045
392	1168.33	95.6413
393	1158.7	98.934
394	1149.1	98.502
395	1155.38	94.8594
396	1185.55	102.346
397	1272.91	105.453
398	1153.77	92.2062
399	1186.5	99.2917
400	1145.2	94.7677
401	1173.53	98.5784
402	1383.13	115.069
403	1159.4	98.5743
404	1181.83	98.7941
405	944.937	75.6313
406	897.849	93.7791
407	1068.95	97.4811
408	1066.76	91.9272
409	942.258	79.5324
410	950.017	76.408
411	884.933	78.3824
412	861.499	74.808
413	941.184	74.0761
414	807.315	75.9746
415	1137.77	93.1908
416	889.454	79.1382
417	860.754	77.6667
418	1047.12	89.7314
419	388.246	52.258
420	870.03	72.2446
421	974.027	93.8956
422	931.447	71.9624
423	1068.05	92.5815
424	1151.29	101.268
425	936.649	75.0449
426	1160.8	101.266
427	1014.47	86.202
428	1024.51	75.0853
429	806.883	76.5382
430	1058.1	98.6005
431	1020.49	80.6077
432	1152.02	89.6912
433	1338.59	106.83
434	1139.84	87.8617
435	1201.22	104.459
436	1135.41	88.1517
437	1184.71	111.146
438	1536.5	130.545
439	1239.75	107.949
440	1371.48	111.941
441	1521.02	130.105
442	1145.08	90.8744
443	1330.95	100.335
444	1195.5	111.563
445	1144.67	93.9876
446	1280.58	111.57
447	1158.29	91.2591
448	1168.15	99.0449
449	1153.77	98.5208
450	1529.95	120.094
451	1163.89	97.8267
452	1183.52	99.2841
453	741.894	65.5473
454	978.071	81.7821
455	1168.83	100.763
456	1111.85	88.0776
457	905.795	80.5369
458	1047.59	91.0284
459	787.359	71.3189
460	777.169	69.8218
461	989.963	90.0799
462	1025.63	82.7067
463	1185.72	103.638
464	940.875	79.6367
465	884.756	81.8381
466	951.435	75.7919
467	957.426	80.2467
468	1126.74	90.4349
469	942.751	78.6054
470	1135.37	104.752
471	406.585	59.965
472	801.807	75.1337
473	974.171	87.6824
474	1128.65	97.3185
475	974.369	85.9567
476	1111.39	99.6446
477	946.186	75.0226
478	1132.11	102.816
479	879.585	82.6328
480	1261.77	102.363
481	1165.76	96.1183
482	1315.85	101.794
483	1171.16	103.561
484	1129.01	92.531
485	1435.34	119.853
486	1187.89	101.77
487	1189.14	99.9663
488	1151.19	92.2029
489	1204.84	104.788
490	1432.46	117.145
491	1157.21	100.533
492	1147.89	90.324
493	1274.54	110.026
494	1567.01	135.012
495	1140.53	93.5752
496	1151.38	91.0634
497	1345.78	111.528
498	1183.72	106.995
499	1156.37	95.192
500	1292.23	109.114
501	884.009	77.9905
502	1046.9	87.3933
503	1159.22	99.8017
504	1152.4	101.036
505	794.487	79.1574
506	867.501	76.1525
507	1051	88.2494
508	1031.03	84.7183
509	1162.39	93.1937
510	1110.76	90.584
511	1017.87	85.3973
512	856.073	74.2842
513	1137.59	96.5427
514	779.587	66.7803
515	1122.96	89.17
516	949.737	82.2154
517	1109.4	88.1101
518	1039.42	87.3022
519	495.637	47.75
520	443.14	70.8946
521	1168.46	104.416
522	1044.13	86.4892
523	1035.36	82.7556
524	1106.51	80.641
525	1151.47	91.8828
526	1139.21	98.3117
527	1044.41	87.5371
528	1156.75	94.1752
529	1618.82	132.611
530	1130.06	100.212
531	1042.64	82.8305
532	1237.5	105.867
533	1146.92	91.4196
534	1171.67	93.8631
535	1165.96	91.09
536	1156.62	97.4122
537	1153.76	93.8176
538	1153.71	95.4271
539	1182.85	105.372
540	1169.2	101.893
541	1160.01	95.585
542	1161.78	95.0061
543	1150.1	93.4305
544	1218.88	115.549
545	1206.14	103.335
546	1284.46	108.513
547	1343.77	106.765
548	1160.95	91.9875
549	1171.61	104.744
550	964.653	91.291
551	1051.78	93.5615
552	895.137	86.5776
553	524.458	81.37
554	812.287	79.191
555	899.531	86.2712
556	965.491	80.4655
557	812.588	74.8515
558	1129.63	95.5387
559	800.596	74.187
560	865.068	74.525
561	848.575	69.034
562	764.158	66.5878
563	965.246	88.6416
564	877.296	76.4365
565	1172.45	103.758
566	964.39	84.8842
567	950.189	74.0352
568	1109.36	81.8263
569	1146.54	96.6705
570	781.335	70.7495
571	1117.27	97.5236
572	1118.19	85.4839
573	877.597	74.609
574	1181.03	106.66
575	1052.74	91.5356
576	1204.22	101.371
577	1472.33	113.451
578	1332.12	104.05
579	1142.17	91.927
580	1366.91	113.34
581	1252.54	100.155
582	1446.79	116.233
583	1335.9	111.995
584	1156.47	91.5881
585	1158.74	97.0048
586	1153.81	101.499
587	1247.02	103.935
588	1411.91	116.869
589	1330.41	101.202
590	1158.59	100.843
591	1179.24	100.726
592	1260.52	104.164
593	1165.77	97.6304
594	1173.4	96.813
595	1145.17	96.0804
596	1208.76	102.949
597	1051.19	97.8194
598	1100.91	89.205
599	1151.74	102.932
600	1432.98	124.997
601	860.439	77.9737
602	1163.43	109.227
603	1139	95.8876
604	1059.28	105.414
605	818.22	80.5554
606	952.909	82.4507
607	675.804	56.5789
608	789.847	78.8594
609	785.468	73.0878
610	1110.24	88.2097
611	873.47	82.0861
612	807.581	71.8366
613	1156.76	105.504
614	1135.93	96.5251
615	949.275	75.5378
616	1109.13	79.025
617	942.627	73.6567
618	937.708	79.3276
619	864.689	72.8833
620	1038.91	92.334
621	1069.41	98.0468
622	1151.18	100.573
623	1101.6	87.4425
624	1437.35	121.659
625	1148.21	88.3638
626	1169.48	97.668
627	1142.45	86.1444
628	1168.31	92.7735
629	1172.82	96.3735
630	1301.04	124.799
631	1152.41	90.7915
632	1267.93	106.455
633	1171.65	96.764
634	1149.72	91.7328
635	1145.01	96.7284
636	1147.21	95.0549
637	1283.3	110.083
638	1151.14	89.4663
639	1240.75	97.2031
640	1518.17	127.139
641	1243.76	103.054
642	1273.37	109.599
643	1214.7	109.949
644	1157.63	101.364
645	962.259	88.2195
646	859.069	71.9345
647	703.621	105.639
648	1177.26	106.278
649	822.465	86.4393
650	1160.88	101.145
651	1079.55	103.263
652	860.961	76.2621
653	818.194	75.6267
654	1105	89.6287
655	1113.2	86.7586
656	853.571	76.0267
657	954.271	84.8883
658	1143.72	104.322
659	1140.07	91.6243
660	940.284	77.8275
661	1053.85	94.6999
662	1157.09	99.511
663	1046.01	88.1044
664	1101.49	78.9952
665	1160.88	100.592
666	951.548	81.6324
667	1042.87	81.9976
668	1150.42	100.67
669	881.323	82.1973
670	1053.63	93.5123
671	1138.11	96.4599
672	1154.68	94.2942
673	1151.07	89.5513
674	1333.8	110.387
675	1389.93	100.265
676	1322.69	101.079
677	1277.1	106.634
678	1179.72	96.1397
679	1166.05	96.442
680	1243.52	107.835
681	1419.95	107.807
682	1163.3	99.4738
683	1194.67	108.141
684	1456.64	116.473
685	1431.3	120.363
686	1272.39	103.2
687	1179.65	102.032
688	1148.67	95.5572
689	1167.45	99.6526
690	1567.3	142.933
691	1147.03	95.8108
692	1333.36	105.222
693	1044.01	87.6381
694	1146.66	101.085
695	1143.38	109.434
696	1065.97	91.8067
697	970.218	88.5276
698	1057.67	93.7908
699	1135.62	94.5856
700	1124.49	99.5277
701	963.526	84.6884
702	819.436	84.4062
703	1122.77	103.567
704	1060.38	88.6775
705	981.841	97.7338
706	1151.53	92.8512
707	1046.28	90.8677
708	1152.52	103.368
709	947.545	82.9835
710	1152.6	95.7086
711	1132.26	90.4756
712	1101.57	93.4062
713	1122.7	85.3085
714	1136.87	88.1817
715	1037.55	90.9503
716	1151.02	98.3867
717	1139.63	98.1187
718	1150.72	90.2435
719	855.415	77.0029
720	1265.34	113.517
721	1163.81	109.109
722	1158.77	97.2777
723	1273.14	99.6566
724	1435.88	116.483
725	1151.59	94.273
726	1213.19	104.974
727	1193.22	106.833
728	1157.7	98.6581
729	1240.8	118.832
730	1251.85	108.421
731	1356.99	107.137
732	1140.49	92.3366
733	1152	96.7183
734	1174.11	95.1009
735	1181.27	101.513
736	1168.3	100.178
737	1158.95	96.0398
738	1497.48	122.87
739	1201.88	110.602
740	1204.86	102.135
741	942.591	79.4848
742	1025.03	87.4415
743	1067.42	98.9567
744	1162.99	111.271
745	800.775	79.7888
746	677.688	60.1761
747	955.493	83.4339
748	1146.42	114.276
749	1113.38	97.3832
750	1150.91	121.251
751	903.026	87.3327
752	879.73	76.0498
753	1161.56	103.989
754	1119.18	87.812
755	881.421	75.5627
756	810.622	84.7838
757	879.831	82.1834
758	893.355	83.704
759	1157.5	101.87
760	1173.35	121.386
761	1022.22	78.2623
762	1166.18	102.935
763	1053.14	94.8115
764	973.888	88.9835
765	777.543	72.9766
766	1155.42	99.6036
767	892.313	79.9454
768	1287.58	107.53
769	1352.65	102.962
770	1413.73	104.944
771	1607.13	137.545
772	1267.53	106.112
773	1334.39	108.139
774	1150.75	88.8109
775	1264.31	102.698
776	1318.16	99.7472
777	1194.44	109.922
778	1249.61	108.799
779	1175.68	96.6176
780	1172.24	114.979
781	1163.38	93.0025
782	1159.3	93.9689
783	1182.14	96.9235
784	1269.76	106.178
785	1209.55	118.806
786	1537.93	129.152
787	1260.99	106.886
788	1354.94	115.686
789	1157.43	109.401
790	1146.3	111.804
791	1045.75	92.8521
792	1117.79	89.6537
793	787.619	73.5338
794	872.085	82.2657
795	1129.12	97.1311
796	1160.12	110.503
797	977.953	93.398
798	915.062	100.733
799	1105.98	92.9335
800	1025.49	82.2018
801	1051.81	88.2037
802	865.295	82.3282
803	1147.34	110.45
804	1134.42	108.223
805	787	75.5661
806	1176.23	109.603
807	1113.02	88.7581
808	1180.26	106.307
809	1173.74	99.1308
810	965.733	85.7563
811	880.385	77.6672
812	1018.34	78.1846
813	1106.37	82.5524
814	1110.97	93.702
815	951.026	81.7887
816	1140.49	87.4729
817	1147.41	94.9377
818	1411.15	107.881
819	1140.57	93.5285
820	1266.52	104.815
821	1228.55	91.7082
822	1199.5	109.064
823	1436.99	121.21
824	1428.44	111.932
825	1318.48	98.2757
826	1173.32	98.1553
827	1203.58	107.025
828	1150.87	88.5432
829	1167.93	98.7178
830	1321.68	112.175
831	1146.86	93.6337
832	1159.25	92.6897
833	1149.1	96.2476
834	1142.33	89.3511
835	1174.36	101.469
836	1404.85	111.655
837	1044.87	86.1473
838	1154.41	105.818
839	1041.55	92.0294
840	769.449	115.719
841	1143.63	100.917
842	1054.38	90.6777
843	1132.17	92.0143
844	1019.51	94.0137
845	954.839	88.3717
846	1148.81	95.2957
847	816.213	88.2264
848	1135.97	99.0142
849	1025.97	91.2872
850	986.991	90.0967
851	1183.07	109.042
852	1518.33	121.066
853	884.652	86.0633
854	905.671	88.8829
855	964.417	85.5039
856	865.784	80.578
857	964.952	82.9863
858	1131.72	88.3752
859	813.658	83.5336
860	1165.14	104.186
861	958.378	82.499
862	1148.47	99.3481
863	1156.64	101.329
864	1167.43	91.2283
865	1190.74	95.446
866	1329.84	111.377
867	1340.32	100.803
868	1161.49	94.3363
869	1127.69	94.9329
870	1139.63	97.2901
871	1139.94	95.0861
872	1164.26	94.4323
873	1560.87	154.167
874	1132.34	92.6784
875	1144.33	92.7934
876	1439.34	120.153
877	1258.35	111.615
878	1187.2	110.107
879	1164.81	95.2748
880	1269.7	102.491
881	1037.73	85.576
882	1252.63	103.102
883	1325.76	97.6138
884	1193.26	101.077
885	1141.57	123.417
886	810.81	87.972
887	959.576	88.2074
888	875.828	79.4037
889	784.705	74.6694
890	876.131	84.6387
891	1172.37	101.017
892	760.438	68.0269
893	1154.37	99.5016
894	592.433	92.7449
895	815.197	83.3752
896	978.16	103.579
897	1109.86	90.4842
898	741.519	63.6721
899	1044.16	84.8305
900	956.933	88.1146
901	751.469	63.1723
902	1138.18	96.6246
903	1054.25	94.2366
904	782.18	69.4543
905	940.286	81.4636
906	774.918	72.8293
907	1146.45	116.175
908	952.79	79.3395
909	1180.26	104.451
910	1129.48	98.2768
911	1041.58	95.0833
912	1173.38	93.9744
913	1247.84	100.866
914	1336.71	108.551
915	1271.23	101.852
916	1159.51	93.6328
917	1166.48	103.547
918	1173.61	97.6121
919	1162.01	94.1437
920	1157.26	92.8578
921	1141.05	95.3536
922	1321.99	111.808
923	1334.22	107.914
924	1200.05	105.741
925	1148.77	102.437
926	1245.74	102.87
927	1149.39	96.3088
928	1150.42	93.2912
929	1297.46	114.886
930	1185.69	105.783
931	1149.28	97.5513
932	1430.8	177.243
933	580.492	53.3548
934	521.899	87.7193
935	1147.96	113.388
936	912.735	93.3534
937	782.669	69.5723
938	1163.86	102.128
939	762.822	72.9141
940	579.027	78.8542
941	505.201	87.1416
942	1043.27	88.0508
943	761.646	63.7797
944	1156.32	104.189
945	1050.02	88.8326
946	978.031	83.5593
947	963.803	85.5718
948	1154.43	103.068
949	894.957	90.5461
950	1180.75	101.253
951	1062.31	85.8244
952	975.904	90.1047
953	1066.72	95.1444
954	1115.17	93.1786
955	1061.75	89.8012
956	1142.09	94.6913
957	1149.06	106.014
958	972.839	84.7222
959	440.506	78.9497
960	1322.4	100.627
961	1619.51	134.777
962	1130.73	91.1777
963	1162.23	92.5757
964	1202.74	96.7035
965	1523.01	120.693
966	1179.06	104.657
967	1161.44	92.0173
968	1148.4	92.4775
969	1422.34	115.007
970	1409.87	116.521
971	1293.68	118.008
972	1267.57	110.912
973	1178.68	102.138
974	1277.32	111.5
975	1417.59	111.782
976	1209.91	108.88
977	1143.25	90.2688
978	1357.97	116.431
979	1268.78	110.302
980	1421.32	112.737
981	871.464	118.697
982	1137.63	106.527
983	747.309	59.7556
984	1114.31	95.4489
985	764.619	72.5749
986	1036.44	89.997
987	985.977	93.4183
988	1027.46	87.5542
989	893.367	90.6935
990	1116.74	97.7571
991	903.594	88.6413
992	1104.42	91.9968
993	1141.27	98.8649
994	1151.39	98.3332
995	746.164	60.2382
996	1015.92	83.2563
997	961.071	85.4213
998	1128.75	91.7821
999	979.622	94.6269
1000	1197.5	104.502
1001	1158.36	90.738
1002	1365.07	107.775
1003	1162.62	97.8006
1004	1127.27	83.3153
1005	1191	102.56
1006	1241.63	102.614
1007	1450.8	115.711
1008	1262.5	110.584
1009	1162.14	96.8569
1010	1362.42	114.989
1011	1158.31	101.082
1012	1168.82	94.4488
1013	1197.47	113.15
1014	1194	117.269
1015	1220.02	114.255
1016	1249.96	107.186
1017	1350.48	110.122
1018	1427.22	118.493
1019	1654.8	138.983
1020	1253.92	104.095
1021	984.917	96.484
1022	970.397	87.408
1023	1568.23	131.722
1024	1190.28	112.018
1025	1164.99	102.402
1026	1068.81	94.7816
1027	1174.63	103.278
1028	1146.08	97.6057
1029	1058.25	95.1308
1030	1164.75	101.785
1031	1051.82	93.1986
1032	1100.54	82.7944
1033	1009.22	85.2737
1034	1160.71	107.902
1035	1129.78	89.861
1036	857.596	72.8487
1037	1151.26	100.425
1038	1158.76	101.688
1039	931.526	78.2952
1040	1274.71	105.086
1041	1130.03	84.1687
1042	1540.97	125.795
1043	1308.76	114.563
1044	1206.58	106.071
1045	1156.17	99.6173
1046	1138.65	87.1829
1047	1326.46	100.748
1048	1964.93	165.655
1049	1234.37	99.9138
1050	1331.2	109
1051	1146.69	98.4204
1052	1129.02	86.291
1053	1672.82	147.282
1054	1118.14	90.7064
1055	1731.15	143.437
1056	1248.25	104.294
1057	1131.73	92.9627
1058	1448.33	129.011
1059	1592.94	140.703
1060	1439.86	120.759
1061	781.082	81.3711
1062	973.409	90.9064
1063	1063.38	96.8212
1064	867.227	83.187
1065	903.765	91.0286
1066	901.584	86.7981
1067	1156.78	96.9746
1068	1046.89	100.757
1069	1165.31	108.016
1070	1068.67	95.2904
1071	1176.15	104.514
1072	1138.75	109.348
1073	1021.91	82.3854
1074	801.838	84.9528
1075	1153.27	93.9639
1076	1117.69	94.7625
1077	1018.61	75.0848
1078	871.346	74.9304
1079	1111.9	96.6861
1080	1732.85	134.49
1081	1339.25	105.45
1082	1162.37	97.6343
1083	1170.02	97.8397
1084	1239.06	100.662
1085	1159.62	96.6848
1086	1157.05	95.5102
1087	1249.7	100.383
1088	1118.64	84.1384
1089	1162.03	97.4852
1090	1158.96	89.6683
1091	1432.06	124.703
1092	1164.95	101.338
1093	1160.61	94.1991
1094	1156.5	102.665
1095	1325.38	114.281
1096	1258.89	101.106
1097	1159.31	101.164
1098	1157.04	96.2582
1099	1160.29	97.8113
1100	787.234	78.0906
1101	551.782	93.3386
1102	912.151	98.9673
1103	1241.9	104.84
1104	1044.09	94.0393
1105	1072.91	105.953
1106	1150.48	100.531
1107	982.535	93.7292
1108	1116.38	111.326
1109	1166.63	96.8184
1110	1168.47	103.686
1111	1158.29	114.855
1112	737.627	59.6135
1113	977.561	87.934
1114	738.316	61.7749
1115	1177.89	118.921
1116	758.165	61.2982
1117	884.754	75.1961
1118	1021.85	79.4109
1119	894.238	85.9209
1120	1486.62	116.996
1121	1429.96	109.883
1122	1339.8	104.777
1123	1421.86	106.556
1124	1172.49	101.924
1125	1161.94	93.2816
1126	1364.24	125.236
1127	1165.59	93.0565
1128	1196.05	112.552
1129	1173.03	104.303
1130	1561.86	131.844
1131	1291.78	106.571
1132	1155.09	102.017
1133	1147.87	90.7983
1134	1489.1	118.196
1135	1151.64	92.701
1136	1257.9	103.435
1137	1186.83	102.118
1138	1556.31	133.861
1139	1143.72	101.051
1140	857.699	71.0891
1141	1138.65	106.875
1142	959.048	84.6678
1143	1135.74	110.015
1144	670.552	59.3419
1145	1072.54	112.464
1146	776.599	70.0649
1147	1039.83	90.6361
1148	877.651	78.5224
1149	902.96	88.1378
1150	989.152	90.1054
1151	865.871	76.2914
1152	945.284	77.7278
1153	1037.4	99.4009
1154	1138.78	103.029
1155	1146.75	97.3621
1156	1104.51	83.7281
1157	1103.99	89.2157
1158	1054.31	86.205
1159	1123.07	95.7534
1160	1493.13	105.087
1161	1156.7	92.6174
1162	1147.95	93.591
1163	1198.91	101.267
1164	1161.13	93.4898
1165	1137.82	95.8444
1166	1198.76	113.936
1167	1250.37	101.726
1168	1152.01	92.7785
1169	1175.41	100.918
1170	1177.75	103.1
1171	1185.86	96.9182
1172	1197.08	105.343
1173	1165.85	93.9161
1174	1334.78	111.523
1175	1524.18	119.608
1176	1605.37	145.991
1177	1324.66	107.855
1178	1159.81	108.603
1179	1267.79	105.882
1180	1353.35	111.934
1181	944.108	79.044
1182	1071.47	92.5746
1183	870.718	81.1296
1184	988.692	92.3506
1185	973.747	92.072
1186	1179.65	104.403
1187	949.432	80.3874
1188	968.633	82.8542
1189	972.915	93.3529
1190	1041.47	87.0445
1191	681.853	59.0894
1192	1149.02	97.4876
1193	1147.27	103.31
1194	1152.52	108.13
1195	936.682	75.9688
1196	1114.16	90.4484
1197	804.634	76.2473
1198	933.375	78.109
1199	792.832	69.5571
1200	1139.79	84.9726
1201	1359.66	105.591
1202	1515.85	118.242
1203	1318.68	100.249
1204	1487.66	112.226
1205	1394.57	112.935
1206	1249.93	99.6617
1207	1133.52	89.6604
1208	1286.45	112.305
1209	1138.07	87.3153
1210	1341.26	110.235
1211	1324.98	103.377
1212	1133.46	91.1152
1213	1509.83	127.197
1214	1360.11	142.277
1215	1337.1	107.577
1216	1684.17	178.475
1217	1340.07	112.47
1218	1275	106.428
1219	1136.18	89.4046
1220	1239.38	101.737
1221	1142.65	110.617
1222	1139.32	109.667
1223	984.334	128.552
1224	1139.11	95.8766
1225	778.832	72.626
1226	1123.22	89.7325
1227	1120.99	81.2164
1228	1056.53	87.8215
1229	1031.7	86.9386
1230	1145.74	101.688
1231	1041.48	88.0724
1232	962.691	92.8555
1233	867.822	75.2992
1234	907.127	88.6944
1235	1104.72	81.8129
1236	1173.65	101.157
1237	937.698	76.9786
1238	813.626	83.1507
1239	857.044	69.0831
1240	1396.55	109.36
1241	1156.32	98.5855
1242	1232.47	93.0276
1243	1149.08	89.3993
1244	1192.69	105.054
1245	1148.45	91.5699
1246	1169.82	97.7654
1247	1139.17	95.6881
1248	1162	99.1764
1249	1521.66	113.892
1250	1165.18	102.196
1251	1248.22	115.32
1252	1192.21	98.8807
1253	1336.68	103.982
1254	1179.99	101.307
1255	1172.86	102.548
1256	1251.95	98.9731
1257	1370.43	112.557
1258	1427.84	120.504
1259	1373.33	123.259
1260	797.785	79.0295
1261	971.507	83.0787
1262	817.279	81.3987
1263	770.691	71.0604
1264	1075.39	93.9065
1265	808.602	81.6585
1266	1039.34	87.943
1267	1053.11	92.5057
1268	966.341	77.0362
1269	1136.07	86.4723
1270	873.119	80.3514
1271	1130.18	102.612
1272	1099.16	84.8149
1273	893.544	80.9297
1274	967.255	88.7283
1275	818.902	82.7143
1276	751.174	63.6154
1277	750.948	59.046
1278	933.542	69.953
1279	793.787	70.8038
1280	1391.03	100.429
1281	1332.47	101.364
1282	1479.96	114.664
1283	1172.07	96.6863
1284	1193.46	93.1687
1285	1395.27	111.987
1286	1791.36	134.988
1287	1420.41	108.628
1288	1351.46	112.603
1289	1197.74	112.051
1290	1267.15	110.101
1291	1354.96	118.745
1292	1317.85	99.6368
1293	1247.34	97.6633
1294	1162.12	105.947
1295	1486.85	117.233
1296	1139.09	104.342
1297	1455.04	148.179
1298	1162.22	99.2567
1299	1099.46	110.796
1300	1122.96	89.1819
1301	1140.48	99.5563
1302	1421.01	121.905
1303	1141.05	91.6734
1304	1121.87	89.3118
1305	1271.56	111.001
1306	1167.19	101.032
1307	1129.39	93.0006
1308	863.96	77.6911
1309	1072.48	100.98
1310	1165.3	110.395
1311	874.899	78.4802
1312	1047.4	85.9542
1313	1058.83	97.081
1314	880.317	77.6903
1315	809.312	86.4156
1316	868.92	71.4073
1317	960.007	87.8086
1318	946.52	75.7839
1319	984.777	94.1691
1320	682.838	60.5763
1321	935.371	70.6607
1322	797.137	80.1353
1323	691.595	69.1983
1324	878.742	76.5114
1325	780.254	70.2968
1326	1327.84	98.512
1327	773.29	66.7864
1328	1198.75	101.416
1329	1151.37	82.92
1330	1330.33	108.68
1331	1313.95	98.6814
1332	1522.72	125.787
1333	1241.99	105.807
1334	1356.64	104.109
1335	1347.03	113.537
1336	1147.13	96.7205
1337	1114.46	85.8718
1338	1155.85	98.6135
1339	1146.11	93.7302
1340	1490.55	115.868
1341	1261.13	100.965
1342	1488.99	115.78
1343	1235.11	104.189
1344	1148.41	101.066
1345	1284.05	114.098
1346	1268.3	109.87
1347	1198.01	105.341
1348	1138.7	91.0035
1349	1516.49	128.47
1350	1271.14	103.219
1351	1263.66	101.055
1352	1323.97	117.358
1353	1170.59	96.9239
1354	1164.32	100.509
1355	1253.84	103.911
1356	808.066	74.8571
1357	673.278	102.186
1358	819.14	81.2492
1359	682.401	66.2746
1360	829.503	86.9376
1361	760.289	73.6323
1362	977.059	85.3989
1363	1150.01	101.692
1364	816.512	79.905
1365	745.863	55.7609
1366	950.978	78.7041
1367	683.701	61.5687
1368	769.161	68.2375
1369	575.134	48.7498
1370	970.548	82.3469
1371	1065.45	100.548
1372	970.17	82.495
1373	1108.12	89.282
1374	1053.31	88.8163
1375	760.336	61.6695
1376	1416.38	110.57
1377	1142.11	84.8889
1378	1232.44	99.3657
1379	1141.73	82.3802
1380	1429.43	103.731
1381	1250.46	101.856
1382	1166.07	96.6093
1383	1170.09	92.0224
1384	1160.6	94.2188
1385	1360.32	114.547
1386	1234.24	99.655
1387	1210.08	110.375
1388	1287.17	114.156
1389	1157.91	90.8145
1390	1135.97	81.8709
1391	1212.7	106.873
1392	1165.66	98.4392
1393	1109.03	88.1485
1394	1153.63	92.6365
1395	1155.27	92.5651
1396	1266.99	104.032
1397	1417.97	111.868
1398	1147.87	97.0053
1399	1155.88	91.8289
1400	1154.58	94.5515
1401	1150.05	92.2723
1402	1197.53	111.057
1403	1167.45	97.8665
1404	721.903	105.3
1405	1064.92	95.5812
1406	903.303	89.1414
1407	773.418	70.4645
1408	980.806	83.6517
1409	853.301	72.0473
1410	1140.21	95.5229
1411	1129.71	110.305
1412	894.388	86.8623
1413	857.793	76.2991
1414	791.151	69.9619
1415	940.254	78.2739
1416	752.011	59.1229
1417	779.733	68.1458
1418	1022.69	83.3021
1419	883.016	87.6847
1420	1076.2	104.252
1421	940.714	73.5009
1422	1155.39	102.332
1423	882.953	77.5897
1424	1158.82	94.3469
1425	1433.79	110.992
1426	1142.24	100.144
1427	1148.83	91.3461
1428	1410.57	109.04
1429	1345.52	98.2557
1430	1564.36	127.764
1431	1178.84	98.7456
1432	1144.74	94.7899
1433	1134.83	90.5163
1434	1168.25	96.8004
1435	1477.06	118.341
1436	1291.44	116.884
1437	1138.92	92.0472
1438	1117.39	79.561
1439	1259.06	103.749
1440	1163.44	94.6028
1441	1184.93	102.917
1442	1150.34	95.1872
1443	1176.56	106.19
1444	1288.8	108.612
1445	1148.91	91.8742
1446	1207.98	112.351
1447	1127.23	90.8513
1448	1157.36	97.6734
1449	1146.02	95.1624
1450	1212.98	104.248
1451	1202.32	103.134
1452	1301	114.104
1453	903.154	92.2809
1454	805.719	77.8258
1455	1144.48	95.2915
1456	771.227	67.4611
1457	1142.01	99.0783
1458	937.242	78.2381
1459	684.875	64.0681
1460	1123.44	95.5656
1461	818.065	83.8874
1462	885.055	84.2496
1463	572.819	50.1857
1464	786.029	72.0673
1465	1148.99	94.4022
1466	862.496	77.3947
1467	885.856	78.7586
1468	850.28	67.3252
1469	940.302	86.7161
1470	1040.72	89.8738
1471	748.897	58.2442
1472	1158.24	91.8942
1473	1186.65	98.3276
1474	1158.08	92.8675
1475	1178.42	93.2403
1476	1583.6	132.4
1477	1174.8	97.5143
1478	1256.07	102.616
1479	1343.16	98.6907
1480	1154.08	91.3239
1481	1124.6	100.638
1482	1242.89	101.743
1483	1261.61	113.567
1484	1247.58	92.6161
1485	1506.86	118.959
1486	1267.68	106.686
1487	1365.31	107.782
1488	1938.92	158.27
1489	1362.75	113.06
1490	1161.75	96.2491
1491	1139.5	92.8054
1492	1407.82	103.348
1493	1152.72	96.8381
1494	1142.53	94.6295
1495	1159.54	93.0895
1496	1155.28	93.9486
1497	1159.49	100.067
1498	1118.31	87.6922
1499	1126.57	83.5017
1500	1146.43	95.9015
1501	868.226	75.7856
1502	1130.78	95.2529
1503	984.086	86.1616
1504	997.921	101.019
1505	1152.48	96.7624
1506	1116.41	92.5287
1507	794.221	79.1604
1508	1153.77	99.6837
1509	961.473	79.8321
1510	1181.74	101.435
1511	1039	95.797
1512	952.431	79.7092
1513	934.927	74.7676
1514	1036.03	87.0062
1515	1040.3	89.0784
1516	883.853	84.8955
1517	1029.6	79.141
1518	1035.83	84.7087
1519	898.263	86.399
1520	1256.71	102.236
1521	1515.57	115.475
1522	1308.01	100.898
1523	1226.71	99.783
1524	873.716	71.5879
1525	1163.82	93.3919
1526	1154.44	90.9064
1527	1353.05	109.746
1528	1322.88	103.649
1529	1261.79	110.647
1530	1499.85	118.083
1531	1273.33	112.772
1532	1135.96	82.5103
1533	1411.48	103.919
1534	1267.88	113.712
1535	1522.97	113.7
1536	1259.92	103.085
1537	1231.83	100.077
1538	1158.35	93.0641
1539	1186.07	101.929
1540	1158.34	92.5494
1541	1513.9	122.078
1542	1125.42	80.2896
1543	1158.38	99.422
1544	1157.13	93.6981
1545	1271.53	106.602
1546	1245.5	103.034
1547	1144.28	91.6368
1548	1165.09	102.164
1549	1139.47	99.1731
1550	1148.02	95.1314
1551	1044.08	87.517
1552	1167.33	100.739
1553	1128.06	84.1427
1554	1133.69	94.0584
1555	1149.16	99.477
1556	1034.81	80.3344
1557	811.011	75.863
1558	1039.64	90.0993
1559	1150.14	97.3566
1560	1040.63	91.0145
1561	1149.66	95.0426
1562	968.356	86.4372
1563	1118.27	88.7922
1564	975.799	83.5766
1565	896.902	85.7935
1566	930.115	71.5633
1567	1108.12	90.3331
1568	1254.55	100.223
1569	1543.05	118.114
1570	1249.43	107.884
1571	1151.28	89.4001
1572	1145.86	93.475
1573	1394.63	104.313
1574	1151.75	88.1299
1575	1205.78	98.9149
1576	1183.59	98.0273
1577	1143.84	88.9138
1578	1205.17	102.421
1579	1280.12	104.181
1580	1340.14	110.039
1581	1283.54	108.73
1582	1182.24	99.6379
1583	1284.19	104.649
1584	1560.51	124.86
1585	1269.53	106.77
1586	1282.52	112.647
1587	1257.11	104.884
1588	1147.31	93.495
1589	1208.07	110.26
1590	1151.13	92.065
1591	1108.91	96.2107
1592	1155.26	95.6086
1593	1489.42	118.706
1594	1266.78	105.916
1595	1328.33	102.01
1596	1134.09	96.8793
1597	1138.44	100.547
1598	1071.99	91.4852
1599	1170.45	109.389
1600	944.842	85.2403
1601	992.045	88.576
1602	1059.33	95.1629
1603	1040.9	81.2601
1604	1028.31	86.7951
1605	1145.03	99.2627
1606	1123.63	101.203
1607	1164.74	110.855
1608	980.467	95.1102
1609	951.866	81.136
1610	978.873	96.9861
1611	1041.4	88.4205
1612	1193.79	104.823
1613	1049.74	84.7435
1614	981.041	86.1152
1615	1030.42	84.0124
1616	1351.94	105.983
1617	1311.68	107.547
1618	1365.47	111.605
1619	1412.73	101.581
1620	1558.32	126.504
1621	1242.31	99.0007
1622	1472.92	116.95
1623	1533.37	127.195
1624	1159.64	91.0917
1625	1148.26	86.2504
1626	1276.86	111.904
1627	1161.01	92.4814
1628	1468.1	109.907
1629	1173.57	99.1866
1630	1256.23	103.106
1631	1106.95	84.9347
1632	1126.22	82.4836
1633	1149.05	93.3298
1634	1235.06	93.7523
1635	1482.51	105.931
1636	1340.32	114.807
1637	1150.74	90.5208
1638	1290.12	108.674
1639	1128.09	87.8129
1640	1218.7	110.472
1641	1177.35	100.419
1642	1158.17	107.555
1643	1158.8	92.247
1644	1046.54	81.9937
1645	882.863	77.968
1646	1063.85	93.0303
1647	1153.91	125.342
1648	1130.67	95.1173
1649	808.251	79.8299
1650	1156.64	96.5566
1651	944.441	83.9088
1652	1069.3	99.2912
1653	1383.49	114.672
1654	1129.89	96.2529
1655	778.535	69.0536
1656	1030.16	89.5384
1657	1145.78	99.4025
1658	1047.77	84.3373
1659	1158.6	103.43
1660	1145.99	97.3556
1661	857.524	72.7075
1662	1141.9	98.3933
1663	1019.9	86.5915
1664	1161.83	91.2969
1665	1144.9	86.5347
1666	1168.53	89.5523
1667	1146.05	93.4429
1668	1170.36	98.6445
1669	1167.54	94.306
1670	1145	87.1794
1671	1323.84	110.428
1672	1235.55	107.544
1673	1160.96	89.2606
1674	1498.22	113.332
1675	1279.96	104.832
1676	1144.79	89.0814
1677	1356.02	115.22
1678	1178.03	102.848
1679	1317.52	102.896
1680	1530.95	125.425
1681	1249.98	100.421
1682	1149.68	90.13
1683	1747.02	147.803
1684	1166.71	91.2288
1685	1327.15	103.78
1686	1371.81	113.055
1687	1251.42	99.3274
1688	316.533	26.5689
1689	1241.47	93.3559
1690	1137.52	102.61
1691	1157.03	93.1707
1692	1147.26	101.065
1693	1133.59	89.2503
1694	1167.53	97.4378
1695	1148.19	92.166
1696	1059.94	91.1247
1697	1123.31	89.5107
1698	1039.77	88.2723
1699	824.466	81.5287
1700	1048.24	90.8625
1701	1149.16	97.9264
1702	954.356	86.2867
1703	988.532	84.7091
1704	1047.27	90.7139
1705	1040.12	93.064
1706	903.706	83.7191
1707	1171.16	108.487
1708	1162.89	101.156
1709	1111.9	84.4436
1710	1048.06	85.1646
1711	1161.92	93.0338
1712	1253.12	96.5974
1713	1146.71	89.416
1714	1218.11	90.9565
1715	1146.77	89.3083
1716	1398.35	103.265
1717	1161.09	95.1964
1718	1323.65	102.536
1719	1341.43	106.09
1720	1487.64	107.244
1721	1394.3	99.7796
1722	1583.28	131.689
1723	1246.89	96.0728
1724	1169.76	98.6313
1725	1147.93	88.5427
1726	1529.88	116.381
1727	1201.52	103.631
1728	1179	93.9976
1729	1398.19	103.133
1730	1204.52	99.4941
1731	1240.06	96.071
1732	1250.54	99.3746
1733	1418.34	104.777
1734	1354.25	113.477
1735	1124.01	84.9155
1736	1153.03	91.4384
1737	1203.88	110.53
1738	1267.17	102.392
1739	1372.51	105.587
1740	966.099	78.8924
1741	1047.28	96.6918
1742	1142.86	94.4885
1743	1143.42	100.682
1744	903.583	85.6563
1745	813.006	85.1626
1746	780.358	71.4765
1747	946.622	78.1213
1748	1044.16	88.74
1749	884.136	83.016
1750	1154.29	100.187
1751	905.596	88.2869
1752	979.901	90.7011
1753	872.663	74.1711
1754	1071.79	101.141
1755	685.923	62.8064
1756	943.028	79.3057
1757	768.113	75.1433
1758	1115.79	88.0759
1759	815.239	75.4077
1760	1140.86	90.1087
1761	1141.06	84.7118
1762	1229.18	86.6864
1763	1335.41	100.663
1764	1275.82	101.198
1765	1609.45	131.53
1766	1286.21	105.695
1767	1190.98	101.289
1768	1157.89	97.5675
1769	1155.54	92.9879
1770	1417.89	114.682
1771	1146.59	91.1021
1772	1167.27	96.1445
1773	1148.04	87.421
1774	1177.3	97.7484
1775	1275.39	110.195
1776	1136.76	87.3251
1777	1179.31	106.034
1778	1330.61	107.48
1779	1147.55	97.0615
1780	1341.75	103.97
1781	1241.3	97.0865
1782	1344.51	111.762
1783	1367.25	109.296
1784	2393.36	182.681
1785	1212.17	110.487
1786	1154.22	94.1756
1787	1147.56	87.7808
1788	952.342	75.4982
1789	1121.93	92.4486
1790	399.967	59.7188
1791	1136.21	90.2137
1792	963.336	81.1387
1793	1140.55	98.5747
1794	815.24	86.1596
1795	965.999	84.1401
1796	1113.16	90.4812
1797	1061.48	95.1038
1798	1150.32	95.3001
1799	433.219	75.8582
1800	864.161	69.8312
1801	964.021	85.628
1802	996.779	92.9904
1803	1042.61	84.8077
1804	1020.02	86.3573
1805	945.99	76.8449
1806	1034.99	82.6244
1807	974.143	83.0607
1808	1415.57	108.596
1809	1245.94	97.1441
1810	1165.11	89.6033
1811	1259.76	101.86
1812	1431.32	115.481
1813	1187.06	96.6239
1814	1150.25	89.1065
1815	1145.05	84.2777
1816	1352.65	106.092
1817	1135.52	93.5046
1818	1145.13	97.6621
1819	1156.06	101.683
1820	1205.26	106.617
1821	1238.87	94.4643
1822	1239.07	97.704
1823	1147.92	89.465
1824	1144.01	91.3829
1825	1125.21	76.955
1826	1212.65	108.531
1827	1141.89	88.7525
1828	1151.59	91.1609
1829	1296.63	107.976
1830	1193.75	104.36
1831	1141.59	87.9804
1832	1150.18	95.3016
1833	1189.53	97.3085
1834	1146.05	84.0239
1835	1380.48	117.245
1836	1046.91	93.7631
1837	972.432	97.4783
1838	948.062	82.392
1839	968.163	83.667
1840	955.495	77.0201
1841	963.96	87.4041
1842	1073.81	102.78
1843	947.266	75.6838
1844	1082.36	118.506
1845	939.146	85.727
1846	1124.17	88.0824
1847	789.062	75.5169
1848	1142.79	96.2804
1849	981.319	95.4639
1850	1117.03	91.6243
1851	959.393	84.3541
1852	1136.06	94.0565
1853	1115.26	91.2263
1854	1050.03	91.5021
1855	1031.33	91.5035
1856	1248.24	98.9034
1857	1187.71	93.83
1858	1262.43	96.8369
1859	1314.54	97.3918
1860	1161.17	94.2387
1861	1160.31	94.1131
1862	1158.04	87.9649
1863	1159.43	94.3865
1864	1524.27	117.131
1865	1171.64	99.0425
1866	1161.04	93.6194
1867	1138.64	88.9026
1868	1158.88	93.8993
1869	1513.97	114.379
1870	1283.67	110.102
1871	1145.98	99.8307
1872	1167.29	93.7593
1873	1148.11	89.8885
1874	1158.34	92.853
1875	1134.27	91.9003
1876	1142.94	85.7079
1877	1366.99	106.217
1878	1148.24	92.6501
1879	1770.46	131.129
1880	1356.81	113.089
1881	1188.68	99.7441
1882	1115.63	86.8501
1883	1177.47	98.9517
1884	1083.33	106.258
1885	947.085	80.4949
1886	951.832	82.2886
1887	1045.01	90.9073
1888	908.156	82.2794
1889	793.367	71.6281
1890	860.926	72.6432
1891	881.826	82.0875
1892	799.194	78.5816
1893	876.138	80.2138
1894	901.31	89.2148
1895	785.629	65.7321
1896	1029.27	87.1948
1897	801.57	80.1518
1898	366.452	45.9478
1899	399.945	64.1997
1900	807.249	78.4078
1901	1051.13	91.7901
1902	955.457	79.5455
1903	1189.53	96.7851
1904	1318.56	101.888
1905	1428.04	113.612
1906	1166.4	94.0943
1907	1347.58	113.537
1908	1194.96	102.165
1909	1158.34	92.1861
1910	1204.61	102.6
1911	1325.93	106.575
1912	1328.44	100.117
1913	1157.52	93.9068
1914	1553.71	128.076
1915	1155.1	95.4064
1916	1162.12	97.6772
1917	1156.18	92.3068
1918	1276.18	113.051
1919	1264.9	113.233
1920	1157.2	93.0193
1921	1142.82	92.3782
1922	1171.73	96.3537
1923	1147.76	89.74
1924	1140.06	87.9769
1925	1113.48	88.3746
1926	1202.03	96.5823
1927	1152.57	95.4301
1928	1384.82	149.198
1929	1138.85	84.9209
1930	1167.06	94.5658
1931	1132.08	90.5486
1932	770.537	67.4337
1933	859.271	73.4624
1934	1071.48	93.989
1935	788.569	73.8341
1936	869.649	76.2636
1937	884.158	80.0952
1938	909.433	91.2552
1939	788.566	75.7915
1940	1172.38	103.595
1941	1128.47	102.251
1942	1120.45	100.69
1943	743.246	62.006
1944	1139.16	101.591
1945	990.84	93.2638
1946	780.317	73.986
1947	964.255	80.7929
1948	1122.8	91.7148
1949	821.483	82.6597
1950	980.416	89.444
1951	818.556	79.0758
1952	1168.99	97.3058
1953	1158.43	94.3257
1954	1169.88	102.072
1955	1586.97	130.959
1956	1476.86	111.282
1957	1421.6	113.066
1958	1191.92	102.189
1959	1344	102.918
1960	1143.91	90.3324
1961	1401.84	110.511
1962	1294.11	102.843
1963	1250.71	101.989
1964	1673.71	171.885
1965	1262.92	96.9414
1966	1482.15	120.469
1967	1157.79	91.9432
1968	1631.7	136.265
1969	1365.86	110.373
1970	1154.9	95.3101
1971	1206.73	107.5
1972	1130.16	89.5438
1973	1308.94	105.06
1974	1152.01	84.9591
1975	1318.4	100.89
1976	1263.56	100.374
1977	1149.03	90.4771
1978	1163.7	94.5953
1979	1140.61	86.2381
1980	885.993	90.3874
1981	978.822	85.2582
1982	1135.55	90.9508
1983	1142.73	94.9817
1984	931.995	74.8068
1985	868.582	74.7149
1986	1502.52	115.095
1987	1243.7	95.982
1988	854.877	73.2686
1989	808.698	82.1105
1990	822.047	79.8082
1991	859.654	72.7833
1992	1170.62	109.465
1993	894.16	81.8909
1994	866.539	72.1628
1995	954.16	77.6979
1996	1062.06	93.4952
1997	1134.25	94.7999
1998	810.073	76.8608
1999	770.948	66.1979
2000	1173.17	101.242
2001	1154.76	91.1013
2002	1145.09	86.8426
2003	1146.78	89.4396
2004	1485.36	116.422
2005	1156.82	94.3982
2006	1246.55	100.046
2007	1164.23	96.8628
2008	1133.98	84.8066
2009	1275.18	110.156
2010	1194.23	103.169
2011	1168.87	95.5519
2012	1155.82	92.6283
2013	1155.05	95.8315
2014	1239.43	97.4092
2015	1179.27	97.9326
2016	1168.57	95.2964
2017	1252.4	92.4856
2018	1282.77	111.202
2019	1139.75	92.1691
2020	1139.71	93.6566
2021	1189.97	100.211
2022	1155.44	91.8871
2023	1192.51	96.8742
2024	1512.38	121.666
2025	1202.21	104.32
2026	1167.27	95.8561
2027	1182.33	109.851
2028	954.721	87.0469
2029	1027.25	84.5539
2030	851.923	73.1025
2031	981.8	90.6137
2032	988.036	86.0508
2033	1063.09	84.5472
2034	909.976	84.4255
2035	1141.73	94.0115
2036	950.763	87.663
2037	975.774	92.3593
2038	992.44	95.9144
2039	762.612	63.5446
2040	1162.57	104.627
2041	794.987	77.5973
2042	1027.98	87.2554
2043	964.463	80.1093
2044	1152.74	108.377
2045	1070.96	94.6423
2046	1164.15	110.84
2047	819.283	78.35
2048	1185.59	94.5206
2049	1176.63	97.3793
2050	1367.84	111.122
2051	1182.55	100.784
2052	1316.24	97.5537
2053	1160.07	90.4609
2054	1150.97	94.8363
2055	1171.27	97.2701
2056	1243.8	99.525
2057	1136.62	87.6062
2058	1175.08	98.5837
2059	1142.66	88.5504
2060	1179.94	104.4
2061	1158.84	96.834
2062	1172.24	102.638
2063	1166.64	97.1447
2064	1154.79	88.2076
2065	1250.85	94.9863
2066	1186.04	96.8108
2067	1134.01	88.0255
2068	1176.9	97.2554
2069	1160.71	90.0216
2070	1135.71	89.6344
2071	1276.99	108.203
2072	1614.13	136.004
2073	1143.03	89.3535
2074	1173.49	97.4253
2075	1140.32	87.8834
2076	871.274	82.5505
2077	854.502	75.1978
2078	878.81	84.0084
2079	1133.45	98.0037
2080	952.325	79.7196
2081	1150.11	103.125
2082	1118.86	90.1638
2083	881.496	82.349
2084	955.039	87.4797
2085	676.807	58.8204
2086	856.989	76.2691
2087	820.698	78.9074
2088	776.481	71.9544
2089	810.718	79.0488
2090	1055.97	94.3105
2091	987.355	88.5999
2092	947.796	77.9577
2093	879.831	78.7367
2094	823.245	83.5876
2095	653.903	52.1015
2096	1207.94	103.791
2097	1186.29	98.5282
2098	1227.69	92.9396
2099	1201.82	100.305
2100	1255.95	98.8572
2101	1171.66	92.5987
2102	1189.52	97.7299
2103	1185.33	95.2684
2104	1228.52	104.695
2105	1149.31	89.3476
2106	1257.98	104.119
2107	1269.17	101.955
2108	1411.28	106.903
2109	1155.22	94.3377
2110	1154.56	93.8214
2111	1144.66	85.0019
2112	1186.02	104.254
2113	391.381	60.6776
2114	1161.41	94.1956
2115	1157.03	94.4602
2116	1262.61	106.449
2117	1435.81	115.189
2118	1168.4	102.389
2119	1373.01	110.57
2120	1375.09	117.665
2121	1168.36	97.8001
2122	1185.32	98.864
2123	1131.14	89.2055
2124	1137	95.7691
2125	1130.29	90.9207
2126	961.958	82.1875
2127	1140.15	97.193
2128	674.895	58.2243
2129	1022.96	83.4699
2130	967.53	90.8109
2131	936.941	79.1653
2132	964.448	84.5464
2133	885.377	80.931
2134	867.209	74.857
2135	966.418	83.887
2136	1135.54	91.4698
2137	1115.83	87.2356
2138	1111.5	93.0017
2139	1463.01	120.851
2140	1036.25	84.689
2141	1148.79	97.7466
2142	1187.4	118.908
2143	895.152	83.9828
2144	1551.62	154.926
2145	1257.36	104.293
2146	1188.33	100.295
2147	1231.47	96.3178
2148	1168.8	92.6998
2149	1322.92	98.2213
2150	1172.48	104.019
2151	1154.49	92.7629
2152	1172.62	91.9537
2153	1162.75	106.899
2154	1309.69	99.9354
2155	1150.53	99.2093
2156	1194.59	101.754
2157	1160.18	91.4937
2158	1180.91	106.295
2159	1178.48	95.5085
2160	1309.37	100.11
2161	1161.55	105.597
2162	1178.99	101.194
2163	1184.13	94.1161
2164	1140.3	91.1407
2165	1141.11	92.4778
2166	1155.83	95.5411
2167	1165.45	95.219
2168	1168.63	94.4087
2169	1709.5	147.024
2170	1151.56	95.5232
2171	1162.43	97.3487
2172	1141.61	95.3742
2173	1039.26	85.6505
2174	646.529	52.8979
2175	871.316	79.2946
2176	983.394	86.0376
2177	1160.56	110.686
2178	758.692	59.5311
2179	766.733	67.7896
2180	894.983	81.5802
2181	909.729	88.0749
2182	1122.91	82.3227
2183	957.15	78.6095
2184	1175.83	114.309
2185	1065.62	88.7468
2186	1117.6	101.979
2187	885.685	79.4445
2188	987.125	83.3746
2189	602.079	63.3636
2190	1465.43	120.82
2191	763.544	64.7167
2192	1156.86	91.9297
2193	1258.62	100.917
2194	1178.45	95.5804
2195	1156.02	91.6551
2196	1169.35	94.753
2197	1205.56	104.134
2198	1184.03	100.299
2199	1171.39	91.4948
2200	2242.17	153.282
2201	1432.87	112.425
2202	1171.9	97.87
2203	1158.53	94.3571
2204	1199.54	101.959
2205	1130.84	86.4937
2206	1169.22	97.0379
2207	1145.73	89.1473
2208	1242.18	98.9475
2209	1156.24	89.1691
2210	1256.98	96.6346
2211	1183.94	97.8824
2212	1364.41	114.23
2213	1331.84	100.38
2214	1157.33	94.9451
2215	1237.83	93.7766
2216	1251.1	102.315
2217	1321.31	110.199
2218	1184.02	96.3832
2219	1161.91	94.9894
2220	1125.16	93.2671
2221	587.097	55.1812
2222	1173.18	98.7111
2223	1198.4	106.15
2224	873.476	78.8547
2225	945.148	81.7548
2226	675.413	59.2857
2227	1124.76	93.076
2228	771.546	65.8434
2229	1177.24	101.481
2230	901.286	85.1182
2231	825.747	87.7962
2232	1160.63	99.6341
2233	1164.48	103.768
2234	977.778	85.9954
2235	979.305	85.9069
2236	800.386	74.8478
2237	964.975	79.8166
2238	902.485	87.7747
2239	746.37	55.4851
2360	1165.3	88.2132
2361	1217	93.2959
2362	1558.8	114.86
2363	1186.59	86.0769
2364	1157.46	88.6799
2365	1141.46	83.0723
2366	1164.58	89.381
2367	1199.69	90.4359
2368	1256.57	105.383
2369	1171.22	82.59
2370	1200.23	85.2442
2371	1165.35	92.6375
2372	1188.65	86.0766
2373	1544.96	114.179
2374	1447.35	103.382
2375	1242.11	91.4548
2376	1274.74	86.2324
2377	1208.22	87.3729
2378	1392.91	100.649
2379	1088.8	79.435
2380	1363.12	99.8239
2381	1151.09	83.9765
2382	1167	84.5871
2383	1173.72	99.1005
2384	1165.88	83.9416
2385	1191.24	87.6
2386	1475.74	100.094
2387	1243.62	90.0699
2388	1271.52	94.1314
2389	1352.42	93.4193
2390	1166.06	88.2242
2391	1250.3	86.7047
2392	1352.87	100.046
2393	1183.91	86.8661
2394	1334.47	93.9223
2395	1166.15	82.7768
2396	1254.35	84.0275
2397	1674.13	116.759
2398	1356.76	101.706
2399	1149.52	80.8316
2400	1169.78	94.1234
2401	1169.86	83.626
2402	1182.14	86.9518
2403	1169.44	87.7196
2404	1241.54	90.8014
2405	1382.25	95.4551
2406	1234.37	90.6656
2407	1118.53	76.9001
2408	1153.11	84.2841
2409	1193.78	89.5305
2410	1213.13	97.1004
2411	1158.34	86.0982
2412	1273.58	93.6046
2413	1163.32	89.0501
2414	1584.32	110.405
2415	1553.04	108.406
2416	1162.06	81.4018
2417	1662.95	108.83
2418	1406.09	100.275
2419	1512.48	108.665
2420	1294.54	93.4735
2421	1162.7	89.1234
2422	1873.88	145.736
2423	1170.68	90.7243
2424	1291.72	95.7062
2425	1286.74	90.8723
2426	1337.6	93.7531
2427	1278.54	88.7137
2428	1852.73	140.407
2429	1717.18	114.215
2430	1144.17	80.7737
2431	1149.51	79.9934
2432	1268.15	86.0396
2433	1117.97	78.7999
2434	1282.87	92.719
2435	1170.75	91.0062
2436	1182.67	89.111
2437	1445.78	110.115
2438	1157.62	88.6703
2439	1164.48	90.8558
2440	1440.41	105.689
2441	1171.75	85.0669
2442	1215.92	89.6204
2443	1193.79	83.6609
2444	1158.95	81.8852
2445	1142.4	87.3405
2446	1247.44	88.8885
2447	1166.04	87.927
2448	1151.56	85.2983
2449	1199.67	84.9857
2450	1176.48	91.1197
2451	1150.12	79.9658
2452	1373.96	101.868
2453	1153	84.9384
2454	1147.22	84.695
2456	1601.47	122.702
2457	1651.18	128.937
2458	1140.91	79.6412
2459	1153.7	85.5457
2460	1172.07	94.7189
2461	1154.42	85.856
2462	1145.33	86.2582
2463	1178.96	89.7595
2464	1139.88	84.7825
2465	1199.79	85.5919
2466	1158.72	94.9185
2467	1175.81	92.0314
2468	1148.9	87.5215
2469	1236.06	92.0024
2470	1157.02	86.6869
2471	1147.91	85.7908
2472	1541.49	113.107
2473	1520.25	116.005
2474	1828.12	132.223
2475	1335.44	95.9282
2476	1358.88	103.568
2477	1177.48	94.7992
2478	1242.74	88.5413
2479	1127.56	77.237
2480	1284.14	88.345
2481	1179.53	86.5823
2482	1150.45	79.7185
2483	1191.39	85.2431
2484	1156.41	84.5378
2485	1127.14	81.7247
2486	1158.41	88.4124
2487	1427.13	94.5167
2488	1211.97	88.6572
2489	1182.82	82.6077
2490	1181.2	79.2396
2491	1237.99	94.9487
2492	1394.52	96.918
2493	1413.2	105.918
2494	1404.86	110.597
2495	1138.43	85.4764
2496	1164.57	85.2187
2497	1154	89.1475
2498	1221.56	88.072
2499	1165.7	84.7751
2500	1523.16	106.607
2501	1335.32	92.136
2502	1156.02	83.145
2503	1433.36	94.8968
2504	1272.24	91.8307
2505	1054.35	74.1345
2506	1142.47	83.1359
2507	1442.54	109.556
2508	1123.36	81.7019
2509	1176.77	89.4025
2510	1162.94	85.972
2511	1139.22	78.0789
2512	1178	82.5303
2513	1150.46	87.4158
2514	1177.75	84.03
2515	1165.56	84.13
2516	1342.12	91.0927
2517	1150.61	82.9795
2518	1162.7	81.1898
2519	1133.48	81.6365
2520	1168.57	90.5022
2521	1295.33	94.4186
2522	1377.11	100.286
2523	1172.59	88.0629
2524	1328.62	97.9948
2525	1119.92	76.5093
2526	1191.03	77.4508
2527	1313.77	87.0356
2528	1154.79	80.6214
2529	1200.45	90.7125
2530	1155.02	89.7707
2531	1235.69	84.4051
2532	1136.52	82.2093
2533	1153.45	84.0416
2534	1148.08	82.4016
2535	1131.32	78.7789
2536	1146.24	83.6605
2537	1184.47	87.5329
2538	1160.41	77.274
2539	1198.82	86.0483
2540	1729.01	122.487
2541	1247.29	83.0389
2542	1142.41	80.8349
2543	1218.71	90.4806
2544	1173.46	88.8081
2545	1241.32	87.6198
2546	1132.34	78.9641
2547	1342.75	96.438
2548	1152.85	89.8404
2549	1260.32	89.2736
2550	1200.72	92.9142
2551	1544	110.738
2552	1125.64	82.0447
2553	1164.88	83.933
2554	1165.12	91.7338
2555	1115.15	78.1594
2556	1360.16	95.3738
2557	1164.61	89.2292
2558	1476.26	100.109
2559	1509.76	103.253
2560	1145.79	80.3133
2561	1143.25	78.3892
2562	1213.09	88.5333
2563	1604.73	111.96
2564	1134.32	78.3103
2565	1126.92	77.0235
2566	1144.35	79.5641
2567	1695.48	117.577
2568	1172.2	85.4376
2569	1612.85	115.703
2570	1149.58	80.2143
2571	1099.29	78.6443
2572	1177.99	87.3734
2573	1186.21	89.2753
2574	1153.62	84.9335
2575	1199	86.5134
2576	1155.67	82.7554
2577	1176.98	91.0141
2578	1175.43	84.4204
2579	1200.33	85.7702
2580	1636.19	113.839
2581	1162.77	87.2434
2582	1563.53	118.128
2583	1286.72	92.6169
2584	1171.57	85.9996
2585	1159.18	82.5646
2586	1174.59	89.7954
2587	1175.38	83.0562
2588	1178.14	90.161
2589	1154.3	81.9178
2590	1098.45	80.0488
2591	1142.42	77.9905
2592	1166.12	79.6458
2593	1156.61	82.0966
2594	1331.58	98.72
2595	1199.77	88.3329
