0	1541.76	132.032
1	1529.66	111.672
2	1716.9	139.555
3	1498.48	109.69
4	1530.51	127.973
5	1549.69	125.298
6	850.265	91.0318
7	1528.66	117.783
8	1547.55	129.326
9	1398.84	122.81
10	1577.45	178.659
11	1598.2	191.019
12	1527.13	121.674
13	1516.14	113.104
14	1528.6	128.404
15	1593.14	122.449
16	1501.7	124.44
17	1595.65	140.189
18	1554.7	126.705
19	1517.04	153.074
20	1527.04	121.265
21	1169.09	107.632
22	1039.91	90.0237
23	903.791	74.5302
24	840.089	72.668
25	1283.62	117.001
26	1045.94	95.1411
27	899.192	85.2079
28	1318.14	114.408
29	1051.68	96.1056
30	1061.31	98.1156
31	936.399	80.5412
32	1260.4	111.631
33	1057.28	91.9252
34	1272.83	119.647
35	1164.8	102.645
36	748.591	56.178
37	1172.69	110.039
38	1001.83	92.4643
39	975.974	92.6897
40	981.131	78.0244
41	947.332	83.3
42	1152.84	108.749
43	889.662	75.876
44	822.604	62.2178
45	671.332	65.8962
46	815.079	66.9184
47	1523.3	110.609
48	1553.81	115.112
49	1499.93	124.761
50	1540.16	122.218
51	1519.85	134.039
52	1494.92	107.46
53	1523.71	126.969
54	1638.55	128.333
55	1522.41	120.366
56	1591.44	150.825
57	1553.34	117.3
58	1556.78	119.45
59	1523.95	117.728
60	1537.9	131.755
61	1540.34	146.084
62	1581.51	133.892
63	1637.37	129.916
64	1548.3	118.07
65	1556.18	130.166
66	1532.84	131.471
67	1534.66	120.759
68	1530.84	136.739
69	1103.43	97.8166
70	1015.92	90.148
71	947.675	78.7316
72	711.163	59.7778
73	1067.07	88.2859
74	1041.96	79.5068
75	1145.56	91.3101
76	960.797	83.3428
77	1288.56	116.807
78	1376.37	139.78
79	785.805	72.4025
80	956.318	73.5391
81	836.418	69.7166
82	953.086	82.8575
83	1254.14	120.334
84	946.382	84.6135
85	1155.63	98.6355
86	1047.55	80.9514
87	1159.71	134.102
88	808.548	88.9907
89	980.454	95.8317
90	1053.34	99.8125
91	1030.9	108.268
92	789.443	72.2374
93	1090.55	85.236
94	998.56	77.9259
95	1212.6	109.628
96	1534.68	123.32
97	1493.03	140.698
98	1569.35	123.788
99	1564.52	133.755
100	1519.56	133.874
101	1527.27	112.477
102	1478.64	116.156
103	1531.94	138.382
104	1527.99	117.645
105	1495.02	115.154
106	1562.37	126.127
107	1710.03	143.834
108	1529.12	123.089
109	1551.49	130.873
110	1554.06	130.703
111	1942.04	149.689
112	1538.96	130.557
113	1575.66	147.343
114	1529.59	110.914
115	1556.9	106.523
116	1586.36	140.071
117	994.349	99.3394
118	1568.57	151.184
119	1038.87	83.1659
120	926.627	73.5413
121	1017.71	97.2295
122	1393.75	135.248
123	1200.31	132.907
124	939.145	76.6527
125	1033.13	92.0179
126	1032.56	83.6408
127	831.667	77.5437
128	1075.03	84.5162
129	671.666	62.2321
130	1012.74	92.2235
131	867.188	78.0961
132	772.22	78.767
133	850.998	74.0662
134	1098.35	86.0498
135	1525.42	119.51
136	1160.32	124.615
137	1000.17	91.5463
138	934.632	73.4427
139	879.2	77.7796
140	1090.02	92.9686
141	1268.62	120.987
142	1306.5	127.685
143	987.519	102.74
144	1528.75	136.736
145	1529.77	135.297
146	1545.12	124.79
147	1544.06	139.405
148	1570.09	137.617
149	1512.3	115.876
150	1559.79	139.349
151	1547.72	121.201
152	1557.47	140.728
153	1558.96	143.343
154	1542.2	121.197
155	1503.76	111.812
156	1503.16	123.936
157	1525.36	120.672
158	1845.24	158.145
159	1514.95	130.19
160	1712.59	134.984
161	1636.87	132.703
162	1535.67	128.543
163	1549.12	137.292
164	1532.23	121.277
165	972.262	82.2244
166	964.299	84.303
167	781.319	69.5111
168	943.074	79.6198
169	982.157	90.0582
170	1063.31	86.8984
171	1297.08	119.398
172	1246.26	115.431
173	1588.63	151.545
174	1137.38	92.9097
175	1177.05	128.804
176	899.936	71.018
177	889.241	64.3862
178	1443.21	117.277
179	1061.06	80.7818
180	901.773	74.3744
181	954.528	89.4276
182	1076.49	99.8392
183	1237.78	107.126
184	1216.34	111.267
185	743.09	63.4878
186	1173.18	102.276
187	955.925	75.438
188	1115.52	91.669
189	1112.04	100.238
190	899.016	82.9672
191	345.91	30.139
192	1580.88	116.716
193	1510.15	111.733
194	1579.46	130.286
195	1521.4	119.641
196	1562.6	130.042
197	1513.1	114.847
198	1561.78	126.259
199	1532.83	123.068
200	1544.91	138.335
201	1543.36	121.43
202	1569.04	129.161
203	1619.58	140.706
204	1502.18	110.796
205	1517.58	125.177
206	1549.72	128.042
207	1560.47	132.925
208	1508.82	120.386
209	1535.86	131.679
210	1556.1	129.606
211	1517.91	118.801
212	1874.2	142.67
213	1442.31	122.28
214	977.061	88.7831
215	1056.01	88.0554
216	902.574	77.4401
217	867.593	73.2432
218	1152.46	114.888
219	1570.51	140.706
220	1282.28	104.38
221	985.421	91.379
222	1080.22	89.3117
223	964.646	98.4052
224	1385.26	127.126
225	885.463	77.4546
226	822.449	75.3816
227	944.317	80.7913
228	965.16	82.3343
229	1165.19	109.759
230	877.072	77.4007
231	653.657	53.6156
232	852.815	69.4996
233	852.873	72.3281
234	1129.84	92.8823
235	1542.49	154.334
236	825.019	78.0425
237	834.023	80.1593
238	1295.3	103.807
239	957.092	80.3734
240	1569.68	147.763
241	1506.89	110.227
242	1593.2	145.325
243	1505.48	114.467
244	1575.31	141.169
245	1532.33	162.023
246	1537.72	123.141
247	1517.34	112.831
248	1519.34	118.539
249	1515.08	129.735
250	1489.74	118.825
251	1547.55	119.072
252	1548.37	123.732
253	1525.42	118.265
254	1529.84	129.806
255	1542.28	125.317
256	1569.75	136.886
257	1514.5	116.193
258	1603.94	128.462
259	1541.66	120.037
260	1996.27	164.275
261	802.802	90.7342
262	1104.12	104.852
263	1394.33	126.707
264	1328.05	103.089
265	1080.99	95.8168
266	855.538	68.3493
267	1021.27	103.127
268	1062.67	99.3191
269	959.009	79.4045
270	834.28	76.9061
271	767.79	73.7308
272	1068.43	101.53
273	931.399	76.8605
274	1303.81	124.733
275	1327.27	115.417
276	900.102	65.1176
277	1090.25	87.3893
278	875.697	80.2018
279	763.864	68.7316
280	1026.58	96.8131
281	1146.59	94.8732
282	769.713	66.1167
283	936.16	80.961
284	884.2	65.3897
285	849.21	71.008
286	1098.97	94.8351
287	875.259	74.8235
288	1503.35	127.374
289	1535.86	130.498
290	1534.45	124.155
291	1540.8	147.078
292	1519.78	116.193
293	1542.41	135.228
294	1583.96	140.063
295	1531.08	114.745
296	1534.79	126.705
297	1535.04	117.677
298	1555.65	118.365
299	1535.77	117.74
300	1514.85	125.566
301	1489.82	125.154
302	1551.29	128.342
303	1516.99	115.879
304	1585.98	134.203
305	1540.67	120.27
306	1547.86	118.683
307	1517.81	116.278
308	1574.07	115.951
309	1125.56	110.262
310	1062	109.527
311	1398.16	134.266
312	896.737	79.1257
313	1501.05	117.078
314	941.285	72.8224
315	1003.5	90.9323
316	959.854	90.0922
317	1687.66	139.366
318	929.912	82.0848
319	827.369	71.8872
320	1156.01	96.3725
321	1016.12	93.2917
322	1061.65	90.5562
323	960.395	85.7803
324	965.095	78.4445
325	1314.47	133.57
326	1001.01	83.7657
327	911.038	72.622
328	999.465	87.1234
329	1359.62	131.057
330	1133.94	103.281
331	964.962	80.0922
332	1252.57	111.235
333	1338.9	108.793
334	839.53	75.1548
335	471.098	42.1128
336	1534.57	111.2
337	1526.34	115.859
338	1545	136.378
339	1493.71	120.64
340	1496.39	114.824
341	1582.42	136.975
342	1544.17	136.836
343	1514.32	102.6
344	1595.32	132.351
345	1557.53	150.12
346	1535	111.092
347	1536.26	121.082
348	1602.18	129.462
349	1498.2	121.465
350	1537.42	125.23
351	1526.87	133.775
352	1568.12	113.903
353	1514.28	113.906
354	1506.44	125.673
355	1547.95	126.451
356	1598.49	127.424
357	559.841	131.089
358	1013.66	96.2342
359	1213.37	116.758
360	1344.01	115.508
361	1051.9	90.3153
362	1003.7	85.152
363	2068.6	195.111
364	1349.2	105.02
365	1391.58	126.071
366	901.551	77.6966
367	1157.54	105.181
368	1517.42	134.829
369	1054.79	114.306
370	970.58	95.9301
371	1146.5	107.68
372	1000.89	85.5006
373	1005.92	90.543
374	827.433	72.4793
375	1586.88	150.515
376	1357.66	116.287
377	1022.78	77.7044
378	762.805	64.0653
379	1107.5	87.7147
380	1373.61	127.022
381	1127.62	106.098
382	1007.44	89.2754
383	940.394	83.9269
384	1554.43	108.091
385	1526.09	122.207
386	2009.2	151.596
387	2147.28	196.035
388	1533.06	107.444
389	1552.91	134.535
390	1575.91	124.583
391	1513.6	115.774
392	1597.07	125.424
393	1547.46	123.917
394	1524	115.919
395	1530.21	122.994
396	1535.62	113.695
397	1513.29	118.891
398	1538.97	122.858
399	1554.53	129.708
400	1599.01	120.743
401	1527.68	120.003
402	1522.72	125.795
403	1580.48	132.73
404	1542.79	124.458
405	935.644	82.1756
406	906.087	86.2658
407	1089.47	100.21
408	1080.64	83.2329
409	921.197	89.143
410	917.973	80.82
411	943.929	72.4029
412	899.188	74.2066
413	944.533	77.388
414	824.301	73.0055
415	1375.87	118.065
416	935.695	73.2461
417	889.772	64.5911
418	1092.29	90.1212
419	391.418	55.9479
420	867.815	72.432
421	1006	95.0799
422	931.987	75.6376
423	1092.02	84.9658
424	1159.24	95.6133
425	943.31	79.1086
426	1265.71	106.801
427	993.081	103.809
428	1016.78	75.3662
429	830.195	73.0888
430	1098.56	99.2932
431	1004.88	88.4921
432	1528.73	133.066
433	1536.65	120.842
434	1501.18	106.011
435	1493.02	111.597
436	1565.31	132.546
437	1502.65	122.189
438	1579.68	115.614
439	1524.87	118.457
440	1539.29	128.206
441	1532.25	134.128
442	1490.88	117.337
443	1516.72	120.231
444	1493.9	127.909
445	1535.42	121.675
446	1546.34	115.665
447	1583.24	124.862
448	1569.93	129.224
449	1518.42	111.482
450	1571.42	122.941
451	1553.25	127.531
452	1523.19	122.502
453	715.276	68.1241
454	993.573	75.3401
455	1302.4	114.668
456	1093.74	97.9951
457	942.943	82.3554
458	1030.44	94.4377
459	830.33	76.6428
460	811.398	74.5555
461	1005.78	81.6975
462	1039.2	88.3971
463	1350	111.413
464	938.546	78.4646
465	918.451	86.0177
466	948.916	79.9688
467	977.814	83.4462
468	1301.5	110.713
469	914.662	86.3666
470	1133.4	103.848
471	395.098	50.8077
472	808.782	66.5479
473	1005.7	85.4715
474	1423.84	126.74
475	972.842	88.5583
476	1075.46	113.718
477	953.066	74.1192
478	1122.23	100.924
479	906.676	77.4239
480	1488.17	103.792
481	1517.52	112.408
482	1485.43	120.366
483	1480.07	119.842
484	1527.12	121.629
485	1527.53	125.353
486	1541.19	121.255
487	1516.44	132.522
488	1563.16	120.512
489	1531.72	132.691
490	1555.06	125.396
491	1517.78	111.495
492	1537.9	124.273
493	1510.94	121.398
494	1592.09	119.363
495	1547.05	134.996
496	1517.83	123.239
497	1518.45	113.198
498	1526.88	110.985
499	1541.86	137.797
500	1523.87	121.454
501	930.892	83.994
502	1088.58	93.792
503	1184.41	116.93
504	1198.71	91.8018
505	816.624	70.3453
506	521.201	55.3336
507	1092.1	82.739
508	1011.88	85.641
509	1257.23	111.508
510	1127.08	91.6319
511	1050.44	95.2501
512	896.381	75.683
513	1394.82	126.166
514	775.807	69.4722
515	1122.59	76.8642
516	964.556	83.4755
517	1095.08	95.0003
518	1008.65	96.969
519	474.931	84.7315
520	436.866	67.8159
521	1327.95	103.876
522	1066.89	90.8983
523	1049.79	85.1776
524	1047.36	94.4263
525	1185	96.898
526	1168.14	96.0655
527	1043.31	77.0745
528	1599.83	124.968
529	1673.54	153.007
530	1201.23	115.058
531	1240.9	108.683
532	1530.95	121.534
533	1545.24	129.658
534	1538.16	115.951
535	1562.34	128.632
536	1576.42	125.99
537	1563.81	130.171
538	1535	129.278
539	1537.25	120.015
540	1562.68	126.85
541	1539.6	137.321
542	1527.69	113.027
543	1545.98	127.633
544	1533.85	113.561
545	1529.82	116.069
546	1538	110.841
547	1547.2	131.175
548	1526.37	125.148
549	1301.99	109.002
550	968.225	91.5402
551	1067.88	91.4125
552	922.72	89.149
553	561.498	75.8382
554	849.44	78.5502
555	932.234	82.659
556	973.006	88.9648
557	832.227	66.8567
558	1539.61	141.926
559	830.972	83.5056
560	871.182	89.1042
561	849.727	74.2252
562	744.506	68.9151
563	974.037	86.4142
564	884.515	74.7574
565	1188.76	99.6525
566	982.053	88.4376
567	955.637	76.2453
568	1077.72	87.1994
569	1405.25	107.971
570	787.194	76.4442
571	1126.04	103.12
572	1128.54	98.8693
573	890.098	74.4867
574	1285.47	102.502
575	1071.6	86.9773
576	1550.21	123.901
577	1556.37	136.678
578	1525.58	116.219
579	1500.34	116.751
580	1507.64	103.981
581	1506.77	112.208
582	1527.13	110.344
583	1530.95	110.909
584	1548.23	125.207
585	1540.11	114.363
586	1498.92	97.4933
587	1477.31	127.552
588	1525.55	120.627
589	1510.61	126.559
590	1530.79	126.111
591	1520.67	125.798
592	1559.52	122.392
593	1556.86	117.501
594	1553.22	127.948
595	1512.43	119.585
596	1506.96	112.958
597	1090.01	90.0394
598	1100.36	84.208
599	1259.59	126.599
600	1517.15	113.382
601	890.001	72.5213
602	1172.23	115.168
603	1151.94	105.785
604	1120.35	106.068
605	846.605	68.8494
606	969.805	96.9748
607	687.718	61.1441
608	788.233	84.5612
609	822.854	74.3707
610	1102.02	105.287
611	900.067	80.8235
612	825.611	70.904
613	1203.2	113.494
614	1153.15	106.393
615	942.005	76.6552
616	1066.82	91.1539
617	951.026	82.1236
618	957.817	79.3022
619	863.752	82.1647
620	1081.8	83.8771
621	1104.65	97.7013
622	1206.18	106.352
623	1083.4	96.693
624	1477.63	126.653
625	1523.21	122.067
626	1510	113.781
627	1511.02	124.641
628	1558.98	126.709
629	1498.86	118.937
630	1495.98	122.192
631	1585.68	135.478
632	1571.69	111.451
633	1476.62	114.392
634	1522.35	125.328
635	1555.06	117.55
636	1635.3	130.476
637	1519.18	122.934
638	1542.24	136.353
639	1519.68	121.727
640	1531.34	126.915
641	1519.15	114.591
642	1522.55	111.72
643	1541.44	121.769
644	1522.76	151.369
645	967.318	82.5622
646	848.812	75.5292
647	758.788	73.5903
648	1253.29	100.269
649	870.185	82.769
650	1422.41	106.982
651	1055.13	97.6875
652	875.662	77.6061
653	857.493	77.4357
654	1096.17	93.691
655	1056.1	92.1537
656	883.726	78.5457
657	969.934	95.5374
658	1173.61	108.293
659	1138.2	96.6576
660	948.68	79.4385
661	1081.96	91.8924
662	1146.26	107.722
663	1064.93	86.4446
664	1354.86	115.071
665	1333.88	111.361
666	954.907	77.2056
667	1059.39	97.3629
668	1188.12	109.46
669	895.731	79.1622
670	1077.81	100.468
671	1584.32	139.126
672	1531.58	123.71
673	1521.99	117.932
674	1526.08	120.329
675	1517.12	117.06
676	1536.28	128.97
677	1578.76	123.234
678	1531.02	113.901
679	1505.61	110.939
680	1558.9	130.773
681	1547.02	131.031
682	1557.41	125.926
683	1566.12	125.809
684	1533.78	125.307
685	1530.3	118.489
686	1527.28	108.621
687	1563.58	144.265
688	1537.07	131.232
689	1520.59	128.799
690	1581.92	151.611
691	1569.28	116.891
692	1524.49	129.088
693	1018.11	99.3675
694	1358.15	123.74
695	1233.91	117
696	1079.66	94.0964
697	969.181	84.4224
698	1087.39	99.7112
699	1152.88	101.311
700	1461.24	126.883
701	994.208	102.508
702	829.11	77.2674
703	1139.63	108.816
704	1103.61	101.395
705	1012.23	98.812
706	1491.13	114.408
707	1031.9	92.1662
708	1260.29	112.949
709	957.314	75.3237
710	1164.66	107.275
711	1146.16	100.7
712	1113.29	108.216
713	1131.88	90.4675
714	1150.13	94.3756
715	1061.53	103.634
716	1178.54	106.46
717	1193.35	97.7748
718	1137.78	91.7051
719	857.65	77.401
720	1521.68	122.545
721	1529.26	149.711
722	1511.4	129.539
723	1482.35	112.834
724	1512.02	118.287
725	1506.07	128.638
726	1527.85	130.161
727	1544.81	138.593
728	1526.66	120.978
729	1588.89	131.008
730	1530.43	121.578
731	1486.65	126.653
732	1532.94	131.726
733	1512.81	119.242
734	1553.31	121.12
735	1547.03	123.331
736	1566.28	123.52
737	1542.86	119.023
738	1521.13	122.22
739	1501.82	106.308
740	1509.76	121.113
741	965.142	92.4315
742	1026.92	98.1572
743	1070.19	95.7957
744	1216.12	119.924
745	826.492	91.7246
746	685.163	64.4138
747	963.91	87.1719
748	1292.94	112.117
749	1103.23	93.7315
750	1269.38	123.183
751	955.034	77.8429
752	899.927	79.7046
753	1249.26	97.8222
754	1359.54	132.707
755	932.896	72.833
756	829.797	79.7761
757	878.538	79.9113
758	902.784	74.0342
759	1240.49	107.818
760	1180.7	95.3069
761	1021.72	79.6765
762	1191.08	91.095
763	1057.6	92.0761
764	984.387	83.6185
765	790.996	83.9775
766	1219.63	125.268
767	881.798	80.6293
768	1526.76	110.414
769	1508.28	113.801
770	1501.76	108.669
771	1611.61	158.536
772	1545.29	123.627
773	1584.94	122.475
774	1549.83	134.438
775	1507.95	108.332
776	1511.06	123.332
777	1545.42	134.503
778	1535.69	120.869
779	1598.9	124.835
780	1667	153.403
781	1514	131.006
782	1526.12	107.101
783	1535.06	134.845
784	1573.8	128.602
785	1551.94	147.481
786	1569.99	117.818
787	1471.42	120.261
788	1582.05	141.318
789	1164.32	106.939
790	1304.19	117.912
791	1024.4	97.2549
792	1470.28	129.858
793	812.957	72.8284
794	872.91	74.1422
795	1280.81	118.535
796	1293.57	117.672
797	985.69	99.5932
798	965.139	85.1559
799	1123.92	87.9079
800	998.199	90.1771
801	1061.58	86.1942
802	879.121	78.9132
803	1130.6	134.968
804	1644.28	158.745
805	812.28	79.413
806	1188.48	99.2067
807	1098.19	100.887
808	1287.26	107.657
809	1206.83	93.6206
810	957.222	88.2472
811	942.787	75.1633
812	1028.83	80.7805
813	1374.13	124.605
814	1503.31	154.714
815	971.681	89.5294
816	1553.85	127.588
817	1559.65	109.526
818	1520.12	115.224
819	1581.83	124.684
820	1533.31	109.391
821	1562.49	113.43
822	1551.8	142.671
823	1521.91	124.794
824	1509.16	113.79
825	1537.66	114.49
826	1538.99	132.121
827	1479.16	116.743
828	1544.78	123.987
829	1531.81	118.743
830	1531.75	107.778
831	1510.26	106.866
832	1518.09	108.998
833	1532.97	124.087
834	1638.31	134.506
835	1560.62	125.588
836	1538.95	123.991
837	1053.03	95.0853
838	1121.04	108.899
839	1063.36	89.6696
840	854.29	78.8975
841	1412.84	128.076
842	1059.24	92.9865
843	1147.49	101.637
844	1004.69	94.921
845	960.814	110.746
846	1241.4	112.005
847	869.629	79.0742
848	1144.86	124.842
849	1012.17	89.5847
850	1018.73	96.4457
851	1210.49	115.137
852	1574.42	134.281
853	904.311	76.2756
854	908.83	77.5245
855	978.08	92.5007
856	850.706	77.144
857	968.576	81.3421
858	1151.4	95.5367
859	864.818	72.0356
860	1157.58	96.7856
861	967.186	96.748
862	1165.67	103.453
863	1241.53	104.152
864	1520.43	115.77
865	1520.11	117.147
866	1494.98	118.91
867	1517.24	130.375
868	1504.22	125.194
869	1473.74	117.113
870	1550.06	149.801
871	1564.71	136.127
872	1491.53	134.379
873	1570.99	179.179
874	1535.93	126.933
875	1478.82	120.526
876	1542.48	120.398
877	1509.92	124.046
878	1581.73	124.034
879	1537.1	123.293
880	1553.75	125.185
881	1038.1	92.8152
882	1499.34	116.422
883	1522.36	113.978
884	1541.08	131.448
885	1152.1	137.623
886	851.507	73.8392
887	976.736	84.2106
888	902.946	85.3109
889	778.384	80.5126
890	867.75	84.2865
891	1214.73	106.348
892	757.686	76.7639
893	1241.27	107.144
894	659.338	62.3459
895	871.632	79.1246
896	1006.73	95.0016
897	1106.56	101.029
898	724.981	72.457
899	1064.58	85.9302
900	967.306	84.6265
901	761.609	63.2781
902	1161.58	104.316
903	1050.02	89.3203
904	777.013	67.897
905	945.184	80.4769
906	767.606	64.2884
907	1168.86	110.417
908	954.223	82.3275
909	1214.17	101.639
910	1138.2	93.1317
911	1049.1	83.3031
912	1512.94	130.61
913	1526.52	112.084
914	1538.47	121.321
915	1539.08	120.122
916	1510.97	129.479
917	1554.69	129.943
918	1550.62	116.642
919	1521.44	119.929
920	1567.85	122.109
921	1524.1	131.82
922	1545.17	136.953
923	1494.57	112.945
924	1553.66	130.564
925	1593.74	141.816
926	1529.62	134.878
927	1528.6	129.591
928	1561.09	141.096
929	1509.83	124.214
930	1559.88	136.547
931	1556.4	122.972
932	1584.22	166.021
933	574.331	63.8893
934	599.019	54.9997
935	1414.57	135.787
936	952.692	72.8697
937	788.202	77.6495
938	1571.76	132.868
939	782.374	78.5826
940	631.344	59.1572
941	586.648	54.5775
942	1052.22	86.1381
943	769.632	73.4719
944	1311.36	102.846
945	1088.51	89.3475
946	976.564	84.8176
947	951.649	80.3849
948	1428.98	118.321
949	940.458	74.9963
950	1251.79	87.3076
951	1097.84	89.8933
952	978.966	90.5765
953	1085	93.9588
954	1480.19	123.647
955	1087.6	90.341
956	1139.95	90.0275
957	1160.07	101.649
958	981.228	89.1612
959	430.322	73.8274
960	1530.79	122.136
961	1609.72	126.663
962	1537.22	120.611
963	1501.68	130.234
964	1531.71	123.708
965	1521.07	132.257
966	1573.92	122.775
967	1586.14	132.948
968	1540.87	117.794
969	1533.4	130.183
970	1519.76	130.544
971	1554.05	124.243
972	1547.94	126.55
973	1480.92	114.217
974	1523.08	121.794
975	1535.03	135.513
976	1563.29	122.182
977	1594.95	136.173
978	1523.75	125.988
979	1519.87	130.703
980	1527.33	121.275
981	953.838	84.8082
982	1312.1	124.528
983	729.854	70.264
984	1137.48	86.0127
985	793.1	79.1834
986	1012.86	86.0497
987	1027.05	95.6508
988	1015.16	85.2862
989	957.182	80.078
990	1277.06	111.727
991	929.724	85.5506
992	1098.42	88.7892
993	1232.72	101.568
994	1148.32	102.263
995	759.085	60.7179
996	1007.31	88.9486
997	971.081	80.3171
998	1137.68	91.4463
999	965.455	81.7346
1000	1523.96	138.494
1001	1539.33	122.09
1002	1485.44	102.166
1003	1477.09	134.04
1004	1581.24	118.81
1005	1553.78	119.061
1006	1515.64	128.946
1007	1528.96	118.219
1008	1534.87	125.116
1009	1502.54	136.886
1010	1519.43	128.109
1011	1536.12	116.568
1012	1561.31	135.338
1013	1573.26	129.639
1014	1591.28	138.395
1015	1567.32	124.379
1016	1600.87	147.345
1017	1516.22	117.264
1018	1583.86	130.411
1019	1676.42	107.945
1020	1528.87	116.676
1021	1013.21	85.6371
1022	1000.28	97.5517
1023	1651.37	124.814
1024	1299.75	117.655
1025	1271.47	97.7754
1026	1114.32	103.038
1027	1207.81	99.7222
1028	1240.46	115.752
1029	1025.7	105.363
1030	1167.52	105.715
1031	1057.64	93.6089
1032	1080.61	99.3802
1033	1022.91	100.094
1034	1556.48	164.15
1035	1148.9	92.6631
1036	871.117	79.9752
1037	1143.36	105.137
1038	1183.84	98.1161
1039	920.105	75.8211
1040	1546.12	112.524
1041	1522.11	114.051
1042	1565.82	128.857
1043	1544.36	140.192
1044	1586.96	126.487
1045	1501.55	117.904
1046	1519.31	112.646
1047	1495.97	133.08
1048	2022.65	178.889
1049	1538.88	115.236
1050	1529.17	129.822
1051	1548.58	118.025
1052	1525.75	122.108
1053	1730.36	124.298
1054	1529.37	119.684
1055	1774.26	153.49
1056	1560.35	121.233
1057	1529.97	127.352
1058	1529.59	135.713
1059	1668.97	126.827
1060	1564.51	131.289
1061	782.7	87.8741
1062	985.566	100.021
1063	1063.84	112.125
1064	833.285	92.1668
1065	938.307	76.3883
1066	940.514	78.2699
1067	1228.48	110.677
1068	1050.9	91.5088
1069	1142.57	102.821
1070	1094.02	87.1719
1071	1201.53	112.278
1072	1159.78	103.151
1073	1041.35	89.8371
1074	784.545	92.4875
1075	1161.95	97.8467
1076	1137.99	91.1184
1077	1005.47	83.2418
1078	876.33	73.9409
1079	1136.49	101.92
1080	1792.69	136.725
1081	1521.16	104.679
1082	1584.51	147.848
1083	1545.7	123.43
1084	1501.2	120.516
1085	1545.29	124.773
1086	1531.8	118.312
1087	1519.23	113.036
1088	1572.14	130.879
1089	1472.79	118.504
1090	1554.7	133.431
1091	1535.03	135.021
1092	1534.39	135.198
1093	1523.24	121.74
1094	1546.62	117.686
1095	1523.24	140.761
1096	1527.94	137.617
1097	1531.23	129.586
1098	1566.34	122.95
1099	1523.18	119.934
1100	819.678	88.9413
1101	608.445	59.2541
1102	962.322	95.0831
1103	1552.71	114.984
1104	1047	92.2325
1105	1142.88	98.9335
1106	1420.74	136.279
1107	985.497	91.9644
1108	1497.07	145.502
1109	1537.8	120.318
1110	1152.15	112.569
1111	1127.19	135.085
1112	723.416	67.9599
1113	1003.48	81.7803
1114	711.889	74.0879
1115	1277.72	111.37
1116	762.383	64.7734
1117	904.068	74.4094
1118	1021.81	86.2454
1119	921.579	90.8324
1120	1517.7	108.06
1121	1517.36	114.823
1122	1495.94	108.771
1123	1514.12	106.389
1124	1542.68	143.184
1125	1488.13	126.717
1126	1539.63	126.872
1127	1564.51	114.707
1128	1555.25	123.725
1129	1555.34	107.024
1130	1617.28	138.513
1131	1532.13	118.144
1132	1557.15	130.206
1133	1532.81	119.144
1134	1529.74	129.428
1135	1548.48	121.106
1136	1538.59	117.546
1137	1511.71	107.747
1138	1594.48	140.007
1139	1536.05	113.963
1140	835.399	80.3068
1141	1356.44	131.571
1142	971.268	92.8093
1143	1168.93	112.93
1144	674.358	64.2249
1145	1125.27	130.798
1146	815.314	61.8138
1147	1709.85	151.665
1148	894.103	67.0555
1149	941.75	80.0109
1150	986.538	87.0357
1151	912.099	73.7901
1152	941.987	82.6289
1153	1096.79	103.309
1154	1132.62	99.8418
1155	1161.45	98.8192
1156	1062.07	90.078
1157	1364.99	112.131
1158	1054.09	84.7809
1159	1149.13	96.8929
1160	1499.57	118.375
1161	1518.44	125.345
1162	1523.18	108.19
1163	1529.1	109.837
1164	1564.51	122.216
1165	1480.98	114.106
1166	1520.5	126.315
1167	1532.36	127.25
1168	1527.2	124.04
1169	1516.45	122.153
1170	1511.12	127.715
1171	1624.08	115.935
1172	1550.72	124.347
1173	1506.37	126.663
1174	1532.77	112.023
1175	1560.87	136.605
1176	1644.9	141.141
1177	1401.71	107.895
1178	1591.94	132.974
1179	1525.41	117.066
1180	1527.52	128.723
1181	953.361	86.3298
1182	1681.31	139.64
1183	887.765	72.4622
1184	1017.34	84.7144
1185	964.827	89.5318
1186	1236.55	107.657
1187	966.118	88.5955
1188	995.887	84.2616
1189	988.161	96.9581
1190	1662.85	158.182
1191	705.918	55.5689
1192	1206.34	105.431
1193	1210.73	107.899
1194	1155.36	104.645
1195	945.234	75.6019
1196	1092.84	98.8453
1197	809.195	69.9824
1198	942.756	82.8903
1199	821.726	68.1562
1200	1496.09	117.899
1201	1527.94	117.976
1202	1538.35	130.979
1203	1515.21	122.803
1204	1536.39	124.39
1205	1535.62	123.278
1206	1510.23	121.693
1207	1571.34	131.324
1208	1543.91	123.583
1209	1536.41	132.809
1210	1495.99	131.053
1211	1514.87	127.586
1212	1531.46	125.978
1213	1543.58	136.469
1214	1556.9	166.086
1215	1548.66	111.2
1216	1796.06	174.611
1217	1537.64	135.694
1218	1520.76	120.873
1219	1539.74	114.294
1220	1474.78	115.864
1221	1373.65	133.378
1222	1357.39	122.133
1223	1091.75	91.7891
1224	1404.3	120.888
1225	787.449	75.2543
1226	1141.15	89.0033
1227	1530.13	125.916
1228	1093.64	96.6399
1229	1033.3	110.94
1230	1195.66	92.9303
1231	1055.38	86.0846
1232	1002.6	87.7825
1233	896.983	75.1228
1234	933.684	82.7307
1235	1093.7	84.4255
1236	1287.61	102.076
1237	943.239	74.0685
1238	826.827	72.0118
1239	852.723	66.825
1240	1470.39	118.412
1241	1515.72	119.45
1242	1547.03	111.019
1243	1496.73	112.34
1244	1577.84	123.6
1245	1541.24	139.408
1246	1522.65	116.741
1247	1539.97	130.063
1248	1495.62	125.071
1249	1968.28	159.666
1250	1528.35	140.69
1251	1646.39	142.548
1252	1560.7	131.598
1253	1529.19	120.275
1254	1521.42	120.642
1255	1512.4	116.999
1256	1525.12	115.801
1257	1515.44	104.16
1258	1541.93	115.793
1259	1542.82	115.785
1260	850.744	76.8874
1261	979.729	96.4272
1262	870.063	73.0017
1263	793.322	77.1879
1264	1083.54	84.4802
1265	732.582	99.6887
1266	1011.12	96.671
1267	1660.62	146.781
1268	1014.59	89.0216
1269	1173.91	94.4346
1270	848.191	77.6479
1271	1145.58	92.164
1272	1108.68	87.5421
1273	935.197	74.9646
1274	1006.43	80.8571
1275	805.127	68.8902
1276	744.827	61.0921
1277	758.668	65.5537
1278	932.799	70.6954
1279	822.98	72.1041
1280	1512.04	113.763
1281	1501.35	112.517
1282	1536.15	113.885
1283	1544.89	129.857
1284	1569.72	141.779
1285	1545.5	133.88
1286	1813.08	135.715
1287	1528.27	112.708
1288	1537.02	120.837
1289	1218.35	113.115
1290	1532.79	118.948
1291	1517.16	109.598
1292	1530.79	120.276
1293	1540.35	115.318
1294	1560.29	136.75
1295	1517.12	112.746
1296	1556.37	122.854
1297	1539.5	146.694
1298	1489.58	115.513
1299	1542.79	125.944
1300	1569.85	128.435
1301	1574.36	124.803
1302	1456.02	113.18
1303	1504.85	116.781
1304	1496.48	111.398
1305	1547.73	132.785
1306	1594.83	132.658
1307	1588.15	131.838
1308	897.084	72.3084
1309	1612.12	157.376
1310	1426.82	140.459
1311	911.106	91.6835
1312	1048.99	102.094
1313	1139.88	102.289
1314	919.665	77.232
1315	852.701	79.5137
1316	907.861	68.1671
1317	965.509	85.5778
1318	970.501	92.1418
1319	1017.5	90.9063
1320	692.462	62.6377
1321	910.971	76.3945
1322	825.61	75.5843
1323	666.41	58.8896
1324	858.007	76.8279
1325	785.04	69.7358
1326	1536.9	111.136
1327	796.741	68.5331
1328	1536.08	118.622
1329	1536.98	120.67
1330	1489.43	119.086
1331	1523.57	119.728
1332	1580.42	136.19
1333	1492.31	111.39
1334	1524.88	109.945
1335	1546.32	137.965
1336	1562.94	134.985
1337	1561.84	138.018
1338	1556.66	132.39
1339	1540.7	115.515
1340	1499.2	125.929
1341	1526.66	133.852
1342	1517.95	112.893
1343	1528.25	130.839
1344	1534.15	127.098
1345	1516.91	128.819
1346	1528.51	118.979
1347	1530.35	124.044
1348	1489.94	122.809
1349	1521.89	128.581
1350	1483.8	111.182
1351	1524.01	108.714
1352	1538.34	127.665
1353	1548.77	119.732
1354	1557.02	140.378
1355	1522.35	128.875
1356	834.236	85.5937
1357	749.27	75.6939
1358	834.939	70.6487
1359	706.037	62.4097
1360	906.507	75.0008
1361	776.608	75.6869
1362	1024.6	86.1687
1363	1193.16	109.456
1364	866.087	77.274
1365	716.548	61.3552
1366	951.739	90.329
1367	710.59	68.9226
1368	774.309	70.9452
1369	575.149	52.9201
1370	974.365	72.2003
1371	1094.98	91.7706
1372	978.057	93.7679
1373	1125.65	91.9314
1374	1088.65	106.11
1375	755.65	70.6207
1376	1535.15	108.338
1377	1539.46	125.122
1378	1566.96	114.639
1379	1478.16	108.422
1380	1554.2	115.804
1381	1553.79	117.211
1382	1549.01	127.132
1383	1565.13	140.165
1384	1535.55	129.641
1385	1503.64	112.93
1386	1539.68	123.138
1387	1532.21	122.932
1388	1553.11	126.659
1389	1597.06	124.656
1390	1581.48	126.718
1391	1545.85	114.825
1392	1531.24	122.471
1393	1445.49	106.348
1394	1513.07	120.359
1395	1511.83	105.175
1396	1536.41	118.187
1397	1539.66	122.224
1398	1575.44	140.737
1399	1526.18	108.541
1400	1558.11	127.147
1401	1547.75	131.202
1402	1508.96	121.745
1403	1525.39	120.435
1404	772.812	73.8292
1405	1064.38	109.885
1406	923.209	87.0703
1407	776.214	71.8471
1408	1004.84	81.3953
1409	872.932	77.1307
1410	1272.99	113.703
1411	1219.53	116.957
1412	923.415	67.0516
1413	864.411	82.6267
1414	848.42	76.4186
1415	945.288	72.7631
1416	742.106	64.8159
1417	772.931	72.3342
1418	1051.1	98.8926
1419	928.818	64.6378
1420	1092.65	95.5766
1421	957.367	78.3423
1422	1191.8	101.062
1423	892.665	79.198
1424	1535.9	119.942
1425	1531.24	117.88
1426	1557.07	124.552
1427	1518.76	113.68
1428	1550.44	127.301
1429	1489.29	117.458
1430	1621.54	119.528
1431	1511.32	110.128
1432	1508.72	118.405
1433	1501.33	121.975
1434	1563.01	117.339
1435	1539.99	123.857
1436	1524.63	120.23
1437	1665.63	142.369
1438	1577.05	122.668
1439	1558.49	122.327
1440	1563.98	132.082
1441	1601.98	122.43
1442	1520.4	117.587
1443	1550.51	136.431
1444	1550.47	123.61
1445	1546.7	135.831
1446	1543.58	123.421
1447	1573.47	127.568
1448	1548.05	128.888
1449	1584.54	124.706
1450	1562.57	121.322
1451	1531.58	114.425
1452	1510.24	113.487
1453	905.769	74.3365
1454	839.868	80.2188
1455	1080.18	92.6494
1456	811.07	66.3922
1457	1238.85	138.865
1458	948.651	82.4177
1459	708.14	65.6741
1460	1215.26	115.742
1461	864.172	79.8361
1462	907.642	81.7805
1463	573.936	56.59
1464	818.757	74.838
1465	1530.46	143.173
1466	862.978	75.0496
1467	919.257	79.9498
1468	847.487	84.2515
1469	971.872	81.5745
1470	1055.67	88.2997
1471	761.757	67.7788
1472	1551.76	114.455
1473	1573.57	118.136
1474	1524.56	122.054
1475	1502.83	104.422
1476	1585.8	141.58
1477	1512.72	120.606
1478	1580.21	126.813
1479	1533.36	114.364
1480	1514.59	116.344
1481	1618.63	170.859
1482	1557	121.628
1483	1530.11	115.712
1484	1542.58	125.163
1485	1541.52	110.122
1486	1493.7	134.216
1487	1527.73	120.802
1488	1980.57	170.557
1489	1625.49	123.945
1490	1538.85	122.203
1491	1524.06	137.219
1492	1530.17	128.104
1493	1555.62	131.773
1494	1552.55	127.112
1495	1569.63	123.751
1496	1557.48	113.506
1497	1531.28	121.556
1498	1151.99	94.0027
1499	1556.37	118.143
1500	1169.55	108.078
1501	864.833	79.2547
1502	1145.6	101.728
1503	1025.2	90.687
1504	1702.62	152.41
1505	1358.5	114.436
1506	1143.92	91.5923
1507	809.927	75.3705
1508	1229.69	108.923
1509	962.652	92.4261
1510	1543.22	107.092
1511	1056.81	95.238
1512	975.359	78.3174
1513	956.4	77.7862
1514	1069.35	92.8834
1515	1068.9	94.2259
1516	911.337	72.3523
1517	1012.12	81.1344
1518	1011.23	87.1391
1519	922.278	72.8778
1520	1484.84	115.616
1521	1487	118.139
1522	1552.55	119.502
1523	1557.43	124.735
1524	898.267	72.5784
1525	1506.22	113.123
1526	1541.38	118.411
1527	1566.33	117.296
1528	1524.06	115.95
1529	1538.9	117.017
1530	1548.94	130.411
1531	1508.07	113.962
1532	1310.67	98.4662
1533	1711.37	133.564
1534	1475.89	131.255
1535	1564.8	121.257
1536	1530.38	118.048
1537	1529.67	111.759
1538	1534.08	114.186
1539	1497.14	119.369
1540	1586.06	120.863
1541	1531.66	122.862
1542	1512.32	103.178
1543	1536.93	119.274
1544	1540.08	121.553
1545	1533.91	113.557
1546	1502.48	125.874
1547	1602.8	123.371
1548	1362.2	122.42
1549	1185.02	95.9208
1550	1198.29	109.851
1551	1034.38	88.7868
1552	1244.13	105.357
1553	1146.3	98.8479
1554	1228.92	101.962
1555	1159.5	100.854
1556	1060.31	87.7627
1557	848.24	72.4551
1558	1059.01	103.377
1559	1168.47	103.268
1560	1075.81	82.3128
1561	1227.09	97.5545
1562	1017.98	87.0359
1563	1097.38	81.4646
1564	990.547	83.2689
1565	925.13	73.5377
1566	924.737	79.3631
1567	1085.9	99.6296
1568	1519.4	102.183
1569	1559.22	122.269
1570	1513.35	108.113
1571	1498.29	111.811
1572	1566.11	114.429
1573	1508.64	106.623
1574	1539.31	134.593
1575	1533.97	116.637
1576	1518.97	104.531
1577	1522.79	107.305
1578	1522.06	102.388
1579	1512.35	115.784
1580	1839.66	153.563
1581	1413.95	116.291
1582	1541.34	140.757
1583	1541.14	128.431
1584	1600.8	117.613
1585	1529.8	114.216
1586	1503.94	112.309
1587	1531.3	125.593
1588	1541.63	123.424
1589	1539.36	120.734
1590	1514.55	108.423
1591	1543.53	118.766
1592	1586.91	126.924
1593	1549.82	117.85
1594	1520.66	116.789
1595	1535.05	110.674
1596	1191.78	103.703
1597	1147.52	99.8065
1598	1086.63	100.432
1599	1354	117.077
1600	965.136	82.0375
1601	1015.95	88.9438
1602	1557.71	124.941
1603	1067.36	93.3363
1604	1016.88	87.1888
1605	1298.58	109.961
1606	1139.29	100.437
1607	1194.45	93.677
1608	1015.41	89.9977
1609	966.198	89.1531
1610	1006.41	92.5129
1611	1070.45	90.9224
1612	1537.14	124.934
1613	1065.93	86.1551
1614	1016.03	85.7969
1615	1053.48	88.5543
1616	1584.61	106.159
1617	1523.74	120.752
1618	1525.82	115.17
1619	1505.7	123.118
1620	1592.6	126.407
1621	1579.59	123.804
1622	1511.44	95.6875
1623	1561.66	148.307
1624	1542.97	117.783
1625	1569.92	125.306
1626	1549	112.968
1627	1558.53	123.136
1628	1530.22	130.52
1629	1506.71	124.277
1630	1520.83	110.963
1631	1227.41	105.206
1632	1548.39	122.123
1633	1557.11	126.221
1634	1557.62	122.84
1635	1500.57	108.56
1636	1549.72	125.138
1637	1603.92	131.158
1638	1446.78	111.054
1639	1506.48	101.162
1640	1536.91	133.626
1641	1542.64	114.288
1642	1595.97	140.44
1643	1510.93	121.506
1644	1057.77	92.0623
1645	911.431	76.2303
1646	1098.56	91.7823
1647	1346.63	149.813
1648	1141.86	86.9169
1649	859.116	69.5053
1650	1205.23	104.097
1651	915.244	80.0174
1652	1094.16	94.7933
1653	1503.72	110.463
1654	1122.58	91.5999
1655	785.176	62.0383
1656	1037.26	87.7238
1657	1132.44	83.0107
1658	1066.35	88.3812
1659	1197.19	100.191
1660	1147.33	97.6134
1661	871.702	66.0101
1662	1226.6	100.678
1663	1012.8	81.8814
1664	1491.72	110.969
1665	1556.93	123.199
1666	1516.27	107.431
1667	1557.94	123.343
1668	1513.9	120.89
1669	1554.18	137.438
1670	1541.98	115.925
1671	1530.22	116.204
1672	1571.38	130.417
1673	1598.27	116.767
1674	1541.34	121.193
1675	1518.89	119.734
1676	1558	127.812
1677	1536.28	125.699
1678	1585.96	125.664
1679	1507.83	116.955
1680	1576.23	115.675
1681	1563.27	121.069
1682	1558.71	123.246
1683	1785.77	154.09
1684	1294.52	101.746
1685	1631.6	141.694
1686	1888.38	134.246
1687	1467.45	106.756
1688	260.065	0.249667
1689	1552.66	121.437
1690	1567.64	156.867
1691	1524.17	130.337
1692	1226.14	92.1101
1693	1147.61	88.6098
1694	1271.75	102.145
1695	1223.88	105.219
1696	1108.54	95.0285
1697	1144.88	106.226
1698	1048.29	89.5907
1699	854.982	75.3403
1700	1072.49	91.9137
1701	1205.77	90.1157
1702	961.142	83.2364
1703	1066.01	93.9301
1704	1048.44	88.3558
1705	1051.16	82.3429
1706	945.287	73.9266
1707	1238.17	99.7079
1708	1391.89	133.933
1709	1121.89	90.2059
1710	1062.88	89.7211
1711	1514.61	125.772
1712	1672.73	117.632
1713	1537.33	138.907
1714	1545.94	115.802
1715	1595.56	114.626
1716	1532.15	125.208
1717	1534.98	112.423
1718	1548.11	116.628
1719	1524.79	108.664
1720	1506.8	119.523
1721	1550.59	133.51
1722	1652.51	115.59
1723	1527.42	118.109
1724	1525.84	112.792
1725	1513.57	113.288
1726	1577.31	129.358
1727	1549.86	127.916
1728	1545.77	128.087
1729	1533.66	105.037
1730	1545.27	121.264
1731	1518.26	118.1
1732	1396.52	117.797
1733	1927.76	145.004
1734	1664.19	122.933
1735	1216.72	96.143
1736	1544.41	114.233
1737	1541.34	123.075
1738	1569.56	125.951
1739	1575.82	133.714
1740	965.397	81.0005
1741	1054.7	87.0741
1742	1440.91	118.993
1743	1165.17	107.217
1744	940.974	80.8755
1745	886.215	68.8139
1746	787.564	70.6538
1747	966.73	83.2926
1748	1032.62	84.5708
1749	901.609	66.9911
1750	1218.77	104.304
1751	951.322	80.7119
1752	1007.32	106.799
1753	903.678	90.6166
1754	1140.34	90.6136
1755	674.588	61.694
1756	948.3	73.7204
1757	770.716	69.3167
1758	1154.54	88.7125
1759	863.182	69.856
1760	1562.53	125.7
1761	1477.61	103.755
1762	1527	111.843
1763	1490.85	119.502
1764	1521.54	125.812
1765	1669.78	137.312
1766	1476.51	107.416
1767	1535.29	122.216
1768	1525.51	117.23
1769	1516.8	115.786
1770	1536.55	120.716
1771	1568.58	129.605
1772	1545.69	112.206
1773	1550.77	115.934
1774	1537.82	117.857
1775	1539.66	117.581
1776	1546.2	108.662
1777	1526.09	123.766
1778	1535.45	110.355
1779	1550.37	130.888
1780	1508.53	118.126
1781	1399.46	111.423
1782	1520.04	114.917
1783	1704.96	124.678
1784	2423.41	177.841
1785	1543.55	121.639
1786	1542.93	114.062
1787	1514.98	108.919
1788	958.022	86.8447
1789	1126.05	101.127
1790	451.785	71.1936
1791	1133.64	100.218
1792	970.461	87.7488
1793	1218.64	94.5458
1794	835.719	72.8754
1795	981.448	82.9694
1796	1157.01	107.894
1797	1099.4	99.0434
1798	1234.18	96.7088
1799	479.597	93.4059
1800	889.299	71.0881
1801	983.385	92.623
1802	1041.05	89.9364
1803	1041.74	82.6948
1804	1009.35	84.6635
1805	943.173	76.2055
1806	1042.78	87.0885
1807	1004.8	85.9233
1808	1548.76	123.462
1809	1539.17	125.528
1810	1558.29	119.353
1811	1547.76	112.015
1812	1517.41	108.84
1813	1511.71	132.804
1814	1515.74	109.978
1815	1480.3	116.06
1816	1527.22	125.646
1817	1577.78	126.355
1818	1542.4	134.378
1819	1577.19	124.33
1820	1509.5	116.554
1821	1538.75	123.174
1822	1521.32	126.715
1823	1603.74	123.097
1824	1549.59	133.739
1825	1470.96	113.437
1826	1513.77	135.134
1827	1541.92	118.165
1828	1507.68	113.937
1829	1798.31	134.054
1830	1632.35	115.688
1831	1355.83	113.022
1832	1549.66	115.912
1833	1534.16	124.705
1834	1515.26	109.804
1835	1534.56	131.511
1836	1055.13	88.9211
1837	1010.99	91.5138
1838	962.86	77.5003
1839	998.986	81.789
1840	966.314	82.071
1841	975.256	88.1056
1842	1108.83	100.922
1843	963.968	85.2543
1844	1260.48	132.967
1845	959.59	86.0008
1846	1132.49	94.1214
1847	831.658	83.5361
1848	1172.33	106.996
1849	1003.61	91.4557
1850	1426.07	114.762
1851	1007.08	86.4178
1852	1123.99	107.288
1853	1147.88	99.7511
1854	1095.56	94.149
1855	1060.41	100.525
1856	1527.35	113.15
1857	1541.04	125.326
1858	1552.8	117.778
1859	1519.56	104.108
1860	1567.17	134.264
1861	1527.38	118.267
1862	1526.02	115.691
1863	1557.84	122.293
1864	1555.93	123.292
1865	1520.74	119.145
1866	1544.84	118.5
1867	1558.47	128.482
1868	1531.38	123.646
1869	1551.81	114.984
1870	1536.62	125.271
1871	1510.6	118.907
1872	1531.93	121.212
1873	1533.47	110.821
1874	1545.16	126.022
1875	1567.57	132.23
1876	1558.93	120.23
1877	1378.47	103.775
1878	1544.77	127.782
1879	1926.18	141.876
1880	1557.19	145.762
1881	1567.76	127.231
1882	1541.39	109.672
1883	1543.28	117.961
1884	1552.25	148.559
1885	981.709	80.6316
1886	968.64	82.9111
1887	1024.59	92.4455
1888	958.125	80.266
1889	816.394	68.8669
1890	857.95	69.7876
1891	907.499	78.948
1892	835.75	76.1448
1893	948.749	76.9777
1894	952.335	81.981
1895	809.96	70.2292
1896	1017.95	80.539
1897	850.114	66.6245
1898	406.347	67.1159
1899	387.482	61.1573
1900	833.023	75.9114
1901	1054.32	91.8173
1902	970.716	87.2522
1903	1530.64	113.305
1904	1523.71	116.048
1905	1556.92	113.049
1906	1545.71	121.957
1907	1570.5	122.83
1908	1534.6	110.199
1909	1544.8	119.266
1910	1545.93	124.784
1911	1540	129.417
1912	1535.56	111.548
1913	1499.62	118.862
1914	1560.66	124.444
1915	1549.38	121.658
1916	1604.12	146.173
1917	1532.65	115.128
1918	1529.51	114.723
1919	1532.61	129.357
1920	1544.94	109.963
1921	1545.55	121.9
1922	1525.61	109.871
1923	1539.22	110.819
1924	1464.17	132.737
1925	1468.89	116.032
1926	1592.41	124.971
1927	1378.18	117.082
1928	1562.28	111.547
1929	1519.78	108.957
1930	1539.21	122.407
1931	1588.4	127.329
1932	781.703	64.3919
1933	907.815	67.2482
1934	1130.53	90.8542
1935	800.302	76.7623
1936	911.862	78.6089
1937	897.715	75.4946
1938	950.784	92.2885
1939	811.506	69.4742
1940	1511.65	116.94
1941	1315.14	102.461
1942	1352.22	123.274
1943	749.943	62.0075
1944	1231.38	115.235
1945	1020.81	87.4744
1946	783.241	73.4794
1947	967.515	80.2076
1948	1136.55	95.8674
1949	856.833	70.0325
1950	1054.87	98.6611
1951	849.687	71.0489
1952	1560.05	139.104
1953	1580.91	137.93
1954	1529.27	111.07
1955	1628.06	133.872
1956	1554.64	121.14
1957	1543.38	115.147
1958	1586.52	121.416
1959	1501.02	107.353
1960	1498.3	116.881
1961	1543.96	118.027
1962	1559.49	117.105
1963	1532.42	118.753
1964	1766.63	157.606
1965	1538.93	115.064
1966	1521.31	133.066
1967	1577.54	133.686
1968	1681.3	121.324
1969	1541.08	127.079
1970	1550.62	114.746
1971	1551.09	128.788
1972	1551.52	114.22
1973	1539.89	121.328
1974	1545.9	115.075
1975	1520.66	118.709
1976	1550.12	112.025
1977	1541.28	117.527
1978	1539.38	116.731
1979	1515.23	121.251
1980	897.533	85.1923
1981	974.634	82.8791
1982	1142.65	97.7805
1983	1148.29	97.825
1984	926.712	73.0949
1985	855.617	72.3799
1986	1527.97	106.41
1987	1535.54	117.318
1988	871.308	71.7347
1989	842.49	75.8648
1990	866.572	69.6181
1991	879.405	65.2672
1992	1249.5	113.016
1993	916.924	82.8205
1994	883.946	67.7546
1995	999.67	77.6676
1996	1081.99	96.4839
1997	1170.55	92.8566
1998	862.625	63.5099
1999	780.997	62.7619
2000	1528.81	115.722
2001	1569.02	121.082
2002	1550.89	126.002
2003	1548.64	128.756
2004	1570.34	114.706
2005	1544.31	127.054
2006	1474	113.862
2007	1538.91	118.219
2008	1591.48	123.066
2009	1526.56	116.223
2010	1608	135.565
2011	1484.51	115.014
2012	1518.05	118.447
2013	1633.93	128.673
2014	1516.1	117.566
2015	1542.38	126.867
2016	1546.28	104.539
2017	1534.93	111.725
2018	1538.46	120.195
2019	1624.19	128.207
2020	1559.97	120.146
2021	1608.96	121.313
2022	1522.17	109.373
2023	1540.56	127.348
2024	1545.76	122.981
2025	1540.22	116.086
2026	1573.85	111.794
2027	1613.14	147.845
2028	944.897	78.9641
2029	1024.83	99.9868
2030	853.83	79.569
2031	1028.09	83.1776
2032	1011.66	97.6646
2033	1088.63	99.4056
2034	946.852	68.6833
2035	1307.28	96.6347
2036	963.696	72.4541
2037	1029.54	94.171
2038	990.272	93.5916
2039	774.08	72.0818
2040	1342.28	112.035
2041	803.693	71.0629
2042	1057.91	96.576
2043	1000.88	86.4587
2044	1319.75	125.553
2045	1085.34	90.0403
2046	1399.03	134.438
2047	870.224	75.3913
2048	1552.78	123.888
2049	1598.1	131.938
2050	1518.59	112.721
2051	1500.05	104.948
2052	1550.9	129.396
2053	1503.03	105.506
2054	1540.01	101.167
2055	1551.49	114.613
2056	1543.92	115.552
2057	1489.83	115.277
2058	1601.24	119.032
2059	1514.06	115.295
2060	1642.11	143.483
2061	1549.42	131.201
2062	1579.09	127.1
2063	1543.65	127.1
2064	1514.23	112.483
2065	1546.14	119.633
2066	1556.04	135.942
2067	1550.97	122.786
2068	1561.41	120.666
2069	1580.66	105.745
2070	1504.62	105.235
2071	1421.79	113.229
2072	1622.29	122.173
2073	1572.12	123.68
2074	1548.7	128.769
2075	1588.06	118.817
2076	901.816	69.8708
2077	867.127	80.5797
2078	941.66	75.8047
2079	1197.58	97.0591
2080	974.25	87.1164
2081	1371.36	117.026
2082	1129.99	87.4431
2083	948.32	76.7921
2084	966.572	88.9233
2085	705.193	57.1073
2086	873.725	79.1108
2087	863.772	77.832
2088	770.013	70.1632
2089	862.976	72.8095
2090	1100	106.107
2091	1022.5	86.4882
2092	943.924	90.0228
2093	927.236	76.4221
2094	867.387	74.7967
2095	638.955	61.4794
2096	1553.81	119.814
2097	1536.68	121.23
2098	1530.15	121.066
2099	1528.08	116.197
2100	1556.3	125.911
2101	1546.9	116.321
2102	1518.85	112.751
2103	1560.74	111.407
2104	1541.16	118.489
2105	1553.57	119.385
2106	1573.94	123.039
2107	1542.01	125.065
2108	1570.16	124.576
2109	1563.08	122.185
2110	1547.88	109.149
2111	1554.92	108.229
2112	1540.28	123.225
2113	300.065	0.240402
2114	1552.64	122.679
2115	1620.04	137.554
2116	1532.12	112.057
2117	1573.62	115.03
2118	1594.05	135.189
2119	1649.56	130.345
2120	1506.15	133.319
2121	1561.98	117.185
2122	1566.41	131.107
2123	1554.95	127.075
2124	1148.42	100.926
2125	1147.99	103.78
2126	942.655	79.2453
2127	1153.59	102.709
2128	689.797	68.8769
2129	1001.3	85.2245
2130	1013.7	89.9724
2131	946.926	92.757
2132	975.016	98.1228
2133	905.421	76.4979
2134	917.781	80.5597
2135	948.461	85.1067
2136	1166.34	95.8708
2137	1086.78	89.077
2138	1143.63	89.7661
2139	2899.31	262.623
2140	1055.1	85.2015
2141	1238.29	101.899
2142	1209.07	146.976
2143	940.961	78.9461
2144	1511.03	165.616
2145	1541.09	129.534
2146	1615	128.398
2147	1554.58	119.949
2148	1541.95	118.909
2149	1521.85	118.514
2150	1529.14	135.139
2151	1552.89	105.945
2152	1561.18	132.337
2153	1649.74	132.112
2154	1579.8	136.275
2155	1504.03	127.688
2156	1541.77	137.51
2157	1510.3	110.682
2158	1547.14	127.994
2159	1552.01	117.597
2160	1573.96	121.315
2161	1579.78	145.433
2162	1558.98	115.185
2163	1499.53	114.904
2164	1596.62	123.898
2165	1570.07	125.799
2166	1539.73	120.795
2167	1444.32	110.235
2168	1542.26	127.721
2169	1723.31	134.885
2170	1572.46	138.526
2171	1530.78	129.378
2172	1408.82	117.203
2173	1058.33	85.9009
2174	631.246	54.2895
2175	900.946	72.2034
2176	1012.99	86.5942
2177	1208	98.583
2178	776.669	68.8185
2179	776.558	74.9483
2180	951.743	73.3053
2181	949.847	79.4092
2182	1124	89.9475
2183	934.664	85.6149
2184	1231.89	105.159
2185	1080.6	93.8752
2186	1607.95	127.634
2187	938.535	82.8858
2188	1012.29	80.6804
2189	636.315	60.2959
2190	1492.41	129.692
2191	774.036	69.8409
2192	1592.94	110.13
2193	1523.19	111
2194	1563.82	137.189
2195	1565.18	110.185
2196	1538.28	119.614
2197	1572.25	123.54
2198	1583.11	124.597
2199	1589.83	111.848
2200	2255.14	182.968
2201	1536.22	125.677
2202	1514.17	112.423
2203	1532.5	130.84
2204	1543.64	125.924
2205	1570.87	118.731
2206	1542.94	111.251
2207	1552.17	121.855
2208	1523.11	124.315
2209	1586.12	135.736
2210	1532.65	107.023
2211	1571	122.589
2212	1540.9	112.51
2213	1546.62	113.894
2214	1542.96	117.151
2215	1642.93	135.499
2216	1588.24	129.18
2217	1527.44	107.655
2218	1563.06	102.896
2219	1587.62	133.67
2220	1123.62	99.8104
2221	593.501	63.2604
2222	1509.9	111.02
2223	1543.71	124.633
2224	934.353	82.3122
2225	945.649	91.9684
2226	683.502	65.2261
2227	1192.67	122.639
2228	778.089	68.6132
2229	1254.37	123.384
2230	942.213	77.155
2231	912.524	80.1065
2232	1169.97	102.636
2233	1198.05	90.5621
2234	995.095	89.801
2235	1032.18	81.7914
2236	802.259	63.9959
2237	980.737	86.3838
2238	946.577	85.7618
2239	727.938	66.5183
2360	1551.91	110.791
2361	1446.95	111.317
2362	1577.66	101.688
2363	1531.97	121.967
2364	1500.72	101.068
2365	1543.93	115.051
2366	1540.83	117.709
2367	1555.41	118.672
2368	1524.66	123.89
2369	1502.31	119.483
2370	1543.66	106.93
2371	1550.9	119.795
2372	1542.19	121.539
2373	1557.74	109.306
2374	1521.95	116.128
2375	1500.47	116.653
2376	1547.67	115.114
2377	1524.23	118.674
2378	1512.53	118.732
2379	1509.6	119.118
2380	1511.04	117.026
2381	1552.13	116.908
2382	1532.77	106.177
2383	1543.86	127.185
2384	1525.81	115.178
2385	1511.4	104.856
2386	1531.69	105.189
2387	1509.94	92.2173
2388	1525.41	124.803
2389	1517.53	109.415
2390	1578.24	116.028
2391	1542.88	107.768
2392	1530.54	118.329
2393	1542.43	111.719
2394	1508.25	105.662
2395	1556.04	117.959
2396	1551.41	108.686
2397	1699.1	125.148
2398	1504.04	100.601
2399	1525.49	110.138
2400	1529.01	121.295
2401	1530.21	104.176
2402	1546.65	113.259
2403	1537.1	113.911
2404	1487.27	111.366
2405	1505.08	116.764
2406	1533.77	127.706
2407	1534.35	89.6754
2408	1558	110.039
2409	1555.78	108.706
2410	1518.54	106.043
2411	1543.09	117.291
2412	1538.04	116.676
2413	1544.75	127.308
2414	1600.48	124.924
2415	1585.99	121.412
2416	1527.74	107.194
2417	1715.5	126.267
2418	1533.31	117.162
2419	1552.07	113.854
2420	1521.59	101.815
2421	1529.21	114.987
2422	1910.49	147.323
2423	1526.22	123.915
2424	1476.08	119.045
2425	1572.99	108.143
2426	1527.46	120.828
2427	1523.65	111.654
2428	1868.28	135.157
2429	1757.11	110.832
2430	1523.21	127.285
2431	1545.69	118.156
2432	1521.87	105.687
2433	1530.6	113.304
2434	1662.39	120.108
2435	1395.18	117.424
2436	1551.24	122.187
2437	1519.57	113.258
2438	1502.95	109.88
2439	1533.34	110.831
2440	1500.46	108.298
2441	1551.6	112.277
2442	1559.05	106.362
2443	1521.08	105.796
2444	1506	99.1037
2445	1526.9	120.634
2446	1545.31	110.973
2447	1525.93	109.603
2448	1522.61	117.773
2449	1534.43	113.471
2450	1528.63	108.133
2451	1534.64	116.919
2452	1528.9	119.441
2453	1566.56	115.552
2454	1516.03	123.99
2456	1650.06	111.763
2457	1669.63	125.525
2458	1526.35	107.943
2459	1532.22	112.838
2460	1526.2	120.461
2461	1538.36	120.408
2462	1537.8	121.045
2463	1555.75	111.741
2464	1533.62	106.727
2465	1536.18	118.27
2466	1502.67	109.011
2467	1545.79	128.116
2468	1525.21	103.271
2469	1511.99	108.862
2470	1538.67	113.307
2471	1508.92	107.053
2472	1575.36	107.544
2473	1526.24	104.835
2474	1857.72	137.623
2475	1552.71	107.884
2476	1539.16	109.212
2477	1535.04	111.394
2478	1521.08	106.361
2479	1535.98	107.998
2480	1531.74	116.463
2481	1538.99	112.496
2482	1535.26	117.96
2483	1538.21	116.107
2484	1586.46	115.464
2485	1513.44	110.439
2486	1535.98	106.454
2487	1509.81	108.34
2488	1547.48	122.574
2489	1538.62	113.524
2490	1536.24	123.265
2491	1551.54	124.232
2492	1498.39	97.6511
2493	1570.96	106.64
2494	1524.4	118.282
2495	1486.56	106.029
2496	1543.21	121.353
2497	1554.42	110.717
2498	1556.73	112.739
2499	1526.62	108.879
2500	1584.67	98.7397
2501	1514.47	101.022
2502	1531.11	117.891
2503	1589.45	109.279
2504	1505.3	105.873
2505	1499.31	102.752
2506	1516.11	104.18
2507	1518.65	116.383
2508	1572.07	118.183
2509	1557.84	113.398
2510	1526.45	118.748
2511	1553.46	112.338
2512	1517.4	107.604
2513	1533.53	96.465
2514	1544.18	104.807
2515	1532.92	115.698
2516	1519.48	108.568
2517	1520.53	93.915
2518	1545.65	111.14
2519	1552.89	114.484
2520	1552.2	119.257
2521	1526.24	114.589
2522	1543	109.376
2523	1529.97	110.176
2524	1497.96	99.3072
2525	1549.8	124.417
2526	1353.39	95.9008
2527	1531.67	112.325
2528	1521.16	104.718
2529	1526.96	113.823
2530	1563.92	110.171
2531	1516.52	116.566
2532	1582.49	119.252
2533	1552.47	115.09
2534	1552.4	111.805
2535	1531.07	103.964
2536	1539.72	117.24
2537	1590.38	109.777
2538	1520.95	119.874
2539	1586.76	119.548
2540	1759.42	130.421
2541	1520.06	106.038
2542	1530.71	105.193
2543	1539.88	113.642
2544	1559.59	120.053
2545	1529.96	115.243
2546	1549.66	112.78
2547	1538.72	101.672
2548	1529.05	121.429
2549	1507.44	106.346
2550	1324.1	97.6588
2551	1568.18	111.133
2552	1550.82	109.369
2553	1525.06	106.044
2554	1522.49	110.033
2555	1550.82	112.551
2556	1522.35	108.693
2557	1485.93	106.713
2558	1524.38	104.785
2559	1562.04	117.477
2560	1517.58	96.0018
2561	1520.6	110.83
2562	1537.67	115.529
2563	1658.26	111.964
2564	1530.8	111.278
2565	1538.09	104.784
2566	1543.82	110.653
2567	1707.13	116.836
2568	1539.07	114.747
2569	1638.95	114.378
2570	1560.86	116.076
2571	1569.45	104.815
2572	1541.26	105.392
2573	1536.63	106.154
2574	1509.93	111.97
2575	1515.88	109.504
2576	1543.81	113.429
2577	1559.78	109.86
2578	1550.74	104.845
2579	1550.55	115.78
2580	1676.73	108.927
2581	1595.6	120.494
2582	1577.35	103.585
2583	1529.53	112.865
2584	1555.47	105.971
2585	1572.84	106.325
2586	1521.58	108.877
2587	1520.11	108.877
2588	1519.61	101.416
2589	1527.28	115.3
2590	1615.65	119.886
2591	1566.67	108.81
2592	1558.03	105.807
2593	1539.7	114.022
2594	1571.95	116.486
2595	1506.09	108.661
