0	1148.92	100.054
1	1158.12	97.9367
2	1662.17	147.324
3	1182.56	100.223
4	1285.91	114.733
5	1164.11	104.642
6	860.506	75.8048
7	1206.59	110.516
8	1167.61	98.1668
9	1169.28	104.255
10	1154.88	123.21
11	1353.71	153.067
12	1174.76	102.144
13	1504.78	127.325
14	1277.61	103.224
15	1179.94	102.892
16	1508.49	120.984
17	1210.75	115.123
18	1192.74	106.909
19	1286.7	131.139
20	1490.36	113.177
21	1157.9	105.302
22	1038.27	91.113
23	891.236	82.1988
24	812.828	75.8624
25	1167.16	107.538
26	1042.87	84.7182
27	866.808	77.5108
28	1128.95	109.025
29	1034.13	92.1585
30	1041.34	82.3095
31	947.006	86.2668
32	1191.26	109.492
33	1047.17	94.7154
34	1163.96	100.472
35	1160.53	114.437
36	757.975	59.4828
37	1159.34	100.094
38	974.957	84.1857
39	970.311	86.7214
40	964.856	87.1976
41	940.575	77.1702
42	1147.71	92.089
43	872.552	74.4793
44	811.109	81.9076
45	736.381	53.8988
46	789.008	71.4878
47	1176.75	92.5536
48	1150.52	96.1991
49	1176.82	100.373
50	1181.71	97.725
51	1169.23	99.4748
52	1151.9	88.5932
53	1244.18	101.582
54	1568.65	137.024
55	1159	94.1311
56	1158.02	97.138
57	1204.02	106.025
58	1184.56	107.578
59	1502.08	115.168
60	1158.85	94.5107
61	1373.36	117.93
62	1169.18	98.7665
63	1170.88	108.588
64	1145.46	97.8305
65	1364.4	121.357
66	1282.72	109.84
67	1321.22	104.507
68	1172.78	99.5809
69	1060.11	93.1412
70	987.917	99.1091
71	898.93	84.0895
72	689.139	65.3937
73	1036.28	81.2128
74	1026.45	81.4809
75	1132.81	86.7932
76	934.963	80.8737
77	1156.95	101.771
78	1131.09	108.875
79	777.946	70.2352
80	936.98	73.601
81	858.647	74.9568
82	936.718	78.4038
83	1186.07	117.273
84	946.699	78.9738
85	1138.7	103.034
86	1045.72	89.3797
87	1160.19	116.973
88	784.566	78.5394
89	961.996	85.3232
90	1037.26	93.7031
91	1019.1	91.4318
92	775.869	71.0787
93	1063.96	93.0411
94	1011.85	77.3172
95	1158	106.041
96	1193.03	100.725
97	1516.45	121.717
98	1532.59	125.568
99	1215.24	109.038
100	1160.59	99.2585
101	1158.47	93.893
102	1152.79	93.951
103	1455.9	137.002
104	1176.53	103.021
105	1174.43	107.193
106	1333.49	118.903
107	1672.51	154.677
108	1349.59	119.737
109	1179.63	102.484
110	1151.13	99.68
111	1888.56	143.295
112	1197.29	107.169
113	1153.07	107.15
114	1171.18	96.9312
115	1194.54	98.8364
116	1166.53	98.8163
117	973.816	85.7163
118	1060.99	97.7365
119	1036.38	81.0179
120	939.723	73.8666
121	1043.28	92.676
122	1161.17	96.0796
123	1147.24	98.2602
124	897.802	81.3483
125	1033.73	87.0141
126	1034.62	91.6271
127	809.587	78.6856
128	1057.51	92.3834
129	667.36	55.4303
130	1032.85	87.798
131	860.52	73.5402
132	774.904	67.5589
133	867.724	72.743
134	1114.58	92.8279
135	1139.93	90.4414
136	1176.31	107.542
137	1031.29	87.4321
138	904.379	84.6634
139	859.633	74.1483
140	1043.91	94.8397
141	1187.62	116.5
142	1155.37	106.197
143	967.95	91.5987
144	1170.61	107.323
145	1151.55	99.1837
146	1166.93	97.3768
147	1372.87	117.188
148	1148.34	89.6612
149	1368.9	115.938
150	1276.92	114.106
151	1163.08	97.1572
152	1158.36	97.8042
153	1531.44	128.182
154	1530.28	133.406
155	1172.35	102.827
156	1350.59	117.259
157	1419.1	118.865
158	1810.86	149.22
159	1273.9	111.116
160	1654.5	139.331
161	1578.85	133.8
162	1147.34	92.4291
163	1161.55	107.851
164	1282.55	110.147
165	944.512	76.8689
166	958.38	84.5326
167	777.273	66.0632
168	898.261	87.0704
169	1017.64	84.6803
170	1045.52	88.576
171	1165.57	107.39
172	1176.81	113.508
173	1061.79	92.4105
174	1128.99	88.9926
175	1164.95	115.496
176	895.416	78.7926
177	865.783	77.9044
178	1131.37	98.8483
179	1041.98	93.8052
180	862.144	71.6252
181	950.809	81.1779
182	1052.76	94.3216
183	1176.5	106.543
184	1186.12	107.611
185	754.789	63.9249
186	1141.18	99.4055
187	947.429	74.7357
188	1118.12	94.5958
189	1105.32	87.6634
190	885.504	81.7006
191	391.235	59.2377
192	1546.97	130.979
193	1149.62	93.8055
194	1200.75	105.335
195	1168.56	90.676
196	1263.38	106.545
197	1164.78	97.337
198	1169.7	97.5563
199	1235.73	99.6939
200	1534.91	133.287
201	1200.32	105.256
202	1247.05	107.993
203	1150.75	106.529
204	1160.13	103.106
205	1196.53	110.638
206	1160.2	99.3903
207	1205.91	109.295
208	1183.63	102.66
209	1170.98	98.7611
210	1201.83	110.745
211	1157.6	96.5383
212	1834.16	154.101
213	1119.48	85.0351
214	958.142	78.0804
215	999.151	93.463
216	889.662	77.9694
217	863.994	74.6464
218	1158.84	100.554
219	1132.08	100.607
220	1189.07	111.082
221	951.289	82.3643
222	1060.5	89.9007
223	970.426	81.7642
224	1149.09	100.371
225	874.803	76.0919
226	795.124	68.2194
227	943.323	75.1992
228	968.418	86.5375
229	1154.99	104.179
230	819.116	87.4961
231	669.969	52.2055
232	820.463	77.6347
233	853.554	66.9468
234	1117.02	85.5896
235	1189.78	112.562
236	818.825	83.1695
237	785.191	70.6919
238	1151.74	100.956
239	950.758	83.2951
240	1182.63	98.9161
241	1122.69	89.9658
242	1338.02	114.117
243	1201.72	109.218
244	1169.63	110.908
245	1184.53	117.306
246	1190.65	106.396
247	1179.23	110.363
248	1465.9	125.671
249	1263.75	109.497
250	1463.51	127.453
251	1176.87	104.157
252	1177.27	101.634
253	1154.96	96.7902
254	1238.3	106.323
255	1159.23	103.494
256	1434.33	122.154
257	1150.85	97.7065
258	1542.14	133.447
259	1150.45	96.7539
260	1973.79	177.01
261	790.783	76.8859
262	1073.75	107.673
263	1126.69	96.19
264	1175.13	109.821
265	1122.41	86.4289
266	815.979	80.5181
267	1038.89	93.3695
268	1040.97	88.3491
269	960.431	88.1332
270	819.748	81.6193
271	777.383	68.0178
272	1042.92	95.8023
273	893.476	77.3202
274	1284.24	126.326
275	1349.1	123.523
276	880.544	79.5445
277	954.263	80.479
278	866.283	76.2386
279	760.157	63.6892
280	1027.24	89.1326
281	1122.25	88.4394
282	761.176	63.9696
283	929.455	72.4088
284	870.425	80.4208
285	804.981	74.3346
286	1114.24	97.3339
287	894.482	78.8405
288	1272.12	96.6097
289	1295.23	107.263
290	1500.02	119.426
291	1155.5	103.953
292	1181.58	97.2071
293	1170.14	103.019
294	1178.79	99.3858
295	1184.46	108.714
296	1205.75	108.537
297	1172.2	97.9842
298	1174.79	98.2163
299	1279.18	116.541
300	1169.91	97.4433
301	1275.7	113.085
302	1160.57	91.9629
303	1167.92	98.6868
304	1152.01	94.821
305	1170.2	98.0747
306	1168.26	101.218
307	1184.84	99.3193
308	1149.16	98.9645
309	1123.55	91.1413
310	1042.29	94.1952
311	1082.94	103.164
312	878.595	78.4622
313	1160.42	97.4401
314	942.557	75.6093
315	979.416	89.0743
316	952.346	86.8937
317	1631.87	134.197
318	953.143	79.5495
319	801.529	74.8815
320	1161.39	101.078
321	1034.32	90.4677
322	945.058	84.6506
323	868.795	77.5856
324	966.18	81.0915
325	1271.18	119.088
326	1028.74	86.1562
327	899.34	83.3516
328	1019.57	77.2554
329	1171.25	102.806
330	1120.48	93.1169
331	951.912	80.5463
332	1144.35	100.196
333	1146.93	94.4531
334	806.105	80.115
335	867.015	79.61
336	1165.16	94.2237
337	1176.92	93.479
338	1248.47	104.466
339	1529.38	128.833
340	1162.53	93.4798
341	1267.8	117.194
342	1140.77	92.3055
343	1364.05	115.445
344	1158.91	101.784
345	1385.8	140.952
346	1182.88	100.217
347	1159.44	97.353
348	1574.77	136.488
349	1166.1	101.027
350	1145.24	95.3895
351	1186.81	106.107
352	1151.37	87.5482
353	1194.18	102.623
354	1491.64	121.825
355	1167.72	96.2084
356	1582.7	135.25
357	496.246	41.9864
358	1035.5	84.1773
359	1164.37	105.978
360	1139.2	88.7036
361	1036.1	88.7281
362	1022.47	84.1804
363	2034.81	177.839
364	1155.21	104.482
365	1113.69	94.123
366	871.198	79.4026
367	1151.86	105.028
368	1125.97	99.903
369	1082.42	106.839
370	956.964	81.966
371	1149.68	104.251
372	983.726	85.1463
373	1025.38	81.5186
374	798.464	78.7693
375	1620.92	129.769
376	1141.38	106.011
377	1035.5	80.2261
378	780.547	70.1936
379	1135.22	98.8052
380	1109.59	94.1841
381	1123.93	95.672
382	1034.64	86.0303
383	941.016	73.4441
384	1174.31	99.176
385	1407.31	114.333
386	1487.26	111.63
387	1328.7	106.365
388	1335.83	101.422
389	1361.81	118.86
390	1195.45	110.173
391	1162.5	91.3449
392	1172.04	97.7187
393	1157.68	96.655
394	1156.64	99.0806
395	1157.39	96.6954
396	1184.94	99.6283
397	1272.26	105.589
398	1155.76	93.1118
399	1188.86	102.17
400	1146.32	94.2891
401	1166.34	95.4518
402	1387.25	117.872
403	1157.59	98.3979
404	1180.81	94.7314
405	947.617	75.9935
406	900.867	93.9034
407	1065.99	95.8588
408	1068.08	91.5448
409	942.663	79.0255
410	948.507	77.684
411	887.854	79.3625
412	863.564	74.5593
413	942.289	75.7527
414	810.403	75.9817
415	1133.21	91.2514
416	891.208	80.2662
417	860.437	78.3755
418	1054.47	92.8219
419	393.894	55.6466
420	871.471	74.7422
421	977.435	92.4625
422	934.314	74.3748
423	1065.02	94.1471
424	1151.38	101.617
425	938.546	76.39
426	1158.65	102.81
427	1017.2	86.9079
428	1030.18	80.549
429	808.15	78.5842
430	1057.87	98.7488
431	1029.26	83.6784
432	1153.41	90.5872
433	1339.3	109.554
434	1137.06	86.5165
435	1199.57	103.171
436	1137.14	93.1113
437	1178.01	107.298
438	1539.39	132.053
439	1245.59	105.93
440	1367.87	113.422
441	1519.87	136.011
442	1147.41	93.6115
443	1342.19	106.881
444	1197.78	111.629
445	1144.52	95.3492
446	1283.1	113.466
447	1159.96	96.774
448	1172.61	98.8586
449	1152.99	97.2903
450	1530.84	121.354
451	1156.86	97.1318
452	1183.28	98.2678
453	651.461	102.382
454	978.994	83.6115
455	1171.03	100.392
456	1112.58	87.2973
457	932.952	75.6093
458	1050.43	91.6879
459	785.938	71.7162
460	779.251	69.875
461	989.002	89.3122
462	1026.81	85.0682
463	1184.73	105.958
464	939.832	78.0615
465	882.517	79.7808
466	950.017	77.5725
467	954.194	79.6114
468	1131.59	92.1301
469	942.715	79.9359
470	1132.91	104.549
471	407.254	61.1929
472	802.336	76.7096
473	975.094	88.1727
474	1132.02	94.9496
475	975.289	88.1696
476	1110.22	98.512
477	943.503	76.6073
478	1136.98	102.143
479	876.921	77.8025
480	1264.96	103.378
481	1163.73	96.6648
482	1316.63	101.257
483	1171.66	101.738
484	1127.48	95.6131
485	1436.94	121.274
486	1184.5	101.548
487	1187.99	102.067
488	1152.02	92.1562
489	1201.63	104.478
490	1436.13	119.344
491	1163.5	102.199
492	1151.06	91.8686
493	1275.85	109.419
494	1563.48	133.879
495	1135.02	94.8403
496	1151.34	91.0443
497	1347.84	116.734
498	1180.47	103.194
499	1155.91	93.5148
500	1293.7	110.505
501	887.655	79.4064
502	1053.85	88.4103
503	1159.52	104.64
504	1151.47	100.777
505	792.791	77.765
506	868.794	76.9934
507	1049.52	89.3115
508	1030.62	82.0647
509	1160.04	93.4238
510	1112.43	89.9588
511	1020.13	83.3359
512	859.588	76.382
513	1140.41	100.647
514	781.145	68.4173
515	1121.78	86.4068
516	948.12	83.6496
517	1107.66	87.1765
518	1042.8	90.1326
519	495.38	47.7318
520	441.532	71.78
521	1172.95	104.995
522	1043.76	86.1986
523	1031.31	84.0483
524	1106.68	82.7312
525	1153.83	95.5931
526	1140.62	101.192
527	1042.57	86.3754
528	1155.52	93.5628
529	1605.01	149.345
530	1131.95	95.0213
531	1044.28	80.9898
532	1235.67	103.399
533	1154.21	94.0504
534	1173.5	95.6374
535	1165.71	91.9356
536	1155.77	97.0415
537	1157.63	96.1996
538	1155.63	98.99
539	1178.69	102.327
540	1175.5	104.078
541	1157.63	96.1759
542	1164.7	96.834
543	1150.59	93.444
544	1243.05	104.472
545	1208.7	105.88
546	1278.03	108.243
547	1351.32	114.07
548	1160.74	94.1105
549	1163.92	104.926
550	963.801	91.93
551	1054.01	94.1367
552	895.957	87.6036
553	522.781	81.7579
554	812.211	77.5368
555	897.857	85.8089
556	965.424	80.6412
557	812.574	74.89
558	1133.12	94.326
559	804.793	75.5442
560	864.053	76.0951
561	855.056	69.202
562	765.4	65.1042
563	970.964	90.8283
564	880.782	77.9183
565	1164.39	102.781
566	967.489	85.2628
567	951.009	77.1356
568	1104.17	83.2362
569	1150.3	95.4327
570	782.691	73.4736
571	1118.17	95.885
572	1118.83	87.9874
573	874.037	74.987
574	1182.85	107.124
575	1051.92	91.2163
576	1230.07	93.8444
577	1474.25	113.91
578	1333.56	108.651
579	1141.67	92.8824
580	1368.31	116.034
581	1257.3	101.598
582	1447.46	116.669
583	1337.55	109.842
584	1162.3	93.9259
585	1155.41	96.6203
586	1154.04	98.7992
587	1242.37	101.928
588	1413.45	116.11
589	1336.54	105.439
590	1158.46	98.9507
591	1176.19	100.771
592	1265.46	104.568
593	1168.27	97.0929
594	1174.42	96.2235
595	1150.26	97.1215
596	1212.91	104.399
597	1056.12	98.2078
598	1101.82	91.7658
599	1149.01	106.424
600	1432.06	126.619
601	863.216	77.7578
602	1160.99	109.21
603	1133.96	95.3288
604	1063.1	104.536
605	815.434	79.3387
606	956.493	84.1597
607	677.76	57.1037
608	793.352	80.3332
609	785.903	73.5483
610	1111.03	87.8161
611	879.374	80.7012
612	806.707	72.3609
613	1154.18	102.988
614	1135.51	95.673
615	948.142	76.2806
616	1061.97	93.8781
617	942.719	75.6913
618	941.54	75.4244
619	862.391	72.4916
620	1040.17	92.4795
621	1063.82	99.7643
622	1146.48	97.7771
623	1106.75	95.4415
624	1436.41	125.279
625	1150.28	89.0557
626	1166.3	95.5659
627	1141.05	87.1599
628	1166.48	93.1053
629	1177.38	96.6555
630	1265.18	103.093
631	1154.35	91.4823
632	1271.92	108.444
633	1171.38	96.7915
634	1151.24	92.2283
635	1147.14	97.0506
636	1146.49	93.7164
637	1289	114.966
638	1154.54	91.3638
639	1241.47	98.0364
640	1517.61	124.145
641	1242.59	99.7124
642	1271.98	110.755
643	1214.9	109.499
644	1154.89	100.226
645	960.652	86.74
646	859.757	72.7431
647	702.206	109.297
648	1176.87	107.923
649	826.447	88.247
650	1163.31	101.855
651	1079.1	103.691
652	863.235	76.1491
653	816.786	75.8297
654	1110.32	90.5591
655	1111.94	87.6318
656	855.285	77.2139
657	952.624	82.7039
658	1146.27	106.993
659	1141.16	93.5429
660	940.278	77.2733
661	1059.97	94.014
662	1154.75	100.732
663	1049.27	88.5931
664	1105.22	83.892
665	1163.03	101.39
666	953.514	82.5988
667	1046.02	85.0936
668	1152.76	99.5105
669	880.798	82.0284
670	1034.31	84.5569
671	1143.89	98.3412
672	1151.27	95.1177
673	1156.79	92.8731
674	1333.21	110.479
675	1389.75	102.663
676	1321.7	100.319
677	1275.81	107.791
678	1179.35	95.6881
679	1165.78	97.8772
680	1248.01	104.836
681	1412.94	110.886
682	1161.81	98.7546
683	1191.31	108.527
684	1462.11	122.327
685	1432.85	119.883
686	1277.54	109.951
687	1178.93	102.971
688	1151.02	96.1712
689	1163.66	98.8388
690	1562.65	139.464
691	1146.64	96.3602
692	1336.32	108.615
693	1045.44	90.3053
694	1145.89	102.844
695	1140.24	109.903
696	1063.33	93.3896
697	967.355	87.1659
698	1061.77	95.0433
699	1134.84	95.625
700	1128.31	99.6441
701	962.565	87.2674
702	818.805	88.2325
703	1130.17	101.728
704	1063.01	91.0554
705	983.097	99.1382
706	1154.05	96.5283
707	1050.12	93.2964
708	1154.51	104.871
709	946.703	85.851
710	1150.17	93.3122
711	1126.43	88.6582
712	1066.25	96.9607
713	1122.13	85.9081
714	1132.82	89.2739
715	1046.42	92.6644
716	1150.88	97.2904
717	1141.53	100.959
718	1152.39	94.2134
719	855.526	77.8673
720	1263.86	108.474
721	1168.19	107.947
722	1155.61	95.991
723	1274.55	103.14
724	1435.85	117.333
725	1157.63	94.9412
726	1214.94	107.074
727	1194.78	103.998
728	1160.68	95.7196
729	1243.12	116.289
730	1252.23	110.195
731	1354.65	108.98
732	1142.09	93.4173
733	1155.21	98.9473
734	1180.28	100.681
735	1183.33	103.974
736	1170.17	101.864
737	1159.72	96.5248
738	1500.59	121.234
739	1199.17	110.135
740	1204.23	103.894
741	943.298	80.1704
742	1026.54	86.9876
743	1066.5	99.0113
744	1166.51	114.231
745	804.108	78.0986
746	675.594	59.3395
747	958.192	84.7163
748	1153.98	112.996
749	1117.93	98.1766
750	1153.94	121.943
751	905.698	93.9012
752	883.467	79.2898
753	1162.7	107.431
754	1120.96	88.2967
755	890.197	82.0248
756	817.025	86.2041
757	881.816	83.2349
758	891.788	82.999
759	1156.09	100.803
760	1175.13	122.431
761	1023.45	78.0482
762	1167.75	106.403
763	1057.32	99.2718
764	974.031	88.1099
765	777.62	73.0785
766	1161.48	101.534
767	894.3	79.2009
768	1284.23	108.173
769	1354.21	105.234
770	1412.97	104.834
771	1610.42	139.95
772	1264.62	106.742
773	1332.74	110.06
774	1153.64	92.1078
775	1264.32	105.569
776	1295.73	111.904
777	1196.22	109.761
778	1248.85	108.527
779	1181.08	100.045
780	1175.04	112.78
781	1163.06	95.7226
782	1158.22	95.4764
783	1184.98	99.9229
784	1271.6	110.037
785	1211.72	119.584
786	1539.41	132.105
787	1258.58	105.8
788	1351.45	117.746
789	1161.16	106.455
790	1146.33	108.203
791	1046.5	95.4834
792	1118.31	91.5262
793	789.019	74.8613
794	876.308	83.4755
795	1126.15	95.0892
796	1161.47	108.354
797	981.095	93.8073
798	948.789	94.2046
799	1074.54	99.4304
800	1025.47	83.8242
801	1054.92	89.9764
802	869.863	81.9481
803	1148.31	110.931
804	1133.47	110.645
805	787.308	75.3832
806	1178.5	110.453
807	1112.82	93.6247
808	1180.72	109.958
809	1180.23	101.903
810	967.61	85.2819
811	884.071	81.7743
812	1022.32	78.2157
813	1106.86	87.6942
814	1112.57	94.7785
815	946.921	77.7648
816	1143.77	88.0689
817	1155.99	100.617
818	1415.7	110.534
819	1138.71	94.0961
820	1268	105.004
821	1236.95	92.6136
822	1203.99	112.174
823	1442.73	120.791
824	1429.71	115.231
825	1320.56	101.225
826	1171.64	99.1038
827	1205.59	106.141
828	1147.86	88.053
829	1172.07	101.971
830	1317.05	111.831
831	1146.67	92.6406
832	1159.12	90.7656
833	1153.16	96.2975
834	1149.59	93.0564
835	1175.8	102.766
836	1412.67	111.761
837	1042.77	87.1898
838	1147.43	106.425
839	1040.72	91.7986
840	772.718	121.927
841	1141.65	100.044
842	1056.19	91.9334
843	1125.06	91.2819
844	1027.65	92.7177
845	958.382	88.7239
846	1150.8	95.6009
847	814.177	88.4616
848	1132.94	102.526
849	1029.24	91.7925
850	928.354	125.709
851	1180.7	113.56
852	1516	120.878
853	885.786	87.8409
854	907.779	88.8682
855	966.63	84.9759
856	870.024	80.1802
857	967.116	81.872
858	1136.58	90.5441
859	814.091	82.4208
860	1163.84	102.277
861	960.217	84.6009
862	1151.33	98.6633
863	1151.35	92.3745
864	1160.91	93.6265
865	1197.25	98.0637
866	1329.06	111.081
867	1346.55	102.471
868	1162.01	95.0739
869	1129.23	91.9348
870	1140.51	98.5212
871	1144.33	97.6315
872	1164.91	96.2708
873	1566.44	153.983
874	1130.89	94.4444
875	1145.63	94.8629
876	1438.93	122.113
877	1255.6	110.123
878	1190.26	111.389
879	1167.06	98.3053
880	1266.1	101.759
881	1037.36	85.9076
882	1252.03	102.944
883	1332.8	105.332
884	1194.66	102.546
885	1143.03	126.439
886	812.601	87.6966
887	963.131	86.171
888	875.073	81.0266
889	784.192	74.2362
890	880.907	85.5917
891	1169.22	103.073
892	764.512	69.8145
893	1153.76	101.386
894	597.812	92.6469
895	822.742	86.9648
896	977.652	99.9022
897	1111.13	91.6878
898	744.319	63.1662
899	1048.19	85.9215
900	953.299	87.407
901	751.421	64.2165
902	1140.35	98.2259
903	1056.52	93.6539
904	785.873	72.1053
905	938.607	84.021
906	773.162	72.4586
907	1155.07	120.992
908	950.318	79.7063
909	1179.84	103.467
910	1129.32	97.8023
911	1039.42	92.8787
912	1172.41	96.0813
913	1252.23	101.851
914	1340.28	108.483
915	1272.29	103.434
916	1165.1	95.3577
917	1161.62	102.471
918	1174.6	99.2915
919	1162.13	96.9679
920	1162.34	94.7149
921	1138.31	91.7615
922	1323.76	110.912
923	1329.57	107.175
924	1202.61	108.305
925	1150.23	103.139
926	1243.62	104.332
927	1149.08	96.611
928	1146.28	92.5991
929	1319.46	108.42
930	1187.29	105.236
931	1149.59	99.1886
932	1435.47	175.096
933	579.649	53.9885
934	521.449	89.77
935	1152.77	111.517
936	917.205	95.0162
937	779.316	71.9767
938	1164.72	100.737
939	764.638	69.451
940	576.969	78.4873
941	510.821	85.278
942	1045.18	90.4329
943	761.187	64.1964
944	1160.68	104.997
945	1057.6	92.5128
946	976.833	84.1024
947	968.663	87.9829
948	1149.75	101.302
949	898.161	89.7733
950	1180.44	104.588
951	1061.95	88.2765
952	975.362	90.3927
953	1067.36	96.2672
954	1118.45	98.7188
955	1064.93	93.6135
956	1138.7	95.1829
957	1148.16	103.499
958	971.53	83.8183
959	444.184	79.0408
960	1321.86	100.983
961	1624.54	136.476
962	1132.8	87.6634
963	1159.5	92.4522
964	1200.33	100.626
965	1437.34	165.2
966	1180.52	103.279
967	1161.1	92.2633
968	1152.4	96.2366
969	1422.01	113.811
970	1411.38	117.078
971	1321.21	110.894
972	1267.49	111.76
973	1183.44	103.273
974	1275.53	112.211
975	1415.09	114.307
976	1213.07	113.821
977	1144.51	90.6081
978	1359.34	119.788
979	1274.19	114.41
980	1416.41	112.146
981	874.835	114.406
982	1141.11	105.829
983	748.61	59.4458
984	1078.25	105.441
985	766.87	71.2624
986	1034.42	90.3795
987	987.008	93.4906
988	1024.91	90.249
989	898.804	90.4129
990	1110.86	99.955
991	937.166	75.14
992	1105.57	94.7575
993	1148.95	102.304
994	1149.41	99.3889
995	747.043	61.6169
996	1012.83	80.9966
997	956.484	84.2568
998	1130.95	93.0407
999	987.481	97.3489
1000	1199.86	105.423
1001	1159.92	92.355
1002	1368.96	106.517
1003	1163.67	98.6846
1004	1129.7	81.9594
1005	1190.76	101.422
1006	1242.22	101.643
1007	1453.53	117.568
1008	1265.1	113.259
1009	1165.74	99.6086
1010	1366.84	114.531
1011	1160.3	99.5602
1012	1173.84	95.1542
1013	1204.47	115.539
1014	1197.77	117.459
1015	1241.18	104.739
1016	1249.59	107.452
1017	1350.98	110.204
1018	1431.34	121.832
1019	1656.19	142.215
1020	1250.65	106.279
1021	980.018	95.5826
1022	968.068	87.3748
1023	1571.99	136.034
1024	1192.88	111.942
1025	1166.76	103.819
1026	1070.01	93.0638
1027	1176.27	106.063
1028	1144.37	98.6079
1029	1052.46	93.958
1030	1169.99	104.934
1031	1050.89	94.0995
1032	1105.09	88.4177
1033	1012.63	86.4105
1034	1157.07	107.094
1035	1127.54	88.5889
1036	859.196	71.422
1037	1143.87	100.324
1038	1162.91	104.179
1039	937.68	78.944
1040	1268.99	102.275
1041	1132.14	87.0743
1042	1545.36	129.223
1043	1311.92	113.949
1044	1199.93	104.835
1045	1156.07	98.6389
1046	1141.28	89.146
1047	1322.13	100.671
1048	1969.01	168.959
1049	1238.15	99.49
1050	1329.78	109.922
1051	1148.18	95.8767
1052	1129.09	86.9084
1053	1707.68	141.166
1054	1118.71	92.2716
1055	1730.58	146.045
1056	1250.91	106.953
1057	1132.23	94.0705
1058	1446.81	131.403
1059	1600.15	143.919
1060	1448.46	126.758
1061	778.083	78.9107
1062	972.665	93.1297
1063	1062.6	96.099
1064	870.934	83.5225
1065	908.274	90.4909
1066	898.878	85
1067	1158.82	99.9964
1068	1047.56	99.0434
1069	1160.57	112.556
1070	1073.12	101.775
1071	1178.13	105.847
1072	1144.48	108.595
1073	1021.45	84.234
1074	802.902	85.2224
1075	1151.8	93.8015
1076	1123.93	92.7857
1077	1019.47	77.1559
1078	873.231	75.4567
1079	1121.03	96.2312
1080	1740.97	134.539
1081	1339.04	104.286
1082	1168.08	100.052
1083	1168.54	94.1579
1084	1242.14	99.836
1085	1164.63	98.2215
1086	1160.26	99.0202
1087	1246.25	98.7602
1088	1121.41	85.1946
1089	1160.47	98.4359
1090	1157.84	90.8713
1091	1429	124.601
1092	1165.31	99.6589
1093	1166.66	97.106
1094	1159.31	103.006
1095	1330.23	116.769
1096	1256.06	102.545
1097	1157.96	102.298
1098	1152.88	97.1783
1099	1120.79	129.053
1100	790.507	78.3301
1101	559.131	95.028
1102	908.035	99.1593
1103	1238.76	102.639
1104	1047.11	94.1553
1105	1070.45	106.629
1106	1145.11	102.191
1107	983.705	95.216
1108	1121.32	111.568
1109	1165.52	92.9915
1110	1166.98	104.73
1111	1154.72	111.292
1112	738.201	59.9415
1113	979.54	89.1007
1114	740.442	62.8429
1115	1177.05	118.348
1116	757.016	62.352
1117	888.97	76.761
1118	1024.95	80.3329
1119	893.743	84.4182
1120	1483.13	115.057
1121	1433.4	110.626
1122	1339.51	105.46
1123	1425.72	113.778
1124	1174.68	100.875
1125	1163.15	93.0974
1126	1371	125.869
1127	1166.96	94.0649
1128	1198.24	113.076
1129	1174.58	101.981
1130	1567.69	135.324
1131	1292.95	106.852
1132	1157.6	101.766
1133	1146.08	91.282
1134	1491.59	115.819
1135	1154.45	92.5591
1136	1259.2	103.59
1137	1188.97	103.265
1138	1555.68	130.776
1139	1145.07	99.0307
1140	857.193	71.4811
1141	1142.28	104.901
1142	964.964	88.6277
1143	1134.51	106.363
1144	671.587	59.8473
1145	1107.67	110.59
1146	775.709	71.8688
1147	1039.93	94.6269
1148	877.419	78.5551
1149	902.434	84.9849
1150	988.534	91.8434
1151	862.044	71.016
1152	941.739	78.4315
1153	1040.37	99.6022
1154	1140.33	101.167
1155	1145.17	97.4361
1156	1104.61	82.221
1157	1100.99	92.4239
1158	1057.1	86.7673
1159	1128.55	96.5421
1160	1491.12	105.085
1161	1153.07	95.0029
1162	1148.4	92.3264
1163	1201.16	102.356
1164	1161.94	92.0672
1165	1141.65	94.8744
1166	1201.85	110.932
1167	1249.25	102.351
1168	1153	97.2086
1169	1173.7	98.8067
1170	1181.42	102.66
1171	1189.98	99.7447
1172	1194.23	104.806
1173	1164.71	93.3071
1174	1336.8	111.951
1175	1528.05	126.952
1176	1595.82	142.198
1177	1326.79	108.327
1178	1161.59	107.14
1179	1263.49	106.134
1180	1358.92	117.689
1181	946.651	80.9245
1182	1074.75	99.1699
1183	868.389	81.4543
1184	984.812	93.1537
1185	967.463	89.1488
1186	1185.66	109.649
1187	951.393	81.4935
1188	970.149	83.1781
1189	973.231	94.6699
1190	1040.17	91.2033
1191	680.789	61.0253
1192	1153.24	99.659
1193	1150.09	103.583
1194	1151.93	106.359
1195	939.28	77.8808
1196	1113.61	85.531
1197	801.593	76.6285
1198	935.796	79.1128
1199	793.365	72.3789
1200	1134.82	84.4211
1201	1366.81	110.917
1202	1519.72	121.07
1203	1320.47	104.445
1204	1489.93	114.51
1205	1394.92	109.423
1206	1150.43	149.941
1207	1133.44	91.3977
1208	1286.46	113.209
1209	1144.91	94.4626
1210	1341.91	110.942
1211	1323.21	105.753
1212	1135.54	90.4874
1213	1513.26	131.513
1214	1369.86	145.114
1215	1344.35	110.816
1216	1683.3	179.427
1217	1339.3	114.271
1218	1277.15	108.863
1219	1138.34	88.7412
1220	1211.93	112.676
1221	1140.86	107.135
1222	1139.96	111.028
1223	1059.63	92.7038
1224	1141.81	98.6565
1225	779.415	71.2435
1226	1121.91	91.8889
1227	1124.54	84.6329
1228	1059.39	89.0578
1229	1035.28	88.4554
1230	1150.12	103
1231	1041.4	86.1837
1232	967.396	91.9163
1233	870.133	76.5228
1234	904.68	86.0156
1235	1101.33	80.5197
1236	1173.9	103.847
1237	941.441	79.182
1238	808.474	82.8247
1239	854.065	69.0384
1240	1398.58	111.954
1241	1153.35	98.5319
1242	1237.44	96.208
1243	1149.58	92.6914
1244	1190.88	106.13
1245	1148.63	90.3812
1246	1172.29	97.4315
1247	1143.53	96.2659
1248	1163.1	97.2431
1249	1527.93	114.869
1250	1165.47	104.673
1251	1254.36	115.933
1252	1197.25	100.335
1253	1338.06	107.834
1254	1178.31	102.64
1255	1175.99	102.491
1256	1251.22	100.665
1257	1373.9	112.908
1258	1430.98	122.133
1259	1376.46	123.629
1260	800.747	80.2687
1261	977.937	88.9255
1262	817.484	81.7398
1263	772.284	72.4579
1264	1067	94.1812
1265	807.52	81.388
1266	1039.1	90.8718
1267	1053.02	91.8474
1268	970.689	83.5128
1269	1143.36	92.495
1270	874.173	80.493
1271	1125.83	103.192
1272	1103.11	82.4325
1273	893.711	81.9043
1274	966.114	87.5729
1275	817.756	81.7939
1276	754.386	63.8734
1277	751.923	59.1662
1278	934.759	71.0524
1279	794.349	72.5641
1280	1390.41	101.322
1281	1328.72	101.998
1282	1483.94	113.485
1283	1165.32	94.8252
1284	1196.52	96.6399
1285	1402.06	107.726
1286	1790.07	137.724
1287	1422.7	108.121
1288	1354.76	112.25
1289	1197.84	110.976
1290	1272.16	109.368
1291	1355.27	117.129
1292	1320.37	98.873
1293	1248.03	97.6498
1294	1168.71	107.527
1295	1487.34	121.478
1296	1145.35	101.291
1297	1452.4	147.758
1298	1164.08	99.9968
1299	1101.55	111.593
1300	1132.27	92.0415
1301	1137.56	98.1866
1302	1421.4	121.024
1303	1139.23	90.3584
1304	1125.02	91.6881
1305	1278.65	114.042
1306	1163.23	100.203
1307	1137.94	94.716
1308	863.432	75.733
1309	1072.66	100.526
1310	1162.13	112.214
1311	873.877	79.4966
1312	1042.23	84.4654
1313	1059.61	98.0423
1314	874.958	78.0722
1315	810.251	85.6286
1316	869.939	72.8645
1317	964.767	88.7156
1318	950.775	78.7748
1319	981.248	94.7559
1320	683.707	61.014
1321	933.101	72.2554
1322	798.902	79.9675
1323	691.808	71.16
1324	879.505	76.6678
1325	783.613	69.5638
1326	1334.49	100.853
1327	775.378	66.5604
1328	1198.72	97.7131
1329	1160.24	88.4085
1330	1333.44	107.049
1331	1311.98	97.4411
1332	1528.03	128.218
1333	1239.85	102.09
1334	1359.27	105.803
1335	1342.37	113.936
1336	1147.33	95.4121
1337	1113.86	86.5565
1338	1156.39	96.8514
1339	1142.53	90.3269
1340	1489.91	121.515
1341	1260.93	104.779
1342	1482.87	115.321
1343	1208.22	113.444
1344	1148.29	98.3266
1345	1284.01	114.055
1346	1271.71	111.742
1347	1201.23	107.837
1348	1136.56	91.7163
1349	1517.02	132.653
1350	1269.43	103.257
1351	1264.84	105.028
1352	1321.33	118.592
1353	1174.32	98.27
1354	1164.61	97.5379
1355	1257.26	103.704
1356	802.693	73.2033
1357	674.764	103.27
1358	819.683	80.5161
1359	684.391	65.9909
1360	830.163	86.4864
1361	763.556	72.7082
1362	978.454	87.1699
1363	1147.58	100.68
1364	822.039	83.455
1365	745.026	58.3052
1366	952.49	79.9105
1367	682.351	61.685
1368	767.89	65.9967
1369	575.011	49.694
1370	970.334	82.7198
1371	1064.25	100.303
1372	970.622	81.6423
1373	1108.92	88.5638
1374	1053.35	87.3111
1375	765.389	65.8664
1376	1423.77	114.34
1377	1144.77	85.9711
1378	1231.21	100.44
1379	1144.37	82.9294
1380	1428.81	107.642
1381	1253.87	100.484
1382	1167.54	96.846
1383	1171.43	95.4402
1384	1154.09	94.0871
1385	1360.25	113.418
1386	1235.09	99.6478
1387	1206.88	107.902
1388	1288.43	116.818
1389	1164.23	92.2954
1390	1138.43	85.5657
1391	1213.91	107.866
1392	1166.52	98.7451
1393	1110.2	89.5561
1394	1152.49	91.4298
1395	1151.45	90.6692
1396	1266.54	105.028
1397	1419.35	113.198
1398	1147.83	96.5909
1399	1156.11	92.714
1400	1160.09	95.4325
1401	1155.34	94.1013
1402	1198.51	113.014
1403	1172.83	98.6325
1404	766.315	67.1683
1405	1060.99	96.2791
1406	905.793	88.3054
1407	771.122	68.8264
1408	984.371	86.6288
1409	856.63	71.5557
1410	1139.31	96.0976
1411	1131.24	111.125
1412	886.481	75.6494
1413	861.228	75.8301
1414	791.361	72.035
1415	901.931	86.5765
1416	752.992	62.2097
1417	776.443	65.5875
1418	1027.4	82.8505
1419	887.161	85.2209
1420	1081.38	106.584
1421	942.227	72.6334
1422	1155.97	102.198
1423	883.717	78.5268
1424	1159.11	93.2461
1425	1432.57	108.809
1426	1143.28	103.995
1427	1151.68	93.9132
1428	1412.92	109.43
1429	1347.55	100.432
1430	1573.15	133.394
1431	1181.95	100.673
1432	1144.29	93.1553
1433	1133.73	91.041
1434	1166.46	95.6691
1435	1477.93	119.167
1436	1291.11	117.12
1437	1141.51	93.6529
1438	1122.15	83.6869
1439	1260.45	103.972
1440	1163.67	99.6503
1441	1183.58	104.876
1442	1153.87	94.2214
1443	1176.46	107.77
1444	1286.22	106.547
1445	1149.61	94.1539
1446	1207.04	112.359
1447	1129.13	91.3735
1448	1162.17	98.8823
1449	1147.61	96.5036
1450	1209.15	103.788
1451	1205.13	104.015
1452	1293.42	110.156
1453	898.591	90.469
1454	808.248	81.1164
1455	1141.22	95.0132
1456	770.98	69.4571
1457	1145.03	99.9257
1458	936.589	80.6696
1459	687.945	64.2372
1460	1124.5	101.325
1461	816.826	83.4813
1462	884.002	84.1592
1463	574.069	51.0773
1464	786.259	72.8173
1465	1147.78	92.4582
1466	862.853	79.6852
1467	886.49	79.0727
1468	820.15	79.0572
1469	943.722	85.9272
1470	1042.86	87.5213
1471	748.342	60.4416
1472	1156	90.0708
1473	1189.4	101.326
1474	1160.86	94.8488
1475	1175.06	93.1117
1476	1581.47	130.762
1477	1173.94	98.8165
1478	1261.5	104.958
1479	1350.27	103.394
1480	1153.96	92.3353
1481	1124.77	105.39
1482	1245.16	103.367
1483	1258.63	111.163
1484	1248.84	93.9312
1485	1505.91	117.584
1486	1267.65	104.028
1487	1359.19	108.512
1488	1942.64	159.918
1489	1365.73	114.333
1490	1163.53	95.3721
1491	1138.56	91.7624
1492	1412.25	108.423
1493	1153.26	97.572
1494	1149.89	96.7673
1495	1164.26	95.2155
1496	1153.66	94.7774
1497	1163.74	101.349
1498	1122.23	90.8042
1499	1122.07	83.579
1500	1150.59	102.875
1501	870.508	77.2205
1502	1128.65	95.1407
1503	983.666	87.4694
1504	1029.23	93.907
1505	1153.55	99.322
1506	1118.99	92.0508
1507	797.514	79.8247
1508	1154.67	100.491
1509	964.471	82.4979
1510	1180.78	102.691
1511	1040.06	95.3203
1512	955.735	81.2375
1513	938.115	75.78
1514	1036.38	87.6256
1515	1041.5	91.3198
1516	883.185	84.9394
1517	1033.25	81.6214
1518	1030.64	84.8057
1519	895.717	83.9626
1520	1253.7	101.76
1521	1509.15	112.794
1522	1316.45	102.606
1523	1225.2	97.739
1524	874.888	72.3337
1525	1161.79	91.8686
1526	1156.69	94.6071
1527	1358.86	109.287
1528	1320.95	102.597
1529	1261.68	109.211
1530	1500.04	119.375
1531	1271.87	110.105
1532	1136.82	84.502
1533	1416.02	107.699
1534	1261.85	112.744
1535	1524.81	114.689
1536	1262.71	103.967
1537	1233.83	101.484
1538	1156.79	93.6758
1539	1187.06	101.681
1540	1159.09	92.8503
1541	1510.57	121.385
1542	1121.93	81.6534
1543	1156.26	98.7522
1544	1157.5	93.245
1545	1275.11	110.137
1546	1245.15	103.905
1547	1149.47	94.0822
1548	1164.14	100.716
1549	1135.08	99.9279
1550	1151.35	96.2175
1551	1041.05	87.8787
1552	1166.18	103.162
1553	1128.15	87.655
1554	1137.7	97.881
1555	1151.33	100.497
1556	1030.59	81.2682
1557	813.447	77.7348
1558	1041.52	91.534
1559	1149.6	95.4417
1560	1044.31	94.1335
1561	1154.55	97.4551
1562	971.119	91.1431
1563	1119.39	89.202
1564	973.209	83.546
1565	896.038	85.3667
1566	928.227	75.4718
1567	1112.62	89.6644
1568	1251.26	103.02
1569	1551.04	122.039
1570	1255.37	110.535
1571	1155.49	92.9708
1572	1148.52	90.0027
1573	1397.73	103.452
1574	1153.93	90.1098
1575	1207.61	102.906
1576	1182.09	99.4339
1577	1146.69	91.0495
1578	1204.14	105.85
1579	1279.74	105.247
1580	1344.15	112.537
1581	1279.84	108.776
1582	1182.56	100.769
1583	1280.77	104.762
1584	1555.89	124.592
1585	1269.54	104.693
1586	1286.99	112.821
1587	1262.72	104.898
1588	1146.64	91.2981
1589	1207.61	110.055
1590	1150.58	90.8438
1591	1109.74	94.4005
1592	1163.88	97.5359
1593	1494.31	117.855
1594	1269.67	106.488
1595	1329.63	102.503
1596	1138.04	95.8497
1597	1138.25	100.203
1598	1070.36	90.067
1599	1174	109.576
1600	949.02	85.6193
1601	991.17	87.5674
1602	1052.56	94.5143
1603	1042.13	84.739
1604	1033.27	84.4323
1605	1147.31	97.905
1606	1122.48	97.6383
1607	1160.01	108.09
1608	986.201	95.6674
1609	950.423	82.2513
1610	979.622	98.617
1611	1043.88	89.9712
1612	1197.71	105.008
1613	1052.11	86.8094
1614	977.747	85.8598
1615	1030.48	84.7643
1616	1353.3	106.588
1617	1321.04	109.994
1618	1364.48	110.995
1619	1409.3	103.096
1620	1556.74	120.305
1621	1241.44	99.9334
1622	1474.72	110.447
1623	1535.54	132.282
1624	1156.57	90.8436
1625	1152.85	87.1851
1626	1275.28	110.384
1627	1165.86	99.6261
1628	1439.34	114.54
1629	1174.5	103.397
1630	1259.47	106.696
1631	1107.11	86.8547
1632	1129.62	82.6394
1633	1150.72	93.8819
1634	1238.59	95.4964
1635	1486.03	108.235
1636	1339.81	111.006
1637	1156.64	93.1452
1638	1291.44	108.664
1639	1130.99	87.6066
1640	1219.52	110.62
1641	1172.27	97.613
1642	1157.58	108.088
1643	1160.53	93.7201
1644	1047.89	85.595
1645	884.018	78.0477
1646	1062.02	91.4511
1647	1160.54	124.513
1648	1134.3	93.7643
1649	810.57	79.4612
1650	1153.26	98.1448
1651	944.712	83.1502
1652	1072.67	99.9298
1653	1380.93	112.786
1654	1129.28	95.1851
1655	781.323	69.1797
1656	1030.6	88.9878
1657	1143.77	99.5645
1658	1048.15	86.1606
1659	1159.04	103.715
1660	1147.36	100.569
1661	856.242	70.8222
1662	1145.02	100.259
1663	1019.76	87.7055
1664	1159.1	90.7636
1665	1154.11	88.6371
1666	1172.17	95.012
1667	1148.21	91.7123
1668	1170.57	98.204
1669	1166.72	94.9859
1670	1149.49	88.937
1671	1322.59	108.308
1672	1236.89	105.642
1673	1166.22	94.8199
1674	1497.44	114.75
1675	1280.04	104.223
1676	1148.09	88.3552
1677	1360.04	112.409
1678	1184.22	103.262
1679	1322.45	103.719
1680	1530.37	123.447
1681	1251.6	97.8282
1682	1153.09	90.8453
1683	1747.4	138.92
1684	1169.38	93.2666
1685	1330.26	108.131
1686	1397.35	108.648
1687	1254.98	102.267
1688	316.742	27.4274
1689	1243.6	95.7678
1690	1138.11	102.816
1691	1157.7	94.1032
1692	1149.96	101.765
1693	1129.91	91.5738
1694	1169.57	99.8042
1695	1154.89	96.2236
1696	1060.81	92.9334
1697	1125.58	90.2444
1698	1036.89	91.2695
1699	823.57	83.3714
1700	1051.42	92.297
1701	1151.42	98.1163
1702	951.845	83.7372
1703	1020.96	81.2668
1704	1049.81	90.9178
1705	1040.56	90.7285
1706	900.599	83.434
1707	1171.54	103.741
1708	1162.35	103.869
1709	1110.69	85.3493
1710	1045.36	86.5816
1711	1153.9	92.1626
1712	1264.68	104.035
1713	1143.62	89.9696
1714	1220.41	87.0881
1715	1148.5	91.2903
1716	1399.99	106.129
1717	1157.91	95.6497
1718	1328.64	105.699
1719	1338.3	105.216
1720	1490.1	111.956
1721	1397.4	100.809
1722	1588.43	135.842
1723	1245.21	97.5915
1724	1167.65	97.5161
1725	1151.18	89.5046
1726	1534.95	121.483
1727	1204.5	104.416
1728	1179.87	96.5315
1729	1402.64	105.629
1730	1203.1	101.584
1731	1240.92	97.9187
1732	1258.98	104.069
1733	1424.64	110.035
1734	1354.26	113.731
1735	1128.78	85.7384
1736	1151.27	91.5736
1737	1203.51	111.502
1738	1271.92	102.08
1739	1378.33	108.662
1740	966.681	80.0861
1741	1047.97	94.6944
1742	1140.11	95.3975
1743	1142.03	98.61
1744	903.729	86.6538
1745	814.646	84.9949
1746	778.861	69.1604
1747	949.826	79.8268
1748	1045.3	88.2485
1749	886.565	82.2461
1750	1152.49	99.9734
1751	905.744	86.9368
1752	981.528	90.8108
1753	873.243	77.0237
1754	1071.04	102.013
1755	681.833	62.691
1756	939.226	81.0697
1757	770.228	74.3117
1758	1112.27	87.5626
1759	816.861	77.857
1760	1143.04	88.985
1761	1139.51	84.5707
1762	1227.99	88.3874
1763	1331.5	101.322
1764	1274.16	102.8
1765	1614.4	133.003
1766	1289.08	104.754
1767	1185.45	97.5856
1768	1160.62	98.0948
1769	1160.19	94.3922
1770	1420.71	116.015
1771	1150.63	93.5342
1772	1162.96	97.7127
1773	1145.85	89.2488
1774	1180.49	98.8738
1775	1272.91	108.066
1776	1136.02	89.5415
1777	1183.64	109.802
1778	1333.23	109.597
1779	1149.29	91.4915
1780	1346.35	107.852
1781	1240.28	100.632
1782	1345.94	110.175
1783	1366.59	112.753
1784	2399.21	187.649
1785	1217.24	111.775
1786	1153.08	92.7032
1787	1153.04	89.6111
1788	952.227	76.6833
1789	1125.04	93.8812
1790	396.283	56.7925
1791	1140.14	93.5919
1792	967.939	83.1431
1793	1145.12	99.3157
1794	814.826	87.1353
1795	967.009	82.7775
1796	1117.68	90.8208
1797	1063.58	95.0193
1798	1154.51	94.716
1799	432.237	75.0005
1800	867.924	70.271
1801	971.87	88.4173
1802	996.121	94.4436
1803	1039.71	83.2432
1804	1021.16	85.5803
1805	946.263	77.3711
1806	1037.8	84.1787
1807	971.346	84.6821
1808	1199.45	170.132
1809	1245.37	99.7673
1810	1167.19	89.4284
1811	1261.89	103.856
1812	1434.9	117.159
1813	1189.03	95.222
1814	1150.12	90.0192
1815	1149.32	89.4292
1816	1355.59	107.621
1817	1135.88	93.7258
1818	1147.22	96.2951
1819	1154.7	96.1011
1820	1199.77	108.425
1821	1238.04	93.7896
1822	1237.5	98.0798
1823	1147.97	91.6053
1824	1139.39	91.5436
1825	1126.35	81.7681
1826	1213.54	112.606
1827	1141.07	89.2745
1828	1161.8	98.812
1829	1323.75	99.7157
1830	1189.86	107.452
1831	1149.04	90.2464
1832	1153.74	95.2212
1833	1192.71	97.678
1834	1145.33	85.1813
1835	1378.87	116.146
1836	1044.05	93.2239
1837	970.271	95.3442
1838	945.452	83.4421
1839	970.587	84.5591
1840	956.041	80.5185
1841	959.533	85.6433
1842	1070.8	102.06
1843	949.699	81.4974
1844	1075.39	118.097
1845	944.705	85.9662
1846	1125.69	87.9348
1847	788.046	75.1928
1848	1147.19	100.308
1849	984.103	93.1135
1850	1116.72	89.9525
1851	961	83.9908
1852	1132.96	94.4632
1853	1117.95	91.9146
1854	1044.67	88.6703
1855	1038.84	90.4121
1856	1253.58	100.26
1857	1191.71	94.8013
1858	1261.79	98.6316
1859	1315.84	99.0381
1860	1169.14	97.8145
1861	1156.3	94.1601
1862	1163.65	91.6923
1863	1163.98	93.197
1864	1533.21	121.051
1865	1171.98	101.181
1866	1160.83	94.8419
1867	1140.25	88.0467
1868	1157.86	92.7514
1869	1513.26	114.315
1870	1278.79	109.463
1871	1145.43	97.9378
1872	1167.62	96.5445
1873	1148.08	91.8139
1874	1158.57	91.4146
1875	1136.64	92.1848
1876	1149.6	88.9183
1877	1368.63	108.123
1878	1148.14	91.7973
1879	1776.16	130.412
1880	1360.07	117.013
1881	1188.67	99.5844
1882	1119.17	85.5367
1883	1181.45	101.687
1884	1078.78	104.246
1885	947.719	81.3195
1886	952.384	81.097
1887	1044.14	91.0871
1888	909.016	82.8004
1889	795.444	72.948
1890	857.865	71.2461
1891	881.242	81.8073
1892	797.523	77.1337
1893	874.781	81.4864
1894	905.772	90.7823
1895	784.476	67.2714
1896	1024.65	87.3912
1897	804.222	81.1855
1898	366.783	45.6244
1899	401.408	65.5122
1900	807.138	77.8511
1901	1050.76	92.468
1902	956.912	81.9749
1903	1186.88	97.2691
1904	1319.4	102.696
1905	1436.02	117.262
1906	1169.06	93.7254
1907	1349.08	113.833
1908	1192.5	104.171
1909	1162.14	93.1688
1910	1228.48	97.9965
1911	1327.37	105.459
1912	1330.94	103.142
1913	1156.51	94.0902
1914	1555.7	128.274
1915	1155.07	96.6202
1916	1161.82	100.332
1917	1157.07	93.9304
1918	1266.83	107.956
1919	1265.39	113.908
1920	1155.76	92.8158
1921	1140.45	93.4715
1922	1169.39	96.0533
1923	1152.26	92.1648
1924	1137.09	88.1356
1925	1120.12	90.9526
1926	1204.14	97.4848
1927	1143.99	94.7507
1928	1387.44	151.928
1929	1139.03	86.9776
1930	1165.93	96.4118
1931	1128.71	88.3239
1932	770.951	67.1957
1933	856.456	71.1934
1934	1117.8	85.624
1935	786.107	73.8348
1936	870.164	77.8058
1937	883.649	79.9477
1938	908.59	89.8952
1939	787.309	76.1268
1940	1169.94	101.465
1941	1133	100.393
1942	1122	102.705
1943	742.323	61.3184
1944	1141.35	98.7513
1945	992.041	94.8167
1946	780.951	72.9371
1947	963.933	80.3335
1948	1117.32	92.5843
1949	825.62	83.431
1950	982.696	91.5916
1951	815.578	79.7958
1952	1172.08	98.4215
1953	1164.63	95.093
1954	1168.26	99.7964
1955	1587.47	133.809
1956	1474.16	109.514
1957	1418.03	108.738
1958	1194.38	101.901
1959	1341.73	102.961
1960	1147.38	89.5947
1961	1398.9	109.444
1962	1289.62	102.594
1963	1251.14	101.831
1964	1668.44	173.696
1965	1266	99.8225
1966	1490.42	118.478
1967	1161.06	92.1952
1968	1633.32	133.306
1969	1368.36	109.622
1970	1151.38	96.5361
1971	1208.08	109.679
1972	1132.76	90.3674
1973	1313.64	104.054
1974	1148.84	86.1315
1975	1294.43	114.636
1976	1264.99	103.71
1977	1151.79	92.2813
1978	1160.42	96.7551
1979	1139.42	85.767
1980	885.944	87.9215
1981	981.352	86.8158
1982	1136.59	91.262
1983	1144.5	96.415
1984	932.827	74.8987
1985	868.07	76.5972
1986	1502.98	113.927
1987	1243.34	95.5599
1988	856.397	74.1068
1989	809.319	81.5375
1990	816.843	80.5138
1991	859.757	72.6871
1992	1173.12	108.055
1993	893.029	81.5763
1994	864.892	74.0125
1995	955.696	78.4456
1996	1062.85	92.7472
1997	1137.09	92.3488
1998	812.695	77.3889
1999	771.386	67.2045
2000	1175.2	100.737
2001	1156.05	93.8416
2002	1148.96	88.1535
2003	1146.84	87.9373
2004	1488.92	114.838
2005	1158.11	93.5342
2006	1247.81	99.9245
2007	1164.28	94.9667
2008	1137.8	85.5855
2009	1277.6	112.142
2010	1194.37	104.971
2011	1168.98	95.5009
2012	1157.5	94.7994
2013	1157.25	95.1158
2014	1238.16	98.8773
2015	1178.4	100.856
2016	1166	94.6482
2017	1255.95	95.1157
2018	1285.24	112.722
2019	1145.46	91.4992
2020	1143.4	92.096
2021	1195.03	104.965
2022	1155.29	90.609
2023	1195.55	98.8392
2024	1525.86	127.119
2025	1204.65	104.685
2026	1165.43	94.7681
2027	1179.93	110.909
2028	952.284	84.5232
2029	1026.97	85.6402
2030	850.192	70.9441
2031	981.969	91.7398
2032	990.888	88.5747
2033	1065.24	87.5979
2034	907.184	84.7302
2035	1145.77	97.7847
2036	952.793	86.7221
2037	976.487	91.0533
2038	986.063	94.3352
2039	763.297	65.8211
2040	1161.38	101.274
2041	797.864	77.8328
2042	1029.47	85.4593
2043	970.604	82.7242
2044	1147.36	110.28
2045	1072.51	94.3255
2046	1164.56	110.192
2047	819.975	79.075
2048	1186.27	94.4987
2049	1177.73	99.636
2050	1366.13	110.767
2051	1175.88	97.2898
2052	1316.46	100.466
2053	1163.51	89.3934
2054	1156.97	96.2653
2055	1165.84	95.8038
2056	1239.91	98.8041
2057	1135.96	90.0765
2058	1177.88	97.4848
2059	1140.54	88.5339
2060	1182.36	105.279
2061	1160.92	95.9475
2062	1170.11	100.931
2063	1162.53	98.4252
2064	1158.55	91.3653
2065	1254.91	98.7318
2066	1185.25	98.2344
2067	1141.12	90.0247
2068	1180.24	98.8898
2069	1168.35	93.4663
2070	1142.11	92.1522
2071	1276.6	107.762
2072	1618.98	138.849
2073	1145.98	90.5001
2074	1173.78	98.9482
2075	1133.04	86.6681
2076	878.146	82.7583
2077	855.628	74.3587
2078	885.895	84.4075
2079	1138.79	99.0884
2080	960.138	83.6136
2081	1148.59	101.475
2082	1123.36	90.0747
2083	881.603	82.5704
2084	956.749	91.3161
2085	674.687	59.5685
2086	824.892	86.5418
2087	821.816	80.4504
2088	777.497	71.0863
2089	810.819	77.5225
2090	1052.19	93.7004
2091	988.298	86.7716
2092	945.122	77.3011
2093	881.666	78.9146
2094	818.462	82.2811
2095	653.678	51.7449
2096	1209.56	103.868
2097	1183.85	99.7894
2098	1229.15	93.1261
2099	1221.01	95.3519
2100	1256.42	100.425
2101	1174.88	95.3064
2102	1190.89	96.9737
2103	1188.37	97.6771
2104	1230.34	106.622
2105	1149.85	88.9384
2106	1259.47	106.218
2107	1271.34	102.463
2108	1413.38	110.765
2109	1153.63	92.2138
2110	1156.49	94.4492
2111	1148.29	86.6917
2112	1186.61	102.507
2113	399.51	65.1899
2114	1165.98	98.0548
2115	1155.84	93.5962
2116	1267.39	105.392
2117	1436.46	116.598
2118	1174.91	103.749
2119	1370.92	112.499
2120	1369.46	115.118
2121	1172.63	98.6693
2122	1189.71	100.162
2123	1128.75	89.6199
2124	1138.85	98.7645
2125	1125.84	89.8865
2126	961.966	81.2859
2127	1137.56	95.448
2128	677.406	59.4669
2129	1024.25	84.1526
2130	964.079	90.2046
2131	936.763	81.3862
2132	965.991	86.0147
2133	884.932	82.1635
2134	866.511	73.9355
2135	958.9	85.1903
2136	1132.63	89.8624
2137	1075.83	98.4761
2138	1117.11	91.3429
2139	1464.71	122.604
2140	1036.87	87.8234
2141	1152.16	100.065
2142	1193.14	126.978
2143	894.143	85.1589
2144	1559.97	157.14
2145	1259.4	102.396
2146	1191.13	102.121
2147	1231.95	96.6666
2148	1168	91.9084
2149	1321.34	98.0107
2150	1170.13	99.3234
2151	1154.68	93.7447
2152	1173.14	92.8337
2153	1168.16	105.559
2154	1315.35	100.965
2155	1156.71	102.125
2156	1198.75	104.581
2157	1164.22	95.1771
2158	1178.33	104.843
2159	1181.14	97.3872
2160	1315.52	99.7976
2161	1163.98	104.45
2162	1183.82	100.573
2163	1187.4	93.2756
2164	1145.51	90.6955
2165	1145.53	92.9802
2166	1153.92	95.9585
2167	1162.34	93.9164
2168	1165.69	92.4913
2169	1711.99	145.653
2170	1148.89	97.6794
2171	1166.54	97.6514
2172	1142.11	101.26
2173	1041.47	85.4686
2174	648.982	52.2585
2175	868.873	78.9062
2176	979.915	86.5936
2177	1160.62	108.726
2178	758.849	59.457
2179	769.15	67.5374
2180	895.852	82.3238
2181	946.332	78.3237
2182	1122.84	84.8196
2183	957.229	78.5908
2184	1182.78	116.613
2185	1058.75	88.8725
2186	1119.9	99.4594
2187	884.673	78.9097
2188	987.213	84.4059
2189	652.869	54.8805
2190	1467.21	120.315
2191	710.666	98.3092
2192	1165.13	95.9739
2193	1256.1	98.7834
2194	1180.24	99.0597
2195	1158.36	93.2581
2196	1169.19	95.8239
2197	1229.17	96.0729
2198	1184.6	99.5223
2199	1170.5	92.4912
2200	2220	165.355
2201	1429.76	111.942
2202	1174.92	98.7383
2203	1161.19	96.0014
2204	1199.75	101.808
2205	1135.99	89.3231
2206	1166.83	98.351
2207	1143.06	88.8146
2208	1237.7	97.6841
2209	1157.23	90.5299
2210	1251.21	94.4003
2211	1183.27	97.0726
2212	1366.52	112.902
2213	1326.8	101.412
2214	1156.67	92.8332
2215	1239.44	95.6543
2216	1253.23	101.427
2217	1322.54	110.937
2218	1180.42	96.4644
2219	1165.06	94.9613
2220	1121.78	94.2025
2221	588.65	55.5443
2222	1171.21	96.7605
2223	1199.59	104.663
2224	871.382	77.556
2225	943.886	82.1111
2226	678.93	63.7386
2227	1129.28	93.4488
2228	773.345	66.5275
2229	1176.07	104.848
2230	902.882	85.4324
2231	856.647	79.1109
2232	1160.21	100.938
2233	1168.41	104.717
2234	980.587	87.12
2235	980.738	86.1826
2236	803.41	77.5559
2237	960.793	81.1668
2238	904.85	88.7454
2239	744.328	55.0752
2240	-1	-1
2241	-1	-1
2242	-1	-1
2243	-1	-1
2244	-1	-1
2245	-1	-1
2246	-1	-1
2247	-1	-1
2248	-1	-1
2249	-1	-1
2250	-1	-1
2251	-1	-1
2252	-1	-1
2253	-1	-1
2254	-1	-1
2255	-1	-1
2256	-1	-1
2257	-1	-1
2258	-1	-1
2259	-1	-1
2260	-1	-1
2261	-1	-1
2262	-1	-1
2263	-1	-1
2264	-1	-1
2265	-1	-1
2266	-1	-1
2267	-1	-1
2268	-1	-1
2269	-1	-1
2270	-1	-1
2271	-1	-1
2272	-1	-1
2273	-1	-1
2274	-1	-1
2275	-1	-1
2276	-1	-1
2277	-1	-1
2278	-1	-1
2279	-1	-1
2280	-1	-1
2281	-1	-1
2282	-1	-1
2283	-1	-1
2284	-1	-1
2285	-1	-1
2286	-1	-1
2287	-1	-1
2288	-1	-1
2289	-1	-1
2290	-1	-1
2291	-1	-1
2292	-1	-1
2293	-1	-1
2294	-1	-1
2295	-1	-1
2296	-1	-1
2297	-1	-1
2298	-1	-1
2299	-1	-1
2300	-1	-1
2301	-1	-1
2302	-1	-1
2303	-1	-1
2304	-1	-1
2305	-1	-1
2306	-1	-1
2307	-1	-1
2308	-1	-1
2309	-1	-1
2310	-1	-1
2311	-1	-1
2312	-1	-1
2313	-1	-1
2314	-1	-1
2315	-1	-1
2316	-1	-1
2317	-1	-1
2318	-1	-1
2319	-1	-1
2320	-1	-1
2321	-1	-1
2322	-1	-1
2323	-1	-1
2324	-1	-1
2325	-1	-1
2326	-1	-1
2327	-1	-1
2328	-1	-1
2329	-1	-1
2330	-1	-1
2331	-1	-1
2332	-1	-1
2333	-1	-1
2334	-1	-1
2335	-1	-1
2336	-1	-1
2337	-1	-1
2338	-1	-1
2339	-1	-1
2340	-1	-1
2341	-1	-1
2342	-1	-1
2343	-1	-1
2344	-1	-1
2345	-1	-1
2346	-1	-1
2347	-1	-1
2348	-1	-1
2349	-1	-1
2350	-1	-1
2351	-1	-1
2352	-1	-1
2353	-1	-1
2354	-1	-1
2355	-1	-1
2356	-1	-1
2357	-1	-1
2358	-1	-1
2359	-1	-1
2360	1168.6	87.0967
2361	1213.22	92.1711
2362	1560.98	114.269
2363	1187.15	86.5288
2364	1157.73	88.5166
2365	1141.62	85.0964
2366	1161.94	89.9456
2367	1198.81	89.5601
2368	1264.18	107.429
2369	1170.33	88.2558
2370	1206.54	88.2675
2371	1166.11	91.1727
2372	1190.31	88.0231
2373	1550.46	116.394
2374	1454.87	105.54
2375	1241.47	91.304
2376	1285.45	90.629
2377	1209.58	90.7989
2378	1399.84	103.043
2379	1085.52	80.542
2380	1366.58	102.199
2381	1150.56	82.8097
2382	1165.68	85.3665
2383	1174.46	97.0531
2384	1163.36	83.7361
2385	1192.23	85.9396
2386	1477.44	102.053
2387	1245.98	89.2162
2388	1275.12	93.8555
2389	1356.23	98.9122
2390	1164.61	89.412
2391	1250.65	87.9243
2392	1355.14	102.21
2393	1192.19	82.9268
2394	1331.04	94.3566
2395	1161.93	83.8455
2396	1264.62	83.8914
2397	1671.84	114.355
2398	1358.58	100.304
2399	1148.48	79.8296
2400	1164.13	94.1661
2401	1167.07	85.1465
2402	1179.37	86.6682
2403	1173.51	90.8304
2404	1241.45	94.5169
2405	1383.83	95.8722
2406	1238.65	89.3439
2407	1122.24	78.3467
2408	1163.63	87.0847
2409	1192.5	90.9698
2410	1210.72	94.314
2411	1157.81	85.606
2412	1274.32	94.2672
2413	1164.86	89.4893
2414	1587.68	112.543
2415	1557.99	109.064
2416	1165.73	80.0553
2417	1660.88	107.965
2418	1415.74	103.43
2419	1523.45	112.428
2420	1299.44	95.8128
2421	1163.74	90.1767
2422	1866.09	141.39
2423	1165.63	90.2035
2424	1288.98	93.8599
2425	1291.46	91.8877
2426	1341.27	94.1846
2427	1278.37	89.3162
2428	1856.35	134.665
2429	1712.27	118.114
2430	1147.07	82.5706
2431	1157.47	85.2605
2432	1268.19	87.9976
2433	1120.59	82.0045
2434	-1	-1
2435	1216.39	92.9153
2436	1180.21	87.7212
2437	1447.81	108.269
2438	1156.61	88.7303
2439	1167.43	91.8601
2440	1445.08	107.986
2441	1169.84	81.8154
2442	1212.56	88.4809
2443	1190.54	84.6911
2444	1158.28	83.8304
2445	1141.58	87.97
2446	1251.41	91.2742
2447	1163.41	87.1442
2448	1157.14	86.1447
2449	1201.85	85.865
2450	1176	90.6006
2451	1155.79	82.9481
2452	1374.87	102.758
2453	1156.58	84.6617
2454	1145.64	81.4946
2455	-1	-1
2456	1597.41	122.825
2457	1658.32	125.363
2458	1140.02	79.8249
2459	1150.85	84.8877
2460	1169.89	92.3159
2461	1156.52	87.3464
2462	1140.52	85.2532
2463	1179.18	89.2569
2464	1142.31	87.3233
2465	1200.94	83.1651
2466	1153.36	92.935
2467	1172.58	92.9928
2468	1148.41	83.8622
2469	1237.89	90.7233
2470	1155.85	87.8077
2471	1146.69	84.5428
2472	1542.64	112.855
2473	1519.82	115.798
2474	1834.44	135.03
2475	1337.47	98.3492
2476	1358.48	101.738
2477	1179.39	92.8351
2478	1245.17	86.8741
2479	1310.54	72.0161
2480	1136.53	83.9634
2481	1175.52	87.145
2482	1153.86	81.8929
2483	1191.39	86.7766
2484	1156.25	86.5449
2485	1129.09	81.6264
2486	1159.27	87.9778
2487	1430.79	98.1854
2488	1217.54	90.4082
2489	1174.43	85.2335
2490	1180.33	83.5332
2491	1412.97	103.346
2492	1244.66	93.7215
2493	1408.2	101.134
2494	1407.54	109.442
2495	1137.52	84.1934
2496	1165.59	86.3101
2497	1152.68	86.9402
2498	1226.61	85.4313
2499	1166.9	85.7429
2500	1531.14	110.927
2501	1334.21	92.7187
2502	1162.23	84.2883
2503	1444.78	99.2759
2504	1046.3	77.8326
2505	1303.71	110.509
2506	1142	85.3179
2507	1444.08	108.006
2508	1124.23	81.0051
2509	1175.22	88.2652
2510	1162.17	85.6122
2511	1141.99	81.2881
2512	1177.95	84.2706
2513	1150.58	85.7168
2514	1179.05	83.947
2515	1163.79	88.2682
2516	1337.14	92.5733
2517	1154.4	84.107
2518	1166.41	80.02
2519	1133.44	83.0682
2520	1166.93	89.6918
2521	1295.94	94.6023
2522	1382.92	100.595
2523	1174.47	88.7934
2524	1327.75	96.4549
2525	1121.04	76.4296
2526	1305.75	89.057
2527	1184.47	109.59
2528	1155	79.9528
2529	1200.17	87.4714
2530	1153.27	87.9182
2531	1234.37	84.4778
2532	1137.73	82.3128
2533	1153.88	85.2924
2534	1150.56	81.8808
2535	1132.05	80.5125
2536	1145.95	82.1012
2537	1191.44	86.9006
2538	1167.65	78.748
2539	1201.94	87.0884
2540	1724.19	121.656
2541	1253.3	85.5597
2542	1139.43	81.2743
2543	1222.3	91.6872
2544	1171.95	88.3172
2545	1245.25	88.9753
2546	1109.01	112.991
2547	1343.2	96.9191
2548	1157.03	88.078
2549	1261.19	87.8696
2550	1198.14	91.7736
2551	1548.62	109.428
2552	1126.86	78.222
2553	1163.4	81.654
2554	1165.11	91.2432
2555	1107.35	84.2413
2556	1363.25	99.9364
2557	1163.71	87.7517
2558	1474.93	98.4338
2559	1512.77	104.29
2560	1141.51	80.5725
2561	1144.79	78.209
2562	1210.39	86.9271
2563	1602.6	110.848
2564	1135.82	79.2843
2565	1127.84	78.6228
2566	1147.66	82.4236
2567	1700.33	122.618
2568	1172.57	88.1694
2569	1611.03	116.044
2570	1158.31	84.3113
2571	1101.91	79.8605
2572	1180.62	91.0148
2573	1185.72	89.1018
2574	1155.1	86.8688
2575	1198.73	87.4778
2576	1161.94	83.5473
2577	1180.17	87.2177
2578	1176.67	85.6827
2579	1197.75	84.1802
2580	1645.19	114.353
2581	1165.66	89.1096
2582	1563.71	118.637
2583	1286.03	95.3427
2584	1179	86.1396
2585	1165.84	85.668
2586	1173.04	90.3103
2587	1176.13	86.2518
2588	1186.41	89.0491
2589	1156.26	84.6983
2590	1096.38	80.505
2591	1146.86	80.3099
2592	1168.28	82.0873
2593	1159.26	83.4785
2594	1333.24	99.5044
2595	1203.02	89.0557
2596	-1	-1
2597	-1	-1
2598	-1	-1
2599	-1	-1
2600	-1	-1
2601	-1	-1
2602	-1	-1
2603	-1	-1
2604	-1	-1
2605	-1	-1
2606	-1	-1
2607	-1	-1
2608	-1	-1
2609	-1	-1
2610	-1	-1
2611	-1	-1
2612	-1	-1
2613	-1	-1
2614	-1	-1
2615	-1	-1
2616	-1	-1
2617	-1	-1
2618	-1	-1
2619	-1	-1
2620	-1	-1
2621	-1	-1
2622	-1	-1
2623	-1	-1
2624	-1	-1
2625	-1	-1
2626	-1	-1
2627	-1	-1
2628	-1	-1
2629	-1	-1
2630	-1	-1
2631	-1	-1
2632	-1	-1
2633	-1	-1
2634	-1	-1
2635	-1	-1
2636	-1	-1
2637	-1	-1
2638	-1	-1
2639	-1	-1
2640	-1	-1
2641	-1	-1
2642	-1	-1
2643	-1	-1
2644	-1	-1
2645	-1	-1
2646	-1	-1
2647	-1	-1
2648	-1	-1
2649	-1	-1
2650	-1	-1
2651	-1	-1
2652	-1	-1
2653	-1	-1
2654	-1	-1
2655	-1	-1
2656	-1	-1
2657	-1	-1
2658	-1	-1
2659	-1	-1
2660	-1	-1
2661	-1	-1
2662	-1	-1
2663	-1	-1
2664	-1	-1
2665	-1	-1
2666	-1	-1
2667	-1	-1
2668	-1	-1
2669	-1	-1
2670	-1	-1
2671	-1	-1
2672	-1	-1
2673	-1	-1
2674	-1	-1
2675	-1	-1
2676	-1	-1
2677	-1	-1
2678	-1	-1
2679	-1	-1
2680	-1	-1
2681	-1	-1
2682	-1	-1
2683	-1	-1
2684	-1	-1
2685	-1	-1
2686	-1	-1
2687	-1	-1
2688	-1	-1
2689	-1	-1
2690	-1	-1
2691	-1	-1
2692	-1	-1
2693	-1	-1
2694	-1	-1
2695	-1	-1
2696	-1	-1
2697	-1	-1
2698	-1	-1
2699	-1	-1
2700	-1	-1
2701	-1	-1
2702	-1	-1
2703	-1	-1
2704	-1	-1
2705	-1	-1
2706	-1	-1
2707	-1	-1
2708	-1	-1
2709	-1	-1
2710	-1	-1
2711	-1	-1
2712	-1	-1
2713	-1	-1
2714	-1	-1
2715	-1	-1
