0	1180.95	104.063
1	1158.76	110.273
2	1690.81	161.88
3	1177.4	99.6182
4	1382.26	120.116
5	1169.36	118.229
6	824.285	79.4622
7	1217.41	117.485
8	1167.32	109.271
9	1250.61	85.7534
10	1150.97	76.9239
11	1266.25	133.046
12	1119.81	110.744
13	1469.37	157.408
14	1174.44	157.133
15	1155.13	91.583
16	1472.63	117.765
17	1194.4	107.529
18	1206.71	142.156
19	1223.53	108.657
20	1483.48	121.785
21	1119.53	143.023
22	1006.83	97.1595
23	841.346	102.478
24	810.211	84.6247
25	1166.23	131.426
26	879.956	213.531
27	874.292	81.6742
28	1063.54	262.475
29	1000.53	126.614
30	1043.02	75.5063
31	886.177	97.2514
32	1163.72	145.189
33	1101.86	103.418
34	1177.59	113.261
35	1169.9	99.7847
36	758.875	80.6787
37	1129.39	81.9882
38	948.485	89.6413
39	1037	93.0335
40	976.087	95.2194
41	900.31	85.5448
42	1178.07	110.216
43	906.902	86.8616
44	835.623	83.3262
45	736.355	46.5209
46	809.53	71.7256
47	1171.78	93.9574
48	1168.16	104.513
49	1136.79	96.033
50	1145.71	97.4306
51	1051.29	316.954
52	1158.7	105.913
53	1251.48	119.345
54	1629.35	125.656
55	1186.11	94.1755
56	1144.21	108.576
57	1262.29	106.007
58	1170.76	97.8809
59	1411.83	126.611
60	1166.99	99.3897
61	1406.86	154.664
62	1124.11	160.783
63	955.868	354.935
64	1132.75	83.9385
65	1375.37	120.733
66	1306.49	130.855
67	1316.69	100.344
68	1053.2	329.436
69	1018.83	110.005
70	980.743	115.679
71	880.968	118.199
72	614.903	107.966
73	969.322	79.4698
74	983.089	95.3845
75	1110.17	94.3791
76	905.957	103.152
77	1262.02	137.994
78	1021.21	172.691
79	699.843	117.498
80	905.982	87.2212
81	853.791	82.6751
82	905.201	73.9016
83	1252.99	110.259
84	892.836	93.5208
85	1140.48	105.761
86	1053.78	117.554
87	1099.44	122.365
88	743.69	108.455
89	938.543	92.3557
90	993.255	85.1137
91	1066.42	105.001
92	748.515	99.1813
93	1048.51	98.2767
94	1036.94	82.216
95	1154.24	164.348
96	1195.85	121.346
97	1503	136.775
98	1573.92	111.406
99	1133.31	380.226
100	1179.3	116.42
101	1151.34	98.3605
102	1144.53	102.49
103	1414.55	123.136
104	1175.31	106.609
105	1217.96	124.722
106	1267.28	183.519
107	1646.25	172.682
108	1368.32	109.07
109	1189.25	120.525
110	1126.66	128.247
111	1936.66	137.048
112	1132.08	188.253
113	1167.44	148.115
114	1195.3	94.8662
115	968.708	370.861
116	907.788	333.208
117	763.056	379.293
118	1049.97	99.2945
119	1012.27	114.849
120	820.704	119.114
121	1053.45	79.8854
122	1167.02	100.609
123	1118.68	129.835
124	901.9	121.204
125	1010.33	119.256
126	1062.75	127.463
127	726.051	152.586
128	1022.68	177.174
129	656.464	56.1651
130	1012.85	124.114
131	828.843	112.099
132	726.074	64.7517
133	896.355	78.2537
134	1138.68	106.283
135	1101.41	91.6409
136	1161.99	196.888
137	1037.89	97.8555
138	923.072	65.2753
139	873.508	75.0826
140	1092.26	84.8306
141	1212.9	114.232
142	1163.89	96.6545
143	942.087	78.4851
144	1164.64	102.467
145	1154.68	96.0607
146	1128.54	98.4945
147	1348.8	115.196
148	1116.96	116.06
149	1335.28	127.498
150	1244.07	136.747
151	1106.16	122.853
152	1154.7	77.6091
153	1573.07	151.603
154	1486.99	221.566
155	1147.07	136.616
156	1373.25	120.712
157	1298.61	452.169
158	1777.58	121.42
159	991.09	401.858
160	1692.5	165.441
161	1563.21	149.444
162	1076.17	132.124
163	1216.75	477.261
164	1286.17	106.328
165	837.74	213.704
166	909.037	103.593
167	633.767	143.943
168	885.091	129.403
169	997.783	110.985
170	988.397	103.8
171	1142.44	133.471
172	1190.54	140.913
173	1072.18	96.9865
174	1134.85	152.094
175	1040.35	193.544
176	871.831	124.043
177	900.621	74.5617
178	1147.51	97.8902
179	1004.24	109.675
180	806.066	83.0075
181	922.595	116.145
182	995.261	106.548
183	1191	115.666
184	1211.62	110.643
185	727.14	75.2271
186	1169.49	152.838
187	958.876	88.0346
188	1076.54	97.3413
189	1084.99	91.0628
190	842.71	71.5442
191	280.065	0.247514
192	1532.18	140.686
193	1130.25	86.7449
194	1126.83	108.239
195	1208.39	101.599
196	1187.13	142.149
197	1217.13	113.647
198	1177.25	95.973
199	1246.77	106.045
200	1605.25	168.651
201	1288.44	122.966
202	1194.47	121.107
203	1091.9	103.371
204	1160.43	84.7322
205	1198.38	138.548
206	1153.8	113.574
207	1137.41	249.395
208	1198.55	120.932
209	1174.98	104.915
210	1216.86	99.2415
211	1058.91	145.846
212	1827.92	146.507
213	1046.75	165.843
214	880.159	112.893
215	625.29	239.862
216	906.236	110.569
217	762.805	161.036
218	936	358.243
219	1130.2	142.687
220	1191.18	142.666
221	947.928	126.383
222	1008.23	112.042
223	977.316	71.2941
224	1097.6	139.564
225	850.835	114.435
226	851.725	81.7487
227	899.205	99.9243
228	958.796	107.528
229	1105.03	142.66
230	788.522	64.2973
231	734.494	48.3358
232	810.611	81.1331
233	784.448	79.7392
234	1120.18	86.4736
235	1152.06	119.578
236	831.369	72.623
237	743.552	105.178
238	1177.81	123.457
239	720.136	90.2627
240	1149.15	102.487
241	1109.55	112.906
242	1328.5	99.7922
243	1186.83	123.351
244	1161.85	114.77
245	1204.65	139.668
246	1199.65	121.59
247	1145.72	114.843
248	1430.33	182.966
249	1243.84	169.368
250	1494.99	112.445
251	1180.69	113.779
252	1192.9	102.233
253	1179.66	110.067
254	1236.12	110.202
255	1104.45	161.983
256	1481.82	167.337
257	911.309	331.221
258	1396.06	268.745
259	1162.58	92.9117
260	1715.47	276.325
261	767.059	134.683
262	1132.35	148.456
263	1089.37	145.063
264	773.064	306.281
265	1137.68	93.2759
266	788.744	97.7418
267	938.717	179.99
268	996.347	184.324
269	947.626	116.705
270	844.143	64.1448
271	775.604	86.5842
272	986.659	110.603
273	894.442	107.747
274	1151.03	138.484
275	1327.18	141.191
276	849.181	109.613
277	900.881	104.151
278	890.129	94.3287
279	785.998	74.7372
280	1020.88	89.1417
281	1035.51	107.827
282	741.512	60.6242
283	871.953	99.6983
284	900.345	92.1069
285	842.614	49.1692
286	920.659	132.031
287	936.836	50.0864
288	1229.03	97.1846
289	1308.1	98.1503
290	1513.24	107.889
291	1119.54	160.623
292	1205.42	105.929
293	1129.97	148.418
294	1236.2	121.602
295	1159.6	102.137
296	1194.89	101.468
297	1124.15	128.805
298	1191.35	109.743
299	1209.42	121.159
300	1167.47	96.5653
301	1301.03	110.513
302	1188.92	94.3188
303	930.73	330.076
304	1019.33	303.877
305	1133.22	139.653
306	1173.82	93.0569
307	1131.35	338.622
308	1130.16	93.8941
309	935.712	202.443
310	1008.97	115.194
311	991.389	338.331
312	807.784	97.1523
313	1142.64	98.1131
314	926.404	82.0533
315	956.944	117.725
316	886.834	127.828
317	1719.75	165.252
318	966.668	97.1926
319	789.395	87.7265
320	1156.68	120.587
321	1012.68	122.338
322	811.922	149.086
323	869.746	90.817
324	900.897	98.6523
325	1333.12	103.91
326	980.239	92.4741
327	924.416	75.6383
328	879.882	187.489
329	1175.43	115.766
330	1039.86	95.5004
331	953.457	99.8463
332	1198.95	128.393
333	1153.43	114.269
334	807.403	77.9806
335	863.264	89.7933
336	1079.86	381.568
337	1181.24	106.26
338	1198.63	109.242
339	1566.25	111.292
340	1177.27	85.7466
341	1216.5	103.883
342	1147.28	106.2
343	1338.99	106.979
344	1195.5	131.779
345	1374.32	177.987
346	1173.87	95.6738
347	1204.29	91.0351
348	1580.69	150.873
349	1183.5	100.135
350	1160.19	93.3665
351	1192.52	124.448
352	1107.36	111.499
353	1143.27	182.673
354	1506.61	163.987
355	1177.97	96.4315
356	1578.36	126.867
357	419.2	70.2004
358	1000.17	118.872
359	908.763	287.235
360	1079.58	112.278
361	969.954	141.496
362	950.392	134.074
363	2069.39	161.479
364	1258.36	139.595
365	1027.85	149.392
366	869.841	68.0079
367	1142.63	155.97
368	1125.56	91.5443
369	1091.34	101.48
370	800.537	168.87
371	977.633	164.733
372	986.608	89.9941
373	1025.32	85.4829
374	855.233	67.1211
375	1582.97	138.323
376	1169.76	107.027
377	1032.45	84.6444
378	776.795	78.4564
379	1163.15	110.657
380	1115.27	103.237
381	1119.34	100.336
382	1052.8	86.1155
383	886.486	81.5106
384	1187.1	100.919
385	1424.89	152.63
386	1556.03	149.053
387	1384.49	121.938
388	1351.97	121.175
389	1284.44	190.064
390	1208.48	102.136
391	1208.64	146.901
392	1142.61	100.903
393	1170.12	124.075
394	1194.66	119.04
395	1153.39	104.735
396	1181.01	99.6951
397	1331.79	93.6622
398	1116.37	96.3614
399	1171.18	144.284
400	1136.1	98.1716
401	1148.59	96.3468
402	1348	145.451
403	1160.33	122.361
404	989.247	388.557
405	966.515	72.1777
406	870.633	119.474
407	1090.93	116.365
408	1055.37	118.226
409	888.309	110.037
410	924.907	88.6676
411	871.046	118.001
412	857.708	66.6105
413	938.447	84.0313
414	775.067	91.3703
415	1098.22	78.3436
416	903.843	79.9614
417	838.71	158.009
418	1079.4	90.5664
419	369.606	40.3431
420	820.402	85.2042
421	956.213	95.7873
422	878.048	75.3834
423	1120.55	76.3556
424	1173.74	97.3473
425	934.341	87.9316
426	1162.38	100
427	997.198	98.247
428	1035.68	75.8228
429	803.823	71.2635
430	1104.56	101.446
431	991.97	79.3438
432	1158.58	121.279
433	1339.71	93.6868
434	1128.57	105.892
435	1220.32	98.2028
436	1129.36	105.077
437	1057.8	183.649
438	1577.67	159.072
439	1215.45	109.149
440	1366.42	118.461
441	1539.84	151.104
442	1147.19	103.644
443	1409.71	115.15
444	1158.94	135.924
445	979.944	339.22
446	1265.41	110.727
447	1201.85	121.492
448	1131.83	93.2543
449	1131.17	152.036
450	1515.89	110.499
451	1141.92	140.906
452	971.122	341.089
453	636.317	106.753
454	906.627	135.035
455	1121.47	141.313
456	889.071	288.861
457	901.909	94.1733
458	931.358	177.13
459	790.887	103.138
460	787.99	104.194
461	952.095	126.35
462	1042.23	101.375
463	1197.13	144.232
464	887.251	101.231
465	799.403	155.981
466	845.796	127.687
467	940.726	93.953
468	1090.79	85.4073
469	903.992	128.795
470	1113.37	131.766
471	395.618	55.4925
472	815.46	66.1366
473	1017.83	85.4234
474	1090.41	102.545
475	1010.53	69.2457
476	1095.51	121.853
477	944.992	87.0379
478	1086.05	109.338
479	921.938	87.1368
480	1282.7	150.716
481	1205.6	112.95
482	1288.98	117.717
483	1183.6	96.477
484	1154.45	105.409
485	1451.12	156.589
486	1194.42	104.803
487	1187.52	92.6742
488	1158.2	111.17
489	940.694	338.981
490	1428.67	122.764
491	1170.88	112.607
492	1162.01	97.8234
493	1292.82	102.392
494	1573.8	143.656
495	1083.02	142.626
496	1057.8	155.447
497	1301.52	133.417
498	917.342	291.15
499	1090.25	113.078
500	1096.25	425.397
501	894.016	103.962
502	987.154	113.708
503	1059.03	402.76
504	965.702	324.406
505	878.219	84.6098
506	756.512	169.113
507	1002.77	129.238
508	992.193	97.6178
509	1102.82	155.809
510	1060.61	91.2241
511	988.447	98.5269
512	867.094	74.1481
513	1182.11	102.295
514	779.698	67.6087
515	1067.05	79.4744
516	972.25	80.6039
517	1053.89	101.737
518	1061.06	110.192
519	505.93	49.1103
520	444.946	52.877
521	1178.89	138.17
522	1034.52	89.5363
523	1015.94	104.291
524	1089.04	76.151
525	1177.17	111.861
526	1144.63	87.7022
527	1002.52	79.6293
528	1197.54	119.315
529	1549.11	171.653
530	1119.43	121.339
531	985.09	131.349
532	1237.59	101.144
533	1178.35	97.9002
534	1164.65	102.309
535	1196.57	112.026
536	1174.03	98.3424
537	875.427	294.734
538	1141.11	109.483
539	1174.12	110.26
540	1117.64	105.046
541	1145.35	105.918
542	1172	100.053
543	1136.28	100.014
544	1242.98	111.754
545	1228.63	114.545
546	1125.09	421.894
547	1362.97	100.369
548	1157.95	159.853
549	1157.33	102.326
550	791.825	206.654
551	1009.48	134.812
552	883.24	89.471
553	382.705	71.3911
554	682.722	198.946
555	926.158	93.2646
556	773.966	215.305
557	774.945	122.922
558	1072.06	134.502
559	796.297	82.2204
560	822.816	127.566
561	815.087	86.0226
562	770.502	71.7116
563	947.625	87.7651
564	865.727	94.7819
565	1154.2	101.451
566	1060.44	90.932
567	904.512	72.0509
568	1028.23	118.032
569	1172.61	101.43
570	781.331	63.5161
571	1110.13	100.881
572	1128.66	90.8129
573	887.63	68.6582
574	1191.57	112.18
575	1047.76	71.0914
576	1191.4	126.136
577	1440.46	130.955
578	1326.05	134.097
579	1138.85	97.1717
580	1347.69	124.252
581	1260.86	130.017
582	1408.53	120.668
583	1388.08	131.672
584	1096.19	122.015
585	1161.66	94.0553
586	1144.57	93.8507
587	1280.97	113.7
588	1355.83	129.954
589	1337.35	143.139
590	1115.54	174.955
591	1059.38	344.303
592	1288.14	111.324
593	887.836	310.397
594	970.216	332.939
595	1106.32	156.491
596	1048.53	205.514
597	934.947	131.644
598	1076.9	110.874
599	1063.1	160.765
600	1398.65	123.716
601	867.905	78.176
602	1111.59	145.334
603	869.481	334.963
604	903.454	278.659
605	786.826	167.869
606	878.388	115.097
607	645.971	94.4111
608	704.791	108.434
609	801.653	100.006
610	1027.27	125.464
611	886.433	68.9199
612	814.566	76.4849
613	1168.68	109.891
614	1130.94	83.1936
615	959.479	76.5124
616	1119.73	121.548
617	946.571	73.8971
618	949.266	76.6923
619	887.771	73.928
620	1047.83	91.4987
621	1138.2	80.0821
622	1145.39	91.9835
623	1053.63	102.903
624	1422.9	110.243
625	1139.53	88.5603
626	1163.14	89.1412
627	1112.19	113.149
628	1165.6	91.4322
629	1199.37	110.668
630	1266.54	110.865
631	1175.5	113.848
632	1302.22	140.829
633	1007.16	336.104
634	1157.91	93.6752
635	966.734	328.213
636	1124.04	94.5361
637	1299.87	122.265
638	1159.07	112.178
639	1211.87	165.346
640	1516.21	137.518
641	1012.36	327.291
642	1269.34	151.812
643	1046.15	335.515
644	554.264	318.25
645	793.498	257.324
646	683.497	149.924
647	692.239	119.17
648	1063.52	166.73
649	764.682	143.353
650	1101.3	165.627
651	1017.29	137.026
652	754.467	176.09
653	708.009	220.176
654	1095.04	101.347
655	1076.65	120.151
656	799.769	97.8158
657	878.572	131.135
658	1131.54	108.996
659	1125.96	68.0063
660	931.906	75.799
661	1057.12	99.664
662	1163.26	93.2785
663	1054.63	82.5432
664	1031.14	109.409
665	1214.02	128.552
666	936.122	87.4828
667	1039.03	88.2007
668	1145.32	101.487
669	870.376	66.698
670	1046.82	105.565
671	1164.62	97.8282
672	1150.86	100.88
673	1107.7	145.277
674	1328.6	107.022
675	1187.93	203.79
676	1250.39	106.238
677	1259.96	140.35
678	1219.43	110.703
679	1157.08	112.016
680	1249.89	124.965
681	1430.73	101.091
682	1142.35	98.9325
683	1189.63	101.866
684	1406.04	158.716
685	1413.93	138.059
686	1341.43	112.365
687	1140.53	136.11
688	1150.48	105.227
689	1158.83	103.355
690	1199.54	550.765
691	1067.39	171.109
692	1082.15	386.372
693	811.86	264.396
694	1020.04	223.549
695	1071.9	183.493
696	793.708	294.574
697	920.876	139.512
698	1057.94	131.753
699	1132.37	147.349
700	1066.22	120.792
701	920.186	157.245
702	708.469	164.637
703	1129.68	87.1736
704	1041.28	116.926
705	983.853	111.882
706	1123.07	120.812
707	1036.92	105.271
708	1151.71	108.913
709	936.88	75.0253
710	1137.89	95.8751
711	1135.46	86.9961
712	1124.06	102.326
713	1060.91	95.806
714	1159.71	124.163
715	1104.09	83.2806
716	1133.47	88.1511
717	1114.45	116.403
718	1154.44	89.1285
719	854.014	73.6659
720	1274.93	115.762
721	1085.92	124.359
722	1132.37	132.401
723	1271.76	109.125
724	1437.76	110.323
725	1134.16	118.096
726	1255.75	106.307
727	1284.85	108.457
728	1138.79	101.82
729	1280.51	114.479
730	1248.07	103.991
731	1375.03	106.488
732	1138.3	116.088
733	1163.03	94.3312
734	1109.83	99.5751
735	1167.09	123.89
736	1019.81	333.165
737	1107.47	121.081
738	1242.19	420.935
739	975.179	338.444
740	1211.78	118.533
741	766.868	259.661
742	870.137	164.954
743	987.758	174.939
744	1146.81	150.335
745	719.387	126.332
746	649.908	93.7269
747	897.644	118.187
748	1054.51	212.765
749	1031.09	151.017
750	1073.07	147.232
751	887.306	124.294
752	812.087	97.135
753	1198.22	117.378
754	1041.45	106.814
755	876.722	95.1138
756	851.832	64.1002
757	770.477	105.397
758	881.815	81.9901
759	1212.02	127.186
760	1176.7	153.855
761	1043.63	70.9167
762	1152.91	129.23
763	1126.85	94.6552
764	960.737	77.9867
765	819.477	80.6891
766	1162.49	114.855
767	928.275	90.2533
768	1286.97	113.902
769	1422.2	137.298
770	1450.29	118.975
771	1649.39	140.938
772	1277.26	155.803
773	1349.11	117.773
774	1179.09	103.673
775	1264.71	104.754
776	1249.04	104.349
777	1221.37	124.599
778	1254.91	104.238
779	1114.25	114.013
780	1162.92	185.76
781	1145.12	83.8833
782	1196.33	115.81
783	922.523	359.701
784	1287.92	108.091
785	1196.85	129.311
786	1191.67	517.987
787	1193.52	138.207
788	1273.97	163.558
789	1163.39	112.048
790	829.007	306.151
791	903.333	257.772
792	1061.33	133.132
793	759.116	92.5931
794	816.977	122.721
795	925.196	299.141
796	846.786	322.394
797	987.286	90.4465
798	798.286	212.882
799	1039.92	82.217
800	1066.39	101.323
801	1029.75	116.519
802	807.643	88.6734
803	1125.42	137.922
804	1156.91	111.954
805	757.966	143.364
806	1121.67	131.358
807	1017.75	127.805
808	1152.55	156.184
809	1209.38	113.35
810	957.58	82.334
811	870.615	94.3876
812	999.238	73.6119
813	1057.08	90.2525
814	1070.98	131.472
815	879.977	115.387
816	1110.24	122.699
817	1099.77	127.713
818	1440.19	141.666
819	1150.31	104.012
820	1285.49	110.492
821	1210.47	102.61
822	1192.49	111.072
823	1416.02	129.176
824	1451.27	151.405
825	1262.01	99.1764
826	1183.98	125.019
827	1209.37	106.297
828	1177.18	108.459
829	1192.16	96.9404
830	1348.97	106.415
831	1094.56	115.971
832	1187.08	87.8409
833	1126.55	135.84
834	1065.49	193.63
835	869.111	331.984
836	1124.11	424.876
837	877.081	240.366
838	1160.52	127.025
839	1041.31	124.599
840	774.602	108.676
841	1066.28	187.373
842	874.481	185.914
843	1054.01	149.297
844	994.639	115.966
845	795.519	203.714
846	972.829	192.349
847	823.063	95.1683
848	1065.09	108.801
849	947.363	104.993
850	904.364	120.284
851	1106.97	220.237
852	1494.6	158.952
853	888.192	82.6239
854	875.417	136.868
855	950.636	67.5669
856	803.841	89.1575
857	960.132	98.8417
858	1122.12	87.3145
859	867.297	88.5216
860	1166.05	102.667
861	942.916	69.7935
862	1141.87	134.373
863	1159.14	66.4636
864	1250.24	81.8137
865	1156.8	112.976
866	1256.3	132.608
867	1357.75	106.613
868	1129.14	123.892
869	1067.24	107.453
870	1140.3	109.354
871	1149.16	93.5116
872	1176.47	107.61
873	1549.94	174.124
874	1144.96	119.163
875	1125.78	108.725
876	1442.47	146.772
877	1227.97	111.094
878	957.561	422.968
879	1165.09	90.2713
880	1296.57	117.843
881	959.104	98.9787
882	1243.25	164.87
883	890.788	455.415
884	1156.71	136.406
885	879.981	308.441
886	774.226	113.481
887	845.344	132.351
888	828.573	115.694
889	736.299	92.0435
890	744.357	215.493
891	1187.94	103.436
892	642.319	129.273
893	1078.65	168.444
894	581.34	99.445
895	802.931	124.585
896	906.565	162.998
897	1136.63	105.1
898	720.726	69.563
899	1051.62	92.3699
900	962.182	100.441
901	744.381	57.6025
902	1164.32	108.987
903	1064.52	90.9184
904	768.656	70.0343
905	940.708	87.2952
906	780.868	96.1864
907	1158.78	109.514
908	848.721	111.53
909	1233.95	85.6968
910	1100.92	102.724
911	847.413	110.613
912	1186.48	98.6702
913	1245.69	88.7094
914	1365.8	126.051
915	1252.43	92.9295
916	1176.41	111.823
917	1172.26	118.72
918	1193.42	120.979
919	1195.08	92.8139
920	1157.07	121.472
921	1133.95	131.992
922	1289.59	122.805
923	1312.08	121.799
924	1206.1	107.705
925	1070.77	338.643
926	1275.24	119.14
927	1123.88	94.2073
928	1003.16	336.432
929	1350.48	117.489
930	1174.02	108.809
931	784.05	320.666
932	1143.85	435.822
933	484.788	91.7541
934	492.73	73.7539
935	1050.79	174.645
936	405.378	320.088
937	761.192	77.6588
938	1101.52	137.653
939	768.712	83.9529
940	582.22	75.016
941	507.569	93.7933
942	967.586	160.079
943	721.244	87.991
944	1166.9	107.882
945	1053.31	104.051
946	980.533	78.5356
947	909.818	89.3463
948	1146	131.166
949	895.372	111.013
950	1139.34	105.773
951	1059.18	114.427
952	961.46	73.4312
953	1121.06	73.9661
954	1125.85	90.5925
955	1042.63	126.646
956	1163.35	86.3688
957	1067.67	114.971
958	959.473	79.0756
959	474.133	44.6427
960	1284.42	228.278
961	1644.41	88.2068
962	1122.67	98.8223
963	1148.84	90.0051
964	1193.93	108.271
965	1468.07	76.5855
966	1187.98	101.165
967	1187.58	93.3433
968	1148.5	97.715
969	1447.4	132.243
970	1386.23	134.491
971	1337.08	116.167
972	1244.57	107.825
973	1205.64	89.3486
974	1341.34	125.957
975	1014.08	469.154
976	1215.75	119.493
977	1101.29	115.486
978	1331.22	141.353
979	1059.77	471.291
980	1200.93	489.775
981	878.059	113.679
982	963.769	151.575
983	678.247	113.363
984	1133.55	88.7828
985	695.322	112.331
986	1017.07	202.329
987	933.225	101.675
988	988.224	84.372
989	930.097	89.9693
990	1136.28	113.492
991	957.773	74.5792
992	1032.23	146.249
993	1076.85	96.7415
994	1145.68	139.662
995	749.881	71.9828
996	971.574	117.134
997	926.881	91.1636
998	1168.39	106.465
999	909.088	101.028
1000	1207.97	113.298
1001	1179.21	99.5523
1002	1404.8	96.9589
1003	1106.45	81.9304
1004	1108.07	101.07
1005	1198.56	102.328
1006	1250.89	95.7726
1007	1481.28	133.574
1008	1260.98	113.385
1009	1171.83	131.897
1010	1343.25	93.7677
1011	1173.95	103.617
1012	1195.45	104.92
1013	969.879	462.647
1014	1191.25	126.7
1015	1224.23	123.789
1016	1134.98	144.047
1017	1160.74	412.223
1018	907.341	469.499
1019	1299.61	438.224
1020	1163.27	205.16
1021	919.525	151.452
1022	857.802	134.717
1023	1546.63	139.811
1024	1045.95	195.623
1025	1115.34	118.169
1026	1026.94	96.4117
1027	1212.39	190.544
1028	1143.36	86.6304
1029	1091.89	101.847
1030	1150.96	94.9136
1031	992.415	116.828
1032	1099.39	95.4988
1033	1011.45	108.007
1034	1157.62	120.851
1035	1125.05	86.6024
1036	864.673	102.683
1037	1138.23	79.1164
1038	1115.44	135.865
1039	926.489	81.0977
1040	1275.26	125.527
1041	1174.59	104.505
1042	1539.49	192.52
1043	1297.77	142.925
1044	1244.98	88.2601
1045	1104.05	133.059
1046	1154.48	86.3718
1047	1286.09	123.255
1048	2039.21	198.49
1049	1244.67	99.0341
1050	1304.26	142.141
1051	1095.49	114.759
1052	1074.74	131.004
1053	1746.74	158.075
1054	1136.71	99.7643
1055	1717.85	162.644
1056	1173.28	160.511
1057	1066.68	133.615
1058	1036.1	473.968
1059	1205.38	537.047
1060	1070.12	620.057
1061	682.016	125.868
1062	924.276	146.623
1063	731.42	245.956
1064	879.97	89.6942
1065	769.892	198.353
1066	831.324	123.58
1067	1131.93	94.8527
1068	1026.45	107.229
1069	1179.83	120.597
1070	1106.56	104.79
1071	1162.72	107.655
1072	1100.84	148.994
1073	973.855	80.3409
1074	764.397	90.8679
1075	1110.05	79.5756
1076	1114.8	89.3796
1077	998.835	77.0161
1078	866.667	102.803
1079	1100.23	100.507
1080	1819.9	141.9
1081	1372.33	144.812
1082	1162.84	111.321
1083	1182.17	88.1908
1084	1182.98	92.8264
1085	1076.53	115.652
1086	1161.22	98.442
1087	1271.92	122.09
1088	1175.32	112.454
1089	1120.24	89.509
1090	1155.64	102.897
1091	1408.39	100.774
1092	1193.14	126.273
1093	1236.39	91.7151
1094	1127.54	161.037
1095	1084.68	412.722
1096	1269.93	97.9008
1097	1168.2	144.743
1098	1055.7	162.244
1099	768.689	324.555
1100	654.884	161.668
1101	532.543	90.8496
1102	851.172	181.926
1103	1240.11	111.934
1104	760.475	204.176
1105	1030.53	172.863
1106	1137.71	97.2957
1107	907.702	122.921
1108	981.088	144.807
1109	1173.47	93.7241
1110	1023	293.457
1111	1130.12	113.488
1112	723.94	77.3403
1113	978.995	78.0475
1114	739.772	53.9635
1115	1168.83	107.062
1116	734.315	45.0401
1117	904.253	86.3815
1118	980.131	81.5266
1119	955.215	84.4891
1120	1475.4	138.611
1121	1491.71	112.525
1122	1449.21	67.4086
1123	1478.26	105.064
1124	1173.22	107.64
1125	1176.92	118.808
1126	1460.58	129.238
1127	1175.58	106.282
1128	1247.59	129.095
1129	1153.07	82.6278
1130	1603.24	143.375
1131	1163.62	426.982
1132	1109.16	105.638
1133	1163.3	97.7644
1134	1548.29	129.991
1135	1193.24	112.323
1136	1254.12	136.906
1137	1083.84	257.187
1138	1240.27	618.295
1139	793.95	439.788
1140	790.222	95.9809
1141	855.272	332.013
1142	953.269	99.9403
1143	1090.53	121.959
1144	588.503	110.403
1145	1133.31	120.351
1146	763.203	71.8178
1147	1077.12	98.2857
1148	853.546	84.6731
1149	899.041	74.4667
1150	1015.03	107.681
1151	832.694	88.5512
1152	908.167	80.3722
1153	1059.21	114.249
1154	1142.99	122.994
1155	1140.67	119.58
1156	1096.31	92.8101
1157	1020.48	117.057
1158	1069.17	89.5232
1159	1055.07	136.454
1160	1494.97	112.503
1161	1159.74	103.156
1162	1206.36	114.254
1163	1187.97	88.244
1164	1146.58	90.0774
1165	1161.1	97.883
1166	1246.54	114.62
1167	1203.59	129.937
1168	1141.01	97.3734
1169	1127.4	132.276
1170	1161.56	102.39
1171	1028.09	399.14
1172	1206.81	104.661
1173	1170.68	109.842
1174	1287.57	106.276
1175	1517.41	161.992
1176	1655.33	157.48
1177	1288.4	159.969
1178	1093	157.995
1179	1215.72	440.989
1180	1106.53	420.418
1181	799.004	235.386
1182	897.559	310.207
1183	784.084	139.416
1184	950.921	127.542
1185	987.135	104.663
1186	1191.9	100.632
1187	855.964	164.507
1188	923.288	126.338
1189	965.933	80.5664
1190	1041.62	99.2438
1191	685.118	73.8129
1192	1150.71	118.418
1193	1186.46	133.498
1194	1094.63	119.551
1195	935.304	78.3639
1196	1098.79	81.0372
1197	788.004	85.1125
1198	863.65	101.674
1199	770.622	79.5384
1200	1170.61	100.49
1201	1391.6	91.4028
1202	1519.61	109.455
1203	1333.66	103.902
1204	1523.6	128.871
1205	1266.92	164.623
1206	1253.29	97.2639
1207	1137.12	79.9546
1208	1264.87	108.695
1209	1141	84.1375
1210	1321.32	105.249
1211	1114.36	483.267
1212	1100.52	126.047
1213	1488.32	154.845
1214	1371.05	150.695
1215	1304.72	111.335
1216	1621.41	205.477
1217	1314.78	118.696
1218	443.482	546.498
1219	929.797	257.831
1220	1208.36	161.962
1221	976.987	308.663
1222	764.284	284.758
1223	1046.9	116.531
1224	1149.22	108.526
1225	767.012	88.7672
1226	1123.22	87.9369
1227	1028.09	354.17
1228	1086.52	75.3042
1229	971.313	111.135
1230	1090.15	98.7175
1231	1031.26	92.1351
1232	987.36	89.1168
1233	906.899	84.4102
1234	922.127	76.3123
1235	1114.78	74.2141
1236	1158.34	112.475
1237	862.924	100.501
1238	870.972	64.3063
1239	847.579	74.91
1240	1393.41	88.9754
1241	1125.58	89.826
1242	1181.96	101.75
1243	1175.91	103.293
1244	1252.93	94.3304
1245	1033.8	290.826
1246	1209.76	124.622
1247	1190.64	116.713
1248	1081.64	131.131
1249	1541.94	128.761
1250	1154.25	111.29
1251	1229.33	110.797
1252	1091.71	346.12
1253	1267.79	192.234
1254	1191.79	104.605
1255	1096.2	156.996
1256	1269.38	132.023
1257	1334.26	115.314
1258	1333.98	696.515
1259	1394.03	127.109
1260	697.36	202.172
1261	822.473	259.91
1262	812.939	98.5575
1263	679.285	106.801
1264	1072.86	112.704
1265	825.429	83.361
1266	977.646	262.03
1267	1125.44	79.6856
1268	960.094	122.501
1269	1109.02	84.2979
1270	825.529	134.286
1271	1090.38	121.337
1272	1136.82	72.2371
1273	943.878	68.2574
1274	951.524	84.9467
1275	789.358	80.582
1276	765.48	56.7631
1277	739.079	62.5878
1278	939.505	77.2974
1279	792.064	63.9561
1280	1416.86	107.959
1281	1327.37	100.921
1282	1515.43	111.421
1283	1183.92	119.019
1284	1193.42	95.2315
1285	1412.13	120.274
1286	1738.1	190.313
1287	1426.73	99.4946
1288	1326.91	103.729
1289	1043.17	194.23
1290	1211.81	109.22
1291	1336.07	116.864
1292	1216.41	262.935
1293	1262.85	120.091
1294	1146.38	111.242
1295	1448.6	170.848
1296	1022.26	305.176
1297	1540.79	146.891
1298	887.673	308.908
1299	873.072	291.198
1300	1062.05	134.582
1301	1168.77	123.081
1302	1069.51	481.988
1303	875.554	328.387
1304	1096.22	104.384
1305	1064.2	371.777
1306	1014.14	335.666
1307	912.929	311.971
1308	775.514	115.34
1309	1054.24	169.636
1310	1161.36	101.042
1311	783.066	221.966
1312	976.236	118.947
1313	1040.48	106.763
1314	818.401	114.859
1315	777.326	100.971
1316	806.214	149.384
1317	963.682	85.9424
1318	764.066	215.121
1319	1039.61	79.2138
1320	684.142	61.1499
1321	958.028	83.5898
1322	739.823	134.838
1323	678.216	63.5906
1324	859.644	62.4736
1325	766.869	79.5974
1326	1371.68	98.6352
1327	779.243	73.7421
1328	1190.69	98.2305
1329	1163.25	70.4443
1330	1279.71	107.692
1331	1243.57	155.91
1332	1530.13	133.785
1333	1184.48	145.153
1334	1388.54	108.463
1335	1388.21	123.645
1336	1142.65	90.7692
1337	1096.69	80.1263
1338	1120.93	96.6625
1339	1158.64	95.7766
1340	1467.28	106.163
1341	1290.31	119.628
1342	1472.43	121.126
1343	1201.54	103.736
1344	930.326	325.861
1345	987.042	356.805
1346	1267.03	134.701
1347	845.654	333.982
1348	991.237	376.553
1349	1507.9	210.666
1350	1248.9	149.979
1351	1025.32	449.344
1353	784.162	424.692
1354	1160.89	119.453
1355	1225	121.616
1356	696.318	198.918
1357	682.309	99.1758
1358	668.972	151.915
1359	648.647	79.1355
1360	880.427	78.1927
1361	721.051	89.2893
1362	970.727	121.29
1363	1145.38	98.0462
1364	753.285	122.42
1365	760.357	63.4723
1366	954.645	72.1779
1367	605.491	123.059
1368	765.961	76.6399
1369	579.198	42.7853
1370	1030.66	73.8209
1371	1036.35	119.724
1372	1005.91	65.8156
1373	1032.76	94.5472
1374	1026.21	84.7672
1375	756.29	51.4142
1376	1437.28	156.369
1377	1138.69	76.6697
1378	1221.03	105.832
1379	1173.94	91.8589
1380	1473.1	100.235
1381	1326	95.1048
1382	1198.71	115.91
1383	1122.02	105.084
1384	1159.32	98.2489
1385	1328.67	114.332
1386	1194.19	91.852
1387	1183.65	148.486
1388	1353.66	110.955
1389	1159.87	138.136
1390	953.434	366.253
1391	1214.37	115.323
1392	1012.79	339.196
1393	1111.19	88.6033
1394	964.51	367.975
1395	986.901	362.703
1396	996.626	400.766
1397	1207.16	318.931
1398	1158.92	108.395
1399	1128.31	114.807
1400	885.28	282.197
1401	1155.22	108.82
1402	866.602	396.623
1403	904.879	285.519
1404	575.662	184.927
1405	999.619	166.154
1406	857.162	120.879
1407	715.234	99.9932
1408	912.367	152.945
1409	850.918	72.9623
1410	1160.29	94.5832
1411	1184.14	141.128
1412	911.648	92.3577
1413	879.419	79.43
1414	767.381	74.087
1415	971.255	97.4433
1416	736.089	60.7712
1417	597.286	152.875
1418	1021.6	68.4245
1419	895.411	86.9734
1420	1152.58	132.053
1421	938.505	71.4073
1422	1167.14	125.85
1423	868.891	84.6858
1424	1139.78	117.044
1425	1410.72	115.815
1426	1183.23	99.1249
1427	1117.28	67.6483
1428	1411.36	110.893
1429	1314.43	137.02
1430	1575.64	116.392
1431	1186.03	120.407
1432	1130.49	102.466
1433	1117.96	112.507
1434	1200.06	111.921
1435	1442.79	121.13
1436	1312.13	118.552
1437	1132.14	114.807
1438	1112.85	83.6962
1439	1276.1	116.825
1440	1073.1	156.922
1441	1210.2	103.506
1442	985.922	314.697
1443	1142.34	180.736
1444	1290.24	96.2359
1445	1132.67	166.108
1446	1212.16	135.023
1447	936.939	266.878
1448	1014.84	392.731
1449	929.021	450.201
1450	1232.05	97.7748
1451	971.87	355.758
1452	1303.18	129.9
1453	903.121	103.841
1454	666.833	173.106
1455	998.079	274.442
1456	740.548	75.4891
1457	1119.41	101.811
1458	876	151.709
1459	734.278	45.0761
1460	1044.92	161.093
1461	838.841	86.0527
1462	737.73	203.451
1463	570.031	41.1829
1464	795.313	69.1399
1465	1109.26	90.8652
1466	849.37	92.1896
1467	924.658	70.6248
1468	811.258	72.5807
1469	979.474	86.048
1470	962.832	121.642
1471	746.251	65.2369
1472	1132.21	111.689
1473	1203.43	100.567
1474	1096.86	76.4094
1475	1163.42	113.094
1476	1576.19	147.643
1477	1182.42	107.068
1478	1200.48	130.508
1479	1358.68	113.746
1480	1159.25	108.864
1481	1150.52	94.4438
1482	1257.48	116.425
1483	1291.62	129.046
1484	1210.33	101.737
1485	1540.22	133.457
1486	1260.94	111.42
1487	1362.29	128.246
1488	1828.16	777.954
1489	1407.15	130.973
1490	1109.62	147.984
1491	968.803	305.906
1492	1060.73	385.025
1493	937.313	316.159
1494	1131.48	105.49
1495	1101.22	151.947
1496	751.885	293.967
1497	1069.75	103.134
1498	869.756	262.606
1499	859.228	337.584
1500	1109.08	151.389
1501	812.079	106.946
1502	1024.02	150.248
1503	932.564	82.7609
1504	930.478	117.51
1505	1096.4	134.759
1506	1015.6	146.117
1507	808.045	86.1457
1508	1118.74	115.206
1509	912.539	86.1377
1510	1125.55	80.3588
1511	1029.43	103.461
1512	910.629	124.313
1513	875.045	75.6204
1514	1052.54	74.6184
1515	1005.67	132.929
1516	875.436	82.0703
1517	1007.93	87.9509
1518	1034.85	97.7451
1519	965.912	66.2217
1520	1308.36	84.2968
1521	1495.92	86.9737
1522	1321.07	105.811
1523	1237.8	101.97
1524	875.11	59.8759
1525	1198.89	87.9657
1526	1142.95	122.257
1527	1390.76	117.972
1528	1319.86	154.896
1529	1179.97	502.963
1530	1508.46	149.286
1531	1240.84	125.234
1532	1151.74	97.2929
1533	1375.81	120.989
1534	1318.27	129.129
1535	1474.38	125.757
1536	1207.13	151.478
1537	1226.42	114.9
1538	1008.48	293.369
1539	1185.12	92.6858
1540	1153.15	127.261
1541	1498.99	127.242
1542	875.938	273.398
1543	907.225	280.666
1544	1154.62	96.4465
1545	1039.11	372.418
1546	1068.18	374.165
1547	1115.22	104.46
1548	1122.77	136.613
1549	926.047	346.836
1550	1049.25	364.266
1551	905.164	140.424
1552	1197.98	118.401
1553	989.215	135.985
1554	1037.93	206.114
1555	1156.54	105.024
1556	989.298	102.387
1557	744.112	171.975
1558	1024.6	107.166
1559	1162.62	101.422
1560	1046.13	90.9702
1561	1148.84	116.999
1562	942.971	90.5533
1563	1048.7	125.192
1564	972.231	84.3663
1565	855.79	78.6297
1566	918.822	80.1437
1567	1123.06	97.141
1568	1251.66	94.7994
1569	1575.49	150.941
1570	1282.87	102.914
1571	1160.46	79.7406
1572	1174.62	93.8361
1573	1320.12	146.631
1574	1163.69	100.804
1575	1233.66	89.2444
1576	1195.45	128.397
1577	1162.31	132.459
1578	1209.44	109.529
1579	1310.65	103.058
1580	1311.92	93.9058
1581	1292.09	76.6614
1582	1053.92	441.668
1583	1216.54	142.861
1584	1567.17	130.521
1585	1258.88	83.7172
1586	1286.81	99.0981
1587	1229.29	112.617
1588	1082.75	186.455
1589	1110.91	386.26
1590	1169.68	96.4373
1591	1075.38	135.977
1592	715.002	606.392
1593	1195.27	488.786
1594	1189.44	363.134
1595	1337.71	102.133
1596	1100.02	104.976
1597	918.856	315.403
1598	1052.2	103.065
1599	1033.29	418.548
1600	957.606	97.7008
1601	901.816	205.886
1602	992.274	157.114
1603	1048.67	93.0375
1604	1042.36	74.6574
1605	1066.18	155.045
1606	1121.26	103.182
1607	1177.66	110.025
1608	889.362	98.3343
1609	945.802	85.3321
1610	982.222	95.3081
1611	1033.22	98.826
1612	1269.59	109.498
1613	1057.54	75.9549
1614	980.067	82.6441
1615	1050.46	73.8088
1616	1365.8	101.541
1617	1438.52	126.344
1618	1385.43	112.877
1619	1418.48	91.5225
1620	1530.77	112.949
1621	1156.24	102.583
1622	1479.74	144.343
1623	1518.44	107.132
1624	1157.65	108.55
1625	1194.22	100.413
1626	1280.06	99.2794
1627	1205.24	114.829
1628	1440.22	109.339
1629	1131.85	151.807
1630	1260.4	77.7093
1631	1114.5	110.409
1632	1104.6	90.124
1633	1086.17	98.6941
1634	1273.84	103.786
1635	1425.42	179.629
1636	1287.64	174.149
1637	969.114	310.022
1638	1098.14	508.884
1639	1116.07	117.94
1640	866.347	460.195
1641	1165.67	128.467
1642	1006.4	295.254
1643	1124.33	105.285
1644	1057.39	78.3138
1645	852.987	104.257
1646	1054.14	114.022
1647	942.513	237.303
1648	1106.37	102.223
1649	802.438	130.123
1650	969.729	321.074
1651	895.729	129.231
1652	1061.13	103.041
1653	1354.44	107.775
1654	1131.5	91.979
1655	785.252	63.8768
1656	988.479	87.0936
1657	1122.89	90.0362
1658	1043.27	86.3252
1659	1181.97	127.176
1660	1129.3	88.3854
1661	838.56	63.3051
1662	1155.15	87.0162
1663	1019.17	84.2908
1664	1180.13	108.088
1665	1210.5	103.993
1666	1177.43	101.175
1667	1187.46	111.515
1668	1236.59	78.8256
1669	1169.22	109.931
1670	1137.08	92.6428
1671	1345.27	121.454
1672	1251.72	103.196
1673	1149.68	93.2258
1674	1523.54	118.727
1675	1272.91	93.5315
1676	1162.96	91.7726
1677	1313.86	145.707
1678	1193.04	104.427
1679	1340.26	113.094
1680	1494.25	129.049
1681	1131.25	420.852
1682	1116.18	106.973
1683	1755.37	239.551
1684	1175.03	96.0804
1685	1020.7	408.224
1686	1376.48	169.223
1687	1254.05	92.6445
1688	320.723	28.143
1689	1102.43	316.885
1690	1098.75	156.041
1691	1145.05	111.948
1692	1127.41	97.7398
1693	1050.38	137.42
1694	1129.62	154.807
1695	1141.09	97.861
1696	1040.2	102.735
1697	905.163	289.258
1698	1027.63	130.634
1699	835.463	111.651
1700	1070.73	86.0168
1701	1192.85	117.576
1702	932.371	77.102
1703	1037.86	71.1581
1704	1049.87	81.584
1705	984.418	193.56
1706	864.265	122.957
1707	1210.41	107.5
1708	1128.75	97.3579
1709	1141.28	77.8291
1710	992.731	101.086
1711	1134.7	67.9802
1712	1236.25	101.718
1713	1206.41	129.322
1714	1231.38	117.284
1715	1146.24	128.08
1716	1411.59	103.684
1717	1206.04	90.8089
1718	1336.43	113.072
1719	1353.34	120.109
1720	1467.71	96.6541
1721	1356.58	120.397
1722	1591.22	121.576
1723	1197.29	96.6946
1724	1172.71	79.0354
1725	1156.2	89.9231
1726	1575.3	124.698
1727	1232.99	112.863
1728	1175.38	118.511
1729	1427.1	91.2653
1730	1211.3	115.861
1731	1207.31	86.5846
1732	1205.41	110.182
1733	1152.71	368.154
1734	1380.49	112.382
1735	871.121	386.111
1736	1181.76	102.547
1737	1200.37	149.804
1738	1284.34	124.947
1739	1365.86	117.734
1740	972.945	130.598
1741	979.417	134.356
1742	1083.75	115.171
1743	1179.21	110.063
1744	907.508	86.696
1745	753.738	123.195
1746	698.103	177.762
1747	915.104	103.149
1748	1113.4	79.639
1749	887.192	93.3269
1750	1175.24	141.518
1751	960.065	78.4222
1752	938.244	75.6238
1753	858.661	116.946
1754	1106.71	83.0656
1755	656.711	63.8599
1756	912	93.7723
1757	761.722	74.3523
1758	1136.74	90.4039
1759	785.992	93.0297
1760	1137.1	86.9175
1761	1169.96	72.0389
1762	1231.14	97.4331
1763	1348.89	119.896
1764	1262.72	94.5199
1765	1607.91	161.84
1766	1345.24	83.9843
1767	1218.66	92.4672
1768	1156.13	97.9793
1769	1140.32	121.17
1770	1389.38	123.812
1771	1207.63	109.071
1772	1192.09	108.479
1773	1115.84	120.179
1774	1183.87	81.5538
1775	1330.61	142.47
1776	1077.28	121.741
1777	1192.56	105.259
1778	1299.36	150.114
1779	1170.04	92.206
1780	1325.25	101.543
1781	1199.23	150.915
1782	1344.78	126.647
1783	1128.75	474.499
1784	2298.07	215.204
1785	1197.14	157.462
1786	1151.28	119.11
1787	1097.86	93.638
1788	718.196	180.327
1789	1074.04	79.3284
1790	430.041	67.0136
1791	1067.65	148.642
1792	976.778	94.0538
1793	1159.41	102.537
1794	797.348	91.7793
1795	920.945	138.456
1796	1137.5	113.321
1797	1105.85	71.6701
1798	1018.12	262.04
1799	397.481	55.3305
1800	826.13	76.4172
1801	909.603	121.088
1802	983.094	90.6425
1803	1034.63	76.9287
1804	1018.01	82.249
1805	942.517	62.0662
1806	1040.55	81.8194
1807	979.752	73.8019
1808	1459.7	112.378
1809	1286.13	137.309
1810	1198.83	100.3
1811	1291.03	110.964
1812	1441.3	102.531
1813	1211.56	131.2
1814	1181.12	105.406
1815	1136.97	82.7115
1816	1391.43	100.858
1817	1103.57	131.728
1818	1162.68	119.497
1819	1137.87	97.9429
1820	1226.79	97.5184
1821	1228.09	112.099
1822	1293.05	124.593
1823	1150.26	100.358
1824	1129.16	103.552
1825	898.438	276.905
1826	1166.9	106.744
1827	1113.54	100.203
1828	1177	94.5623
1829	1319.18	148.619
1830	1192.92	108.844
1831	1119.32	102.833
1832	1007.48	419.334
1833	1245.12	112.399
1834	1152.79	94.9341
1835	1355.61	122.28
1836	913.806	278.028
1837	993.978	110.592
1838	915.494	128.626
1839	957.914	82.7156
1840	895.313	106.059
1841	917.105	116.133
1842	1042.41	169.616
1843	888.949	152.678
1844	1060.9	115.179
1845	888.918	104.985
1846	1133.99	93.0622
1847	746.6	71.2963
1848	1141.19	101.594
1849	904.369	180.25
1850	1160.56	85.9175
1851	940.672	89.9939
1852	1149.82	123.065
1853	1079.91	110.717
1854	1018.44	107.309
1855	1030.36	87.5572
1856	1225.6	130.581
1857	1187.41	105.542
1858	1276.43	93.3023
1859	1308.11	113.215
1860	1152.66	94.1394
1861	1174.23	76.5377
1862	1145.8	95.3252
1863	1191.31	102.367
1864	1515.26	103.437
1865	1169.7	100.454
1866	1142.37	86.2898
1867	1145	94.8082
1868	1151.42	108.009
1869	1459.09	130.687
1870	1291.05	116.708
1871	1097.49	133.295
1872	1146.81	149.202
1873	1137.25	85.3193
1874	1157.49	114.349
1875	1082.51	137.031
1876	1178.64	91.1157
1877	1387.51	137.628
1878	939.726	268.713
1879	1383.7	908.375
1880	700.977	682.253
1881	1179.07	151.349
1882	990.107	263.267
1883	1197.61	103.154
1884	867.571	273.939
1885	867.904	126.349
1886	967.379	101.342
1887	1040.59	89.5782
1888	907.456	90.7878
1889	671.115	158.954
1890	838.016	105.307
1891	903.899	113.796
1892	788.499	72.161
1893	822.598	98.746
1894	805.089	177.113
1895	653.022	163.855
1896	779.485	247.041
1897	783.445	102.733
1898	394.237	65.4698
1899	280.065	0.248838
1900	788.594	103.096
1901	1055.56	84.2479
1902	941.202	91.2057
1903	1186.3	96.4727
1904	1252.56	150.666
1905	1410.3	118.864
1906	1217.71	107
1907	1367.18	105.6
1908	1218.36	103.041
1909	1146.55	127.598
1910	1010.91	179.603
1911	1304.65	97.8818
1912	1348.21	108.905
1913	1197.97	107.225
1914	1469.47	147.146
1915	1192.67	109.03
1916	1134.08	142.853
1917	1123.06	96.1397
1918	1281.13	112.757
1919	1239.31	138.827
1920	1078.89	126.647
1921	1099.23	125.658
1922	1156.03	134.214
1923	1139.63	114.602
1924	1151.25	86.6173
1925	1124.82	97.9141
1926	1020.77	430.896
1927	1119.83	142.151
1928	1354.71	205.195
1929	1043.74	409.29
1930	1163.2	99.6381
1931	1140.65	103.371
1932	731.334	90.925
1933	860.15	101.534
1934	1064.5	118.445
1935	794.505	84.6069
1936	873.628	120.488
1937	853.508	94.4261
1938	801.02	197.425
1939	771.697	87.2085
1940	1250.05	91.0662
1941	1118.61	83.4591
1942	1094.51	138.3
1943	731.816	64.6267
1944	1163.61	116.229
1945	969.244	104.737
1946	779.268	76.3413
1947	961.68	76.9142
1948	1088.41	83.7792
1949	796.539	88.6897
1950	991.3	102.38
1951	838.334	69.6527
1952	1146.03	95.0038
1953	1141.93	107.831
1954	1165.64	93.9957
1955	1656.85	144.817
1956	1510.14	124.076
1957	1424.59	132.971
1958	1271.88	127.8
1959	1341.46	127.971
1960	1150.14	103.561
1961	1426.51	116.849
1962	1268.76	81.7535
1963	1277.95	110.252
1964	1722.63	171.274
1965	1203.73	99.1249
1966	1471.89	129.996
1967	1118.54	121.349
1968	1635.83	142.857
1969	1410.17	98.0472
1970	1180.54	116.153
1971	1135.16	403.386
1972	1109.66	132.706
1973	1288.56	97.3859
1974	1086.4	149.442
1975	1379.25	134.6
1976	759.773	572.802
1977	947.226	291.788
1978	1205.9	99.5522
1979	952.807	367.488
1980	830.522	139.924
1981	921.322	108.105
1982	1058.79	176.706
1983	1072.72	145.856
1984	844.015	278.494
1985	697.7	178.325
1986	1524.46	132.367
1987	1193.29	122.589
1988	816.983	83.9947
1989	784.968	92.891
1990	679.49	190.184
1991	860.683	69.2635
1992	1217.08	113.243
1993	834.413	114.935
1994	696.308	207.398
1995	954.129	75.75
1996	1041.13	106.831
1997	1084.1	101.712
1998	788.143	101.599
1999	787.19	76.1932
2000	1150.34	103.395
2001	1127.88	77.7653
2002	1123.08	87.5143
2003	1141.8	115.113
2004	1444.07	134.344
2005	1132.75	101.575
2006	1185.31	107.346
2007	1157.63	97.6785
2008	1112.84	75.9632
2009	1318.36	118.157
2010	1183.98	103.421
2011	1101.65	136.785
2012	1130.23	111.64
2013	1099.42	107.835
2014	1194.86	111.185
2015	1119.29	131.012
2016	1167.76	119.518
2017	1240.24	106.891
2018	1272.81	129.664
2019	841.931	470.756
2020	1171.68	111.635
2021	1187.44	99.9708
2022	1159.32	143.322
2023	1246.17	116.038
2024	1574.23	144.933
2025	1208.31	112.46
2026	1178.59	102.055
2027	1248.01	142.586
2028	947.641	72.9601
2029	879.602	216.692
2030	810.237	127.525
2031	988.535	104.255
2032	987.531	115.697
2033	974.746	138.864
2034	926.834	99.3683
2035	1159.41	136.029
2036	938.14	83.2545
2037	1013.38	88.3435
2038	998.618	116.433
2039	749.302	63.3095
2040	1192.09	126.105
2041	791.14	71.4811
2042	1027.61	97.7986
2043	965.341	77.2763
2044	1209.49	125.392
2045	1043.7	103.343
2046	1156.88	110.63
2047	807.437	63.2569
2048	1163.35	95.4778
2049	1176.82	118.881
2050	1370.15	108.551
2051	1158.05	201.77
2052	1301.95	95.4141
2053	1146.52	78.5342
2054	1137.14	70.3811
2055	1182.77	99.8968
2056	1239.72	98.6527
2057	1169.26	103.739
2058	1167.86	85.1078
2059	1156.24	97.8602
2060	1197.85	96.7978
2061	1176.65	89.887
2062	1178.43	117.694
2063	1160.47	122.658
2064	1107.18	88.6538
2065	1186.9	210.851
2066	1201.66	114.281
2067	1054.99	183.973
2068	1171.31	126.697
2069	1139.38	90.755
2070	1152.36	120.533
2071	1311.63	103.717
2072	1571.29	166.815
2073	999.248	462.805
2074	1180.03	119.001
2075	1083.22	137.584
2076	852.717	163.047
2077	833.901	100.212
2078	888.593	100.711
2079	1028.53	263.688
2080	999.019	93.7222
2081	1175.99	124.954
2082	1063.97	112.205
2083	740.325	207.982
2084	897.797	90.477
2085	600.486	127.753
2086	867.438	77.5797
2087	864.386	74.6183
2088	780.525	74.1407
2089	789.134	107.144
2090	1074.08	83.4242
2091	995.3	98.4388
2092	878.797	111.028
2093	849.838	92.4441
2094	871.989	69.4362
2095	662.712	48.475
2096	1222.08	122.533
2097	1195.76	89.1135
2098	1197.81	103.432
2099	1241.22	94.6128
2100	1199.54	151.397
2101	1165.56	99.3177
2102	1173.3	119.278
2103	1176.56	96.6796
2104	1168.41	116.793
2105	1153.16	106.157
2106	1360.87	124.797
2107	1158.56	440.59
2108	1391.37	82.176
2109	1181.71	139.795
2110	1122.89	126.074
2111	1156.34	135.57
2112	1157.59	107.504
2113	536.867	56.2186
2114	1138.59	91.3078
2115	1177.8	102.626
2116	1281.91	146.069
2117	1374.68	548.718
2118	1165.09	117.617
2119	1202.95	606.49
2120	1388	135.641
2121	1192.25	109.881
2122	1199.11	108.807
2123	1111.46	119.861
2124	1035.66	237.918
2125	1092.6	371.996
2126	838.591	156.325
2127	1149.51	98.5584
2128	651.663	76.4574
2129	1065.79	105.358
2130	825.456	282.534
2131	926.558	125.251
2132	859.213	164.813
2133	837.955	105.301
2134	853.077	64.3661
2135	1001.68	109.084
2136	1057.39	102.18
2137	1069.7	135.374
2138	1138.5	101.463
2139	1458.46	114.089
2140	1033.49	76.6115
2141	1187.18	126.447
2142	1102.16	153.824
2143	900.12	98.5296
2144	1618.53	186.211
2145	1236.74	116.718
2146	1163.5	100.749
2147	1224.82	88.6816
2148	1167.46	118.563
2149	1431.2	115.364
2150	1162.19	155.766
2151	1167.82	96.1405
2152	1227.21	129.428
2153	1151.85	110.587
2154	1363.98	111.34
2155	1116.72	101.995
2156	1230.43	117.317
2157	1161.9	84.8251
2158	901.257	179.749
2159	1194.5	91.3624
2160	1258.81	135.51
2161	1214.53	135.507
2162	1185.33	109.526
2163	1242.96	130.723
2164	1185.43	124.466
2165	1160.03	109.98
2166	1083.95	359.268
2167	1197.64	101.838
2168	1145.04	117.144
2169	1734.83	167.458
2170	1147.84	82.2703
2171	1171.45	92.9467
2172	1146.63	93.9416
2173	1026.95	71.4268
2174	648.414	44.7868
2175	899.564	78.8926
2176	903.734	119.772
2177	983.315	234.009
2178	737.053	87.3437
2179	790.925	78.018
2180	874.055	128.76
2181	833.537	106.104
2182	1107.84	83.8773
2183	911.706	89.2029
2184	1201.83	136.043
2185	1019.84	92.5869
2186	1130.41	110.182
2187	908.114	92.1003
2188	1060.02	87.0399
2189	652.834	47.8519
2190	1469.64	113.414
2191	760.657	85.4399
2192	1160.36	91.2286
2193	1263.43	136.876
2194	1175.06	105.246
2195	1130.45	78.3405
2196	1171.14	99.7851
2197	1203.37	107.562
2198	1232.14	129.032
2199	1152.02	87.5476
2200	2302.21	199.871
2201	1442.55	154.741
2202	1184.14	122.365
2203	1153.78	99.0751
2204	1219.86	94.7577
2205	1174.74	95.8096
2206	1158.94	119.223
2207	1216.63	108.992
2208	1201.54	103.894
2209	1147.68	87.1143
2210	1269	133.576
2211	1208.65	106.043
2212	1355.33	140.315
2213	1308.24	110.873
2214	1063.54	283.863
2215	1252.49	113.591
2216	1194.31	110.233
2217	1273.84	145.166
2218	1213.97	116.257
2219	1148.24	105.505
2220	1138.12	112.481
2221	549.027	72.2433
2222	1194.49	61.0293
2223	1183.2	119.165
2224	843.388	103.153
2225	866.877	127.327
2226	595.643	131.866
2227	1144.88	81.5298
2228	717.124	96.4316
2229	1203.91	95.9884
2230	886.387	105.843
2231	813.997	92.4996
2232	1136.94	119.26
2233	1168.96	133.731
2234	953.553	89.3976
2235	756.618	264.923
2236	819.683	77.4159
2237	987.403	82.7238
2238	904.406	101.722
2239	753.06	52.9822
2360	1183.8	89.2912
2361	1235.28	101.257
2362	1595.26	133.748
2363	1173.84	79.1906
2364	1152.84	107.357
2365	1177.13	75.7375
2366	1159.2	81.9147
2367	1226.55	117.277
2368	1259.93	119.588
2369	1212.15	92.5425
2370	1235.53	129.663
2371	1170.77	96.024
2372	1191.32	123.12
2373	1539.5	133.931
2374	1472.85	105.242
2375	1243.73	94.9528
2376	1297.9	99.8667
2377	1275.92	154.86
2378	1415.95	113.094
2379	1078.24	84.6479
2380	1418.07	115.355
2381	1129.92	85.8805
2382	1147.93	70.4488
2383	1226.13	96.4373
2384	1187.71	75.452
2385	1202.82	85.2559
2386	1487.49	114.808
2387	1309.46	106.485
2388	1267.91	98.2818
2389	1384.74	108.261
2390	1155.21	81.2493
2391	1241.73	87.8464
2392	1353.52	134.204
2393	1180.49	89.259
2394	6238.36	3868.76
2395	1238.88	88.6329
2396	1224.66	96.9438
2397	1733.97	121.739
2398	1411.89	129.913
2399	1153.18	82.2291
2400	1149.16	91.7801
2401	1162.06	93.0104
2402	1196.54	103.509
2403	1204.7	76.2753
2404	1229.7	100.383
2405	1445.97	144.281
2406	1251.11	101.507
2407	1129.27	96.8542
2408	1191.6	83.596
2409	1227.96	100.687
2410	1188.12	95.0211
2411	1188.35	98.3902
2412	1285.97	100.626
2413	1184.75	81.3529
2414	1598.01	115.756
2415	1530.4	111.911
2416	1166.76	93.4871
2417	1728.03	213.229
2418	1414.29	108.701
2419	1520.12	126.907
2420	1363.17	116.856
2421	1166.31	91.3062
2422	1867.8	160.577
2423	1158.25	84.8849
2424	1303.37	89.4909
2425	1283.88	89.4922
2426	1343.26	101.504
2427	1293.59	95.0116
2428	1935.86	183.716
2429	1730.92	139.529
2430	1148.15	93.5034
2431	1154.11	77.2666
2432	1293.79	97.6911
2433	1139.69	90.1414
2434	-102.117	4.66201
2435	1423.15	349.343
2436	1186.48	78.5272
2437	1492.79	109.016
2438	1150.5	88.9979
2439	1150.55	100.128
2440	1458.97	101.248
2441	1216.48	90.4351
2442	1307.34	122.25
2443	1233.06	84.5561
2444	1163.34	87.4455
2445	1156.51	98.6734
2446	1256.79	79.1697
2447	1187.43	95.9706
2448	1160.54	84.5212
2449	1178.39	102.876
2450	1160.97	88.2575
2451	1148.95	81.5426
2452	1391.61	118.966
2453	1120.71	93.3607
2454	1165.06	89.1308
2456	1537.47	153.254
2457	1640.15	167.964
2458	1137.85	79.5473
2459	1157.85	93.6521
2460	1223.82	103.552
2461	1169.39	88.6956
2462	1107.98	84.7865
2463	1204	73.0629
2464	1195.93	97.7539
2465	1193.2	89.5864
2466	769.314	277.589
2467	1162.68	75.4974
2468	1173.81	66.7571
2469	1227.96	84.5948
2470	1177.53	99.6049
2471	1192.18	72.5071
2472	1542.84	106.329
2473	1537.71	128.269
2474	1804.79	156.709
2475	1349.17	112.108
2476	1362.82	129.801
2477	1194.19	99.7247
2478	1109.23	183.708
2480	1212.2	187.963
2481	1195.55	81.2596
2482	1142.76	84.151
2483	1214.85	96.4159
2484	1146.97	89.7393
2485	1173.99	88.6626
2486	1162.33	93.1685
2487	1450.76	101.099
2488	1222.41	100.109
2489	1201.92	97.1495
2490	1232.77	128.412
2491	-263.643	150.281
2492	1284.57	132.211
2493	1443.47	104.53
2494	1456.93	136.737
2495	1099.6	84.097
2496	1159.84	90.0276
2497	1138.97	107.444
2498	1228.57	94.7183
2499	1191.13	106.66
2500	1482.52	95.5237
2501	1340.84	87.4424
2502	1162.35	123.023
2504	3980.03	0.124917
2505	-4572.47	151.26
2506	1150.43	108.599
2507	1468.85	89.3968
2508	1149.37	91.2623
2509	1208.01	95.1193
2510	1161.3	76.235
2511	1159.13	87.8996
2512	1160.41	124.374
2513	1156	90.8254
2514	1174.14	75.156
2515	1146.1	71.3982
2516	1341.36	90.5933
2517	1142.81	97.1885
2518	1202.76	85.1885
2519	1151.71	78.1329
2520	1154.9	96.6243
2521	1332.09	99.7699
2522	1406.22	134.326
2523	1174.43	95.0566
2524	1323.09	103.344
2525	1149.79	96.4952
2526	-1139.29	71.4687
2528	1166.7	92.8452
2529	1203.45	98.2939
2530	1145.22	91.5891
2531	1229.6	85.4315
2532	1129.81	79.7844
2533	1165.19	81.1547
2534	1162.13	81.1007
2535	1140.62	84.1538
2536	1195.34	99.6154
2537	1185.47	95.2064
2538	1162.74	74.3786
2539	1189.97	110.995
2540	1672.4	97.6629
2541	1256.78	108
2542	1155.63	91.4757
2543	1231.19	97.6219
2544	1195.14	73.2055
2545	1224.34	91.5647
2546	1166.27	106.856
2547	1353.38	95.7291
2548	1153.15	90.455
2549	1246.79	91.9952
2550	1262.66	114.609
2551	1544.66	123.402
2552	1123.3	74.2455
2553	1165.63	84.8919
2554	1140.74	77.2336
2555	1133.91	78.1133
2556	1386.47	111.783
2557	1153.06	87.4225
2558	1441.94	132.57
2559	1540.84	145.023
2560	1174.59	99.5621
2561	1200.46	86.1038
2562	1214	105.01
2563	1673.61	120.438
2564	1130.48	85.6115
2565	1142.75	79.3956
2566	1148.11	87.5906
2567	1745.35	158.885
2568	1169.04	97.0288
2569	1667.24	179.772
2570	1170.58	69.7012
2571	1083.72	70.4433
2572	1184.04	67.0401
2573	1181.94	92.3611
2574	1153.77	79.3185
2575	1219.61	74.6599
2576	1142.39	76.9318
2577	1163.47	83.3532
2578	1204	85.4844
2579	1213.84	105.569
2580	1673.24	141.097
2581	1163.63	117.477
2582	1571.47	161.641
2583	1285.01	86.9263
2584	1168.24	85.8453
2585	1153.98	106.195
2586	1159.79	86.6849
2587	1223.57	107.121
2588	1226.91	99.6216
2589	1142.75	85.29
2590	1121.85	94.6127
2591	1172.09	97.0928
2592	1197.39	105.429
2593	1181.8	85.8278
2594	1317.27	95.8987
2595	1254.28	79.8688
