0	2082.54	1381.04	1400
1	2082.22	1381.15	1400
2	3732.19	1250	2069.45
3	2241.75	1327.8	1400
4	2829.77	1250	1569.07
5	2173.53	1349.64	1400
6	868.975	1750	869.018
7	2561.01	1250	1420.05
8	2215.43	1336.06	1400
9	1402.54	1747.89	1400
10	2444.64	1270.18	1400
11	1568.33	1628.54	1400
12	2393.93	1283.65	1400
13	3215.47	1250	1782.94
14	2631.61	1250	1459.19
15	2322.52	1303.63	1400
16	3302.78	1250	1831.34
17	2111.27	1370.82	1400
18	1961.62	1427.36	1400
19	2771.11	1250	1536.54
20	3227.99	1250	1789.87
21	1149.94	1750	1150
22	1039.58	1750	1039.63
23	889.988	1750	890.032
24	896.783	1750	896.828
25	1315.83	1750	1315.9
26	1064.52	1750	1064.57
27	883.427	1750	883.471
28	1310.74	1750	1310.81
29	1032.04	1750	1032.09
30	1046.21	1750	1046.26
31	922.333	1750	922.379
32	1212.09	1750	1212.16
33	992.357	1750	992.407
34	1227.68	1750	1227.74
35	1171.6	1750	1171.66
36	750.077	1750	750.115
37	1155.2	1750	1155.26
38	970.854	1750	970.902
39	983.726	1750	983.775
40	973.743	1750	973.792
41	910.771	1750	910.816
42	1163.95	1750	1164.01
43	909.907	1750	909.953
44	777.713	1750	777.751
45	697.287	1750	697.321
46	788.428	1750	788.467
47	2075.23	1383.68	1400
48	2207.2	1338.69	1400
49	2230.99	1331.15	1400
50	1819.51	1489.83	1400
51	2489.95	1258.62	1400
52	2110.43	1371.12	1400
53	2765.19	1250	1533.26
54	3309.02	1250	1834.81
55	2143.74	1359.62	1400
56	2404.09	1280.9	1400
57	2482.18	1260.57	1400
58	2374.34	1289.01	1400
59	3385.9	1250	1877.44
60	2418.88	1276.95	1400
61	2985.14	1250	1655.22
62	2666.06	1250	1478.29
63	2958.8	1250	1640.61
64	2251.64	1324.75	1400
65	3399.08	1250	1884.74
66	2760.51	1250	1530.66
67	2819.59	1250	1563.42
68	2251.35	1324.83	1400
69	1059.83	1750	1059.89
70	974.453	1750	974.501
71	941.999	1750	942.046
72	622.437	1750	622.468
73	1018.22	1750	1018.27
74	1003.4	1750	1003.45
75	1141.68	1750	1141.74
76	916.75	1750	916.795
77	1220.11	1750	1220.17
78	1369	1750	1369.07
79	787.447	1750	787.486
80	926.067	1750	926.113
81	852.163	1750	852.206
82	999.627	1750	999.677
83	1334.63	1750	1334.69
84	903.218	1750	903.263
85	1113.74	1750	1113.8
86	1015.07	1750	1015.12
87	1092.98	1750	1093.03
88	655.834	1750	655.867
89	942.703	1750	942.75
90	1082.07	1750	1082.12
91	1069.12	1750	1069.18
92	788.481	1750	788.52
93	1088.55	1750	1088.61
94	984.833	1750	984.882
95	1239.22	1750	1239.28
96	2331.09	1301.17	1400
97	3572.83	1250	1981.08
98	3264.18	1250	1809.94
99	2506.38	1254.53	1400
100	2066.71	1386.79	1400
101	2350.12	1295.76	1400
102	2067.21	1386.61	1400
103	3308.82	1250	1834.69
104	1985.36	1417.81	1400
105	2002.69	1410.99	1400
106	2788.93	1250	1546.43
107	3781.27	1250	2096.66
108	2849	1250	1579.73
109	2009.65	1408.28	1400
110	2240.6	1328.16	1400
111	4382.89	1250	2430.25
112	2622.62	1250	1454.21
113	2560.38	1250	1419.7
114	2185.86	1345.59	1400
115	2627.65	1250	1456.99
116	2519.86	1251.22	1400
117	989.097	1750	989.146
118	1552.86	1638.58	1400
119	1106.2	1750	1106.26
120	898.997	1750	899.041
121	1051.26	1750	1051.31
122	1487.12	1683.61	1400
123	1191.93	1750	1191.98
124	916.092	1750	916.137
125	1020.97	1750	1021.02
126	1038	1750	1038.05
127	805.446	1750	805.486
128	1066.63	1750	1066.68
129	665.665	1750	665.698
130	1025.67	1750	1025.72
131	865.093	1750	865.136
132	768.884	1750	768.923
133	852.807	1750	852.85
134	1061.56	1750	1061.61
135	2352.3	1295.15	1400
136	1148.36	1750	1148.42
137	1057.57	1750	1057.62
138	914.796	1750	914.841
139	868.954	1750	868.997
140	1037.22	1750	1037.27
141	1319.87	1750	1319.94
142	1355.22	1750	1355.29
143	1030.09	1750	1030.15
144	2646.41	1250	1467.4
145	2286.71	1314.13	1400
146	2479.09	1261.35	1400
147	2927.45	1250	1623.23
148	2293.85	1312.01	1400
149	3018.19	1250	1673.54
150	2664.67	1250	1477.52
151	2237.35	1329.17	1400
152	1969.04	1424.35	1400
153	3331.58	1250	1847.31
154	3398.8	1250	1884.59
155	2451.14	1268.5	1400
156	2992.38	1250	1659.24
157	2967.61	1250	1645.5
158	4143.8	1250	2297.68
159	2803.17	1250	1554.32
160	3694.53	1250	2048.57
161	3306.22	1250	1833.25
162	2196.11	1342.26	1400
163	2365.08	1291.57	1400
164	2727.65	1250	1512.45
165	976.224	1750	976.272
166	0	1750	0
167	0	1750	0
168	925.306	1750	925.352
169	1030.67	1750	1030.72
170	1098.82	1750	1098.88
171	1323.19	1750	1323.25
172	1191.11	1750	1191.17
173	1649.42	1579.05	1400
174	1137.54	1750	1137.6
175	1148.01	1750	1148.07
176	927.598	1750	927.644
177	856.812	1750	856.855
178	1420.35	1733.71	1400
179	1071.27	1750	1071.33
180	852.338	1750	852.381
181	976.62	1750	976.668
182	1018.71	1750	1018.76
183	1226.4	1750	1226.46
184	1170.16	1750	1170.22
185	788.281	1750	788.32
186	1172.62	1750	1172.68
187	981.917	1750	981.966
188	1092.09	1750	1092.15
189	1056.07	1750	1056.12
190	883.776	1750	883.82
191	297.812	1750	297.812
192	3920.15	1250	2173.67
193	2194.07	1342.92	1400
194	2369.67	1290.3	1400
195	2226.15	1332.67	1400
196	2607.22	1250	1445.67
197	2287.65	1313.85	1400
198	2438.36	1271.82	1400
199	2752.87	1250	1526.43
200	3522.78	1250	1953.34
201	2607.74	1250	1445.95
202	2869.71	1250	1591.22
203	2848.35	1250	1579.37
204	2274.28	1317.86	1400
205	2574.48	1250	1427.52
206	2380.24	1287.39	1400
207	2555.4	1250	1416.94
208	2445.51	1269.96	1400
209	2420.94	1276.4	1400
210	2809.44	1250	1557.8
211	2356.79	1293.89	1400
212	4219.04	1250	2339.4
213	1443.25	1715.99	1400
214	1012.26	1750	1012.31
215	1012.16	1750	1012.21
216	968.987	1750	969.035
217	905.296	1750	905.341
218	1199.45	1750	1199.51
219	1680.33	1561.47	1400
220	1291.4	1750	1291.46
221	975.225	1750	975.274
222	1083.18	1750	1083.23
223	1000.64	1750	1000.69
224	1406.78	1744.48	1400
225	865.93	1750	865.973
226	815.311	1750	815.352
227	912.83	1750	912.875
228	992.181	1750	992.231
229	1248.24	1750	1248.3
230	819.954	1750	819.995
231	617.533	1750	617.564
232	839.624	1750	839.666
233	818.021	1750	818.061
234	1122.18	1750	1122.24
235	2188.7	1344.66	1400
236	855.299	1750	855.342
237	816.625	1750	816.666
238	1208.99	1750	1209.05
239	920.837	1750	920.883
240	2858.48	1250	1584.99
241	2203.57	1339.85	1400
242	3462.4	1250	1919.85
243	2558.22	1250	1418.5
244	2371.11	1289.9	1400
245	1688.24	1557.08	1400
246	2714.77	1250	1505.3
247	2143.48	1359.71	1400
248	3428.64	1250	1901.13
249	2713.98	1250	1504.87
250	3497.18	1250	1939.14
251	2287.94	1313.77	1400
252	0	1750	0
253	2126.99	1365.36	1400
254	2654.1	1250	1471.66
255	2489.96	1258.62	1400
256	3017.62	1250	1673.23
257	1974.86	1422.01	1400
258	3451.56	1250	1913.84
259	1996.76	1413.31	1400
260	4447.32	1250	2465.98
261	778.618	1750	778.656
262	1032.22	1750	1032.27
263	1407.96	1743.53	1400
264	1317.28	1750	1317.34
265	1116.9	1750	1116.95
266	886.18	1750	886.224
267	1019.72	1750	1019.77
268	1089.41	1750	1089.46
269	1037.63	1750	1037.68
270	821.154	1750	821.195
271	794.405	1750	794.444
272	1072.87	1750	1072.93
273	918.326	1750	918.371
274	1283.44	1750	1283.5
275	1364.59	1750	1364.66
276	875.697	1750	875.74
277	1108.55	1750	1108.6
278	912.769	1750	912.815
279	724.365	1750	724.401
280	1059.57	1750	1059.62
281	1119.9	1750	1119.96
282	788.166	1750	788.205
283	939.546	1750	939.592
284	915.133	1750	915.179
285	893.375	1750	893.42
286	1165.23	1750	1165.29
287	929.084	1750	929.13
288	2588.48	1250	1435.27
289	2828.14	1250	1568.17
290	3356.01	1250	1860.86
291	2584.73	1250	1433.19
292	2106.24	1372.59	1400
293	2372.52	1289.51	1400
294	1819.96	1489.62	1400
295	2474.53	1262.51	1400
296	2478.88	1261.4	1400
297	2260.2	1322.12	1400
298	2349.53	1295.93	1400
299	2927.13	1250	1623.05
300	0	1750	0
301	0	1750	0
302	2072.74	1384.59	1400
303	1768.61	1514.7	1400
304	2434.47	1272.84	1400
305	2437.86	1271.95	1400
306	2248.29	1325.78	1400
307	2486.18	1259.57	1400
308	2338.69	1299	1400
309	1194.81	1750	1194.87
310	1074.23	1750	1074.28
311	1424.03	1730.83	1400
312	934.355	1750	934.402
313	2504.19	1255.08	1400
314	975.732	1750	975.78
315	984.949	1750	984.998
316	897.104	1750	897.149
317	3415.41	1250	1893.8
318	944.696	1750	944.743
319	812.014	1750	812.054
320	1228.18	1750	1228.24
321	1024.3	1750	1024.35
322	1015.3	1750	1015.35
323	1037.5	1750	1037.55
324	957.954	1750	958.001
325	1264.59	1750	1264.65
326	1010.35	1750	1010.4
327	850.387	1750	850.429
328	1054.16	1750	1054.22
329	1409.35	1742.43	1400
330	1053.56	1750	1053.61
331	964.141	1750	964.189
332	1264.32	1750	1264.38
333	1346.87	1750	1346.94
334	849.474	1750	849.516
335	882.169	1750	882.213
336	2397.23	1282.76	1400
337	2508.53	1254	1400
338	2590.3	1250	1436.29
339	3135.46	1250	1738.57
340	2254.56	1323.85	1400
341	3071.59	1250	1703.15
342	2350.5	1295.66	1400
343	3001.16	1250	1664.1
344	2539.66	1250	1408.21
345	2967.32	1250	1645.34
346	2362.52	1292.29	1400
347	2387.76	1285.33	1400
348	3617.04	1250	2005.6
349	2534.05	1250	1405.1
350	2086.79	1379.51	1400
351	2342.66	1297.87	1400
352	2304.46	1308.89	1400
353	2663.62	1250	1476.94
354	3776.64	1250	2094.1
355	2505.39	1254.78	1400
356	3590.84	1250	1991.07
357	495.923	1750	495.923
358	1047.61	1750	1047.66
359	1175.52	1750	1175.58
360	1385.14	1750	1385.21
361	1019.54	1750	1019.59
362	1047.11	1750	1047.16
363	4475.5	1250	2481.6
364	1258.28	1750	1258.35
365	1423.61	1731.15	1400
366	855.11	1750	855.152
367	1195.19	1750	1195.25
368	1511.04	1666.76	1400
369	1098.77	1750	1098.83
370	954.208	1750	954.256
371	1174.77	1750	1174.83
372	1020.85	1750	1020.9
373	1057.22	1750	1057.28
374	795.474	1750	795.513
375	3608.74	1250	2001
376	1359.44	1750	1359.5
377	1062.47	1750	1062.53
378	777.332	1750	777.371
379	1153.7	1750	1153.76
380	1423.34	1731.36	1400
381	1120.6	1750	1120.66
382	1015.48	1750	1015.53
383	978.037	1750	978.086
384	2382.45	1286.78	1400
385	2951.21	1250	1636.41
386	3099.5	1250	1718.63
387	2532.03	1250	1403.97
388	2869.98	1250	1591.36
389	2848.39	1250	1579.39
390	2719.53	1250	1507.94
391	2379.64	1287.55	1400
392	2577.03	1250	1428.93
393	2545.1	1250	1411.22
394	2365.44	1291.47	1400
395	2388.36	1285.16	1400
396	2494.3	1257.53	1400
397	2735.03	1250	1516.54
398	2053.62	1391.61	1400
399	2605.73	1250	1444.84
400	2312.32	1306.59	1400
401	2579.63	1250	1430.37
402	2715.12	1250	1505.5
403	2030.93	1400.12	1400
404	1993.02	1414.78	1400
405	1014.23	1750	1014.28
406	934.935	1750	934.981
407	1075.4	1750	1075.46
408	1154.46	1750	1154.51
409	979.902	1750	979.951
410	985.833	1750	985.882
411	849.549	1750	849.592
412	871.916	1750	871.959
413	959.25	1750	959.298
414	856.159	1750	856.201
415	1441.76	1717.13	1400
416	916.242	1750	916.287
417	870.725	1750	870.768
418	1020.24	1750	1020.3
419	394.644	1750	394.644
420	861.855	1750	861.897
421	982.102	1750	982.151
422	948.232	1750	948.279
423	1045.31	1750	1045.36
424	1199.19	1750	1199.25
425	942.894	1750	942.941
426	1352.35	1750	1352.42
427	1000.72	1750	1000.76
428	1036.57	1750	1036.63
429	857.389	1750	857.431
430	1116.42	1750	1116.48
431	1050.57	1750	1050.62
432	2165.51	1352.3	1400
433	2825.27	1250	1566.57
434	2036.84	1397.89	1400
435	2478.65	1261.46	1400
436	2145.23	1359.11	1400
437	1513.19	1665.27	1400
438	3355.97	1250	1860.84
439	2674.02	1250	1482.71
440	3120.01	1250	1730
441	3700.13	1250	2051.67
442	2294.19	1311.91	1400
443	2837.77	1250	1573.5
444	2461.89	1265.73	1400
445	2261.25	1321.81	1400
446	2785.4	1250	1544.46
447	2308.63	1307.67	1400
448	2451.51	1268.4	1400
449	2176.71	1348.59	1400
450	3104.16	1250	1721.21
451	2365.31	1291.51	1400
452	2448.5	1269.18	1400
453	792.394	1750	792.434
454	1007.56	1750	1007.61
455	1226.1	1750	1226.16
456	1173.54	1750	1173.6
457	984	1750	984.049
458	1034.25	1750	1034.3
459	803.259	1750	803.299
460	823.708	1750	823.749
461	1029.19	1750	1029.24
462	1052	1750	1052.05
463	1305.32	1750	1305.39
464	705.513	1750	705.549
465	923.085	1750	923.131
466	962.956	1750	963.004
467	1011.25	1750	1011.3
468	1298.08	1750	1298.14
469	916.972	1750	917.017
470	1131.35	1750	1131.41
471	403.902	1750	403.902
472	818.509	1750	818.549
473	1020.29	1750	1020.34
474	1519.17	1661.16	1400
475	989.986	1750	990.035
476	1092.74	1750	1092.8
477	965.264	1750	965.312
478	1163.46	1750	1163.52
479	896.806	1750	896.851
480	2764.86	1250	1533.08
481	2207.34	1338.65	1400
482	2810.97	1250	1558.65
483	2166.93	1351.83	1400
484	1728.63	1535.28	1400
485	3184.94	1250	1766
486	2554.85	1250	1416.63
487	2515.8	1252.21	1400
488	2487.38	1259.26	1400
489	2665.2	1250	1477.82
490	3048.44	1250	1690.32
491	2139.13	1361.19	1400
492	0	1750	0
493	0	1750	0
494	3739.98	1250	2073.76
495	2243.83	1327.16	1400
496	2430.08	1273.99	1400
497	2934.47	1250	1627.12
498	2484.93	1259.88	1400
499	2069.61	1385.73	1400
500	2903.47	1250	1609.94
501	910.946	1750	910.991
502	1115.57	1750	1115.63
503	1162.43	1750	1162.49
504	1234.51	1750	1234.57
505	830.624	1750	830.666
506	945.698	1750	945.745
507	1127.45	1750	1127.51
508	1034.71	1750	1034.76
509	1292.95	1750	1293.02
510	1169.61	1750	1169.67
511	1055.68	1750	1055.73
512	857.7	1750	857.743
513	1394.18	1750	1394.25
514	753.408	1750	753.446
515	1147.89	1750	1147.95
516	994.404	1750	994.454
517	1098.25	1750	1098.3
518	1095.78	1750	1095.83
519	427.376	1750	427.376
520	487.013	1750	487.013
521	1358.32	1750	1358.39
522	1088.18	1750	1088.23
523	1131.93	1750	1131.99
524	1048.71	1750	1048.77
525	1199.06	1750	1199.12
526	1172.33	1750	1172.38
527	1135.38	1750	1135.43
528	2701.36	1250	1497.87
529	3614.57	1250	2004.23
530	2432.75	1273.29	1400
531	2159.45	1354.32	1400
532	2607.59	1250	1445.87
533	2424.26	1275.53	1400
534	2454.69	1267.58	1400
535	2077.73	1382.78	1400
536	2304.46	1308.89	1400
537	2037.93	1397.48	1400
538	2339.3	1298.82	1400
539	2326.48	1302.49	1400
540	2597.1	1250	1440.06
541	2569.77	1250	1424.9
542	1757.46	1520.34	1400
543	2268.96	1319.46	1400
544	2508.77	1253.94	1400
545	2680.22	1250	1486.15
546	2906.69	1250	1611.72
547	3126.49	1250	1733.59
548	2352.7	1295.04	1400
549	1300.02	1750	1300.08
550	923.589	1750	923.635
551	1111.87	1750	1111.92
552	965.699	1750	965.748
553	519.83	1750	519.856
554	827.867	1750	827.908
555	991.99	1750	992.04
556	1007.44	1750	1007.49
557	884.125	1750	884.169
558	1758.96	1519.58	1400
559	854.74	1750	854.782
560	937.825	1750	937.872
561	823.841	1750	823.882
562	747.725	1750	747.762
563	975.095	1750	975.144
564	880.81	1750	880.854
565	1170.38	1750	1170.44
566	982.774	1750	982.823
567	979.142	1750	979.19
568	1108.17	1750	1108.23
569	1442.53	1716.54	1400
570	831.911	1750	831.952
571	1128.08	1750	1128.14
572	1191.08	1750	1191.14
573	871.923	1750	871.966
574	1327.4	1750	1327.47
575	1050.7	1750	1050.75
576	2621.56	1250	1453.62
577	3337.91	1250	1850.83
578	2809.2	1250	1557.66
579	2268.13	1319.72	1400
580	2910.8	1250	1614
581	2547.9	1250	1412.78
582	2976.56	1250	1650.46
583	2929.78	1250	1624.52
584	2585.24	1250	1433.48
585	2283.1	1315.21	1400
586	2377.47	1288.15	1400
587	2646.5	1250	1467.45
588	2962.25	1250	1642.53
589	3038.82	1250	1684.98
590	2424.95	1275.34	1400
591	1816.76	1491.14	1400
592	2734.53	1250	1516.26
593	2676.75	1250	1484.22
594	2381.49	1287.04	1400
595	2157.88	1354.85	1400
596	2610.12	1250	1447.27
597	1124.65	1750	1124.71
598	1115.16	1750	1115.22
599	1303.07	1750	1303.13
600	3753.08	1250	2081.03
601	866.747	1750	866.79
602	1155.58	1750	1155.64
603	1153.75	1750	1153.8
604	1052.68	1750	1052.73
605	891.481	1750	891.526
606	1017.5	1750	1017.55
607	673.802	1750	673.835
608	784.916	1750	784.955
609	785.192	1750	785.231
610	1174.61	1750	1174.67
611	956.875	1750	956.923
612	828.147	1750	828.188
613	1256.97	1750	1257.03
614	1185.34	1750	1185.4
615	1017.75	1750	1017.8
616	1092.36	1750	1092.41
617	960.042	1750	960.089
618	1046.63	1750	1046.68
619	830.826	1750	830.867
620	1082.52	1750	1082.58
621	1092.03	1750	1092.09
622	1186.76	1750	1186.82
623	1137.74	1750	1137.8
624	3157.16	1250	1750.6
625	2471.7	1263.22	1400
626	2406.67	1280.21	1400
627	2345.63	1297.03	1400
628	2696.81	1250	1495.34
629	2301.35	1309.8	1400
630	2634.43	1250	1460.75
631	2674.58	1250	1483.02
632	3007.78	1250	1667.77
633	2185.27	1345.78	1400
634	1923.59	1443.16	1400
635	2435.91	1272.46	1400
636	2812.12	1250	1559.28
637	1380.8	1750	1380.87
638	2229.75	1331.54	1400
639	2640.65	1250	1464.2
640	3291.9	1250	1825.31
641	2537.73	1250	1407.14
642	2769.18	1250	1535.47
643	2642.69	1250	1465.34
644	441.196	1750	441.196
645	917.541	1750	917.587
646	661.698	1750	661.731
647	801.662	1750	801.702
648	1277.4	1750	1277.47
649	895.902	1750	895.947
650	1496.31	1677.08	1400
651	1131.2	1750	1131.26
652	871.41	1750	871.453
653	862.604	1750	862.647
654	1079.66	1750	1079.71
655	1124.12	1750	1124.17
656	856.826	1750	856.869
657	966.094	1750	966.142
658	1187	1750	1187.06
659	1140.14	1750	1140.2
660	967.589	1750	967.637
661	1112.61	1750	1112.66
662	1166.98	1750	1167.04
663	1102.85	1750	1102.9
664	1413.08	1739.45	1400
665	1324.78	1750	1324.85
666	998.785	1750	998.835
667	1139.11	1750	1139.16
668	1213.77	1750	1213.83
669	955.458	1750	955.505
670	1171.87	1750	1171.93
671	1931.18	1439.95	1400
672	2516.16	1252.12	1400
673	2192.31	1343.49	1400
674	2977.33	1250	1650.89
675	2777.83	1250	1540.27
676	3222.13	1250	1786.63
677	1730.23	1534.44	1400
678	2529.79	1250	1402.74
679	2166.28	1352.04	1400
680	2817.47	1250	1562.25
681	3051.89	1250	1692.23
682	2413.89	1278.28	1400
683	2551	1250	1414.5
684	3710.57	1250	2057.46
685	3167.73	1250	1756.46
686	2824.1	1250	1565.93
687	1797.79	1500.27	1400
688	2428.2	1274.49	1400
689	1914.25	1447.14	1400
690	3984.6	1250	2209.41
691	2210.85	1337.52	1400
692	2806.9	1250	1556.39
693	980.363	1750	980.412
694	1426.44	1728.94	1400
695	1177.64	1750	1177.7
696	1132.3	1750	1132.35
697	1045.36	1750	1045.41
698	1098.35	1750	1098.41
699	1220.85	1750	1220.91
700	1522.83	1658.66	1400
701	997.061	1750	997.111
702	819.567	1750	819.608
703	1176.6	1750	1176.65
704	1115.07	1750	1115.13
705	1044.75	1750	1044.8
706	2446.46	1269.71	1400
707	1029.96	1750	1030.01
708	1236.12	1750	1236.18
709	988.269	1750	988.318
710	1185.39	1750	1185.45
711	1163.03	1750	1163.09
712	1128.81	1750	1128.86
713	1127.84	1750	1127.89
714	1235.54	1750	1235.6
715	1122	1750	1122.06
716	1229.55	1750	1229.61
717	1203.74	1750	1203.8
718	1209.01	1750	1209.07
719	849.387	1750	849.429
720	2623.15	1250	1454.5
721	0	1750	0
722	2466.1	1264.65	1400
723	2700.02	1250	1497.12
724	2877.33	1250	1595.44
725	2159.2	1354.4	1400
726	2637.28	1250	1462.33
727	2472.13	1263.11	1400
728	2050.11	1392.92	1400
729	2924.93	1250	1621.84
730	2720.6	1250	1508.53
731	2772.31	1250	1537.21
732	2415.53	1277.84	1400
733	2432.07	1273.47	1400
734	2344.6	1297.32	1400
735	2668.74	1250	1479.78
736	2583.77	1250	1432.67
737	2451.18	1268.49	1400
738	3270.97	1250	1813.71
739	2607.9	1250	1446.05
740	2708.64	1250	1501.91
741	972.96	1750	973.008
742	1033.04	1750	1033.09
743	1090.71	1750	1090.76
744	1290.99	1750	1291.05
745	835.905	1750	835.947
746	704.259	1750	704.294
747	932.107	1750	932.154
748	1325.12	1750	1325.18
749	1056.07	1750	1056.12
750	1340.8	1750	1340.86
751	891.448	1750	891.493
752	872.174	1750	872.217
753	1220.72	1750	1220.78
754	1409.98	1741.92	1400
755	935.563	1750	935.61
756	803.702	1750	803.742
757	874.211	1750	874.255
758	975.448	1750	975.496
759	1293.72	1750	1293.78
760	1079.76	1750	1079.81
761	1038.97	1750	1039.02
762	1192.2	1750	1192.26
763	1040.67	1750	1040.73
764	987.033	1750	987.082
765	952.684	1750	952.732
766	1298.87	1750	1298.94
767	816.407	1750	816.448
768	2691.43	1250	1492.36
769	2863.07	1250	1587.53
770	2945.85	1250	1633.43
771	3468.84	1250	1923.42
772	2860.7	1250	1586.22
773	3202.44	1250	1775.71
774	2547.95	1250	1412.81
775	2725.46	1250	1511.23
776	2832.55	1250	1570.61
777	2782.34	1250	1542.77
778	2885.45	1250	1599.94
779	2645.31	1250	1466.79
780	3034.87	1250	1682.79
781	2399.86	1282.04	1400
782	2357.25	1293.76	1400
783	2551.52	1250	1414.78
784	2748.42	1250	1523.96
785	2521.19	1250.89	1400
786	3492.4	1250	1936.49
787	2819.2	1250	1563.21
788	3183.1	1250	1764.99
789	1217.51	1750	1217.57
790	1289.53	1750	1289.59
791	1115.06	1750	1115.12
792	1598.61	1609.46	1400
793	834.915	1750	834.957
794	900.458	1750	900.503
795	1353.51	1750	1353.58
796	1239.6	1750	1239.66
797	1012.47	1750	1012.52
798	907.847	1750	907.892
799	1124.79	1750	1124.84
800	1014.7	1750	1014.75
801	1125.79	1750	1125.84
802	920.439	1750	920.485
803	1142.16	1750	1142.22
804	1641.47	1583.68	1400
805	808.328	1750	808.369
806	1241.53	1750	1241.59
807	1124.87	1750	1124.93
808	1353.72	1750	1353.78
809	1283.91	1750	1283.97
810	972.03	1750	972.078
811	938.13	1750	938.177
812	1071.01	1750	1071.06
813	1416.45	1736.78	1400
814	1974.9	1421.99	1400
815	949.704	1750	949.751
816	2443.94	1270.36	1400
817	2232	1330.84	1400
818	3220.47	1250	1785.71
819	2137.7	1361.68	1400
820	2680.88	1250	1486.51
821	2653.3	1250	1471.22
822	2737.74	1250	1518.04
823	3153.65	1250	1748.66
824	2949.62	1250	1635.53
825	2977.23	1250	1650.83
826	2831.58	1250	1570.07
827	2656.07	1250	1472.76
828	2464.28	1265.12	1400
829	1928.63	1441.03	1400
830	2938.97	1250	1629.62
831	2054.95	1391.12	1400
832	2262.57	1321.4	1400
833	2186.39	1345.42	1400
834	2547.63	1250	1412.62
835	2492.24	1258.05	1400
836	3593.39	1250	1992.48
837	1087.54	1750	1087.59
838	1146.48	1750	1146.54
839	1057.76	1750	1057.82
840	795.031	1750	795.071
841	1469.82	1696.15	1400
842	1036.87	1750	1036.92
843	1167.44	1750	1167.5
844	1084.12	1750	1084.17
845	1012.22	1750	1012.27
846	1263.62	1750	1263.68
847	800.904	1750	800.944
848	1162.99	1750	1163.05
849	1086.88	1750	1086.93
850	990.551	1750	990.6
851	1192.14	1750	1192.2
852	3333.96	1250	1848.64
853	906.877	1750	906.922
854	954.057	1750	954.104
855	1042.07	1750	1042.12
856	900.46	1750	900.504
857	954.248	1750	954.295
858	1182.11	1750	1182.17
859	993.942	1750	993.991
860	1186.94	1750	1186.99
861	971.744	1750	971.792
862	1225.16	1750	1225.22
863	1231.55	1750	1231.62
864	2383.32	1286.54	1400
865	2523.06	1250.44	1400
866	2675.94	1250	1483.77
867	2789.85	1250	1546.93
868	2430.03	1274	1400
869	2362	1292.43	1400
870	2364.11	1291.85	1400
871	2374.99	1288.83	1400
872	1936.2	1437.85	1400
873	3307.2	1250	1833.8
874	2270.49	1319	1400
875	1907.6	1449.99	1400
876	3338.09	1250	1850.92
877	2692.17	1250	1492.77
878	2890.67	1250	1602.83
879	2519.69	1251.26	1400
880	3349.23	1250	1857.1
881	1098.73	1750	1098.79
882	2799.75	1250	1552.42
883	2684.77	1250	1488.67
884	1864.81	1468.87	1400
885	1144.13	1750	1144.19
886	800.24	1750	800.28
887	486.405	1750	486.405
888	867.859	1750	867.902
889	748.038	1750	748.075
890	912.054	1750	912.099
891	1226.4	1750	1226.46
892	911.949	1750	911.994
893	1238.86	1750	1238.93
894	653.652	1750	653.684
895	887.18	1750	887.224
896	1040.14	1750	1040.19
897	1087.14	1750	1087.19
898	680.208	1750	680.242
899	1105.44	1750	1105.5
900	1017.16	1750	1017.21
901	740.803	1750	740.84
902	1174.83	1750	1174.88
903	1096.05	1750	1096.1
904	815.069	1750	815.11
905	947.116	1750	947.163
906	745.515	1750	745.552
907	1219.48	1750	1219.54
908	945.703	1750	945.75
909	1271.62	1750	1271.69
910	1140.59	1750	1140.64
911	997.585	1750	997.635
912	2488.08	1259.09	1400
913	2608.75	1250	1446.52
914	2921.45	1250	1619.91
915	2705.1	1250	1499.94
916	2257.64	1322.91	1400
917	2605.43	1250	1444.68
918	2523.17	1250.41	1400
919	2247.72	1325.95	1400
920	2729.78	1250	1513.62
921	2106.65	1372.45	1400
922	2880.18	1250	1597.02
923	2837.1	1250	1573.13
924	2730	1250	1513.75
925	2823.41	1250	1565.54
926	2657.43	1250	1473.51
927	2386.07	1285.79	1400
928	2487.72	1259.18	1400
929	2929.11	1250	1624.15
930	2591.69	1250	1437.06
931	2137.96	1361.59	1400
932	3082.16	1250	1709.01
933	541.059	1750	541.086
934	572.818	1750	572.847
935	1333.16	1750	1333.22
936	923.83	1750	923.876
937	811.686	1750	811.726
938	2676.97	1250	1484.34
939	767.61	1750	767.649
940	643.889	1750	643.921
941	557.578	1750	557.606
942	1106.91	1750	1106.97
943	791.59	1750	791.63
944	1275.52	1750	1275.58
945	1082.23	1750	1082.29
946	1038.82	1750	1038.88
947	890.639	1750	890.683
948	1507.47	1669.25	1400
949	978.534	1750	978.583
950	1314.89	1750	1314.95
951	1209.97	1750	1210.03
952	1044.05	1750	1044.1
953	1120.42	1750	1120.47
954	1474.85	1692.48	1400
955	1180.62	1750	1180.68
956	1191.28	1750	1191.34
957	1192.9	1750	1192.96
958	1018.4	1750	1018.45
959	490.834	1750	490.834
960	2844.3	1250	1577.13
961	3478.22	1250	1928.63
962	2385.05	1286.07	1400
963	2158.52	1354.63	1400
964	2728.93	1250	1513.16
965	3680.3	1250	2040.68
966	2492.04	1258.1	1400
967	2574	1250	1427.25
968	2455.31	1267.42	1400
969	3661.58	1250	2030.3
970	3181.43	1250	1764.06
971	2990.55	1250	1658.22
972	2590.79	1250	1436.56
973	2526.89	1250	1401.13
974	2964.51	1250	1643.78
975	3245.57	1250	1799.62
976	2669.69	1250	1480.31
977	2260.91	1321.91	1400
978	2931.82	1250	1625.65
979	2760.33	1250	1530.57
980	3270.79	1250	1813.61
981	878.666	1750	878.71
982	1304.17	1750	1304.23
983	725.872	1750	725.908
984	1194.18	1750	1194.24
985	798.6	1750	798.64
986	1104.03	1750	1104.09
987	1088.97	1750	1089.02
988	1058.91	1750	1058.97
989	996.671	1750	996.721
990	1362.65	1750	1362.72
991	1002.69	1750	1002.74
992	1099.45	1750	1099.51
993	1277.02	1750	1277.08
994	1246.93	1750	1246.99
995	959.881	1750	959.929
996	1064.64	1750	1064.69
997	984.114	1750	984.163
998	1168.05	1750	1168.11
999	967.137	1750	967.185
1000	2547.59	1250	1412.6
1001	2466.4	1264.58	1400
1002	2949.54	1250	1635.48
1003	2365.8	1291.38	1400
1004	2577.98	1250	1429.46
1005	2846.14	1250	1578.15
1006	2663.09	1250	1476.65
1007	3022.38	1250	1675.87
1008	2706.3	1250	1500.61
1009	2364.78	1291.66	1400
1010	2862.74	1250	1587.35
1011	2280.37	1316.03	1400
1012	2396.18	1283.04	1400
1013	2656.49	1250	1472.98
1014	2990.78	1250	1658.35
1015	2782.5	1250	1542.86
1016	3348.45	1250	1856.67
1017	2891.34	1250	1603.21
1018	3183.95	1250	1765.46
1019	0	1750	0
1020	2691.48	1250	1492.39
1021	1009.12	1750	1009.17
1022	1025.38	1750	1025.43
1023	3570.74	1250	1979.93
1024	1242.59	1750	1242.65
1025	1251.58	1750	1251.65
1026	1219.99	1750	1220.05
1027	1219.26	1750	1219.32
1028	1296.87	1750	1296.94
1029	1027.9	1750	1027.95
1030	1311.54	1750	1311.61
1031	1134.86	1750	1134.92
1032	1176.19	1750	1176.25
1033	1095.54	1750	1095.59
1034	1707.61	1546.49	1400
1035	1159.47	1750	1159.53
1036	1039.26	1750	1039.31
1037	1184.72	1750	1184.78
1038	1269.18	1750	1269.24
1039	926.735	1750	926.782
1040	2612.64	1250	1448.67
1041	2048.55	1393.5	1400
1042	3555.15	1250	1971.28
1043	2722.37	1250	1509.52
1044	1887.55	1458.73	1400
1045	2440.1	1271.37	1400
1046	2387.69	1285.35	1400
1047	2934.76	1250	1627.29
1048	0	1750	0
1049	2704.9	1250	1499.83
1050	2708.52	1250	1501.84
1051	2254	1324.02	1400
1052	2414.64	1278.08	1400
1053	4042.15	1250	2241.32
1054	2332.6	1300.74	1400
1055	0	1750	0
1056	2780.76	1250	1541.89
1057	2491.88	1258.14	1400
1058	3673.57	1250	2036.95
1059	3705.07	1250	2054.41
1060	3354.77	1250	1860.17
1061	792.357	1750	792.397
1062	962.955	1750	963.003
1063	1213.41	1750	1213.47
1064	888.045	1750	888.089
1065	981.203	1750	981.252
1066	970.333	1750	970.382
1067	1262.89	1750	1262.95
1068	1065.82	1750	1065.88
1069	1240.39	1750	1240.45
1070	1071.44	1750	1071.49
1071	1264.48	1750	1264.55
1072	1259.7	1750	1259.76
1073	1053.49	1750	1053.55
1074	788.4	1750	788.439
1075	1206.04	1750	1206.1
1076	1098.5	1750	1098.55
1077	998.931	1750	998.981
1078	868.323	1750	868.367
1079	1170.45	1750	1170.51
1080	3900.81	1250	2162.95
1081	2852.56	1250	1581.71
1082	2242.95	1327.43	1400
1083	2177.5	1348.33	1400
1084	2640.39	1250	1464.06
1085	2692.38	1250	1492.89
1086	2336.59	1299.6	1400
1087	2624.75	1250	1455.39
1088	2051.6	1392.36	1400
1089	2033.69	1399.08	1400
1090	2607.39	1250	1445.76
1091	3248.41	1250	1801.2
1092	2549.77	1250	1413.81
1093	2030.93	1400.12	1400
1094	2362.41	1292.32	1400
1095	3116.8	1250	1728.22
1096	2790.45	1250	1547.27
1097	1981.12	1419.5	1400
1098	2550.22	1250	1414.06
1099	2175.08	1349.13	1400
1100	772.824	1750	772.862
1101	677.561	1750	677.594
1102	976.431	1750	976.48
1103	2867.11	1250	1589.77
1104	1023.49	1750	1023.54
1105	1090.18	1750	1090.24
1106	1412.65	1739.79	1400
1107	1057.74	1750	1057.79
1108	1498.06	1675.84	1400
1109	2564.11	1250	1421.76
1110	1234.94	1750	1235
1111	1193.1	1750	1193.16
1112	737.132	1750	737.168
1113	1092.05	1750	1092.1
1114	795.74	1750	795.78
1115	1387.92	1750	1387.98
1116	956.067	1750	956.114
1117	998.244	1750	998.294
1118	1026.23	1750	1026.28
1119	904.619	1750	904.664
1120	3062.55	1250	1698.14
1121	3188.39	1250	1767.92
1122	2883.07	1250	1598.62
1123	2944.92	1250	1632.92
1124	2445.9	1269.85	1400
1125	2266.06	1320.34	1400
1126	3298.27	1250	1828.85
1127	2544.61	1250	1410.95
1128	2683.94	1250	1488.21
1129	2507.47	1254.26	1400
1130	4106.49	1250	2276.99
1131	2776.46	1250	1539.51
1132	2302.45	1309.48	1400
1133	2520.64	1251.03	1400
1134	3190.94	1250	1769.33
1135	2322.32	1303.69	1400
1136	2691.82	1250	1492.58
1137	2529.28	1250	1402.45
1138	3718.37	1250	2061.79
1139	2088.08	1379.05	1400
1140	961.576	1750	961.624
1141	1278.99	1750	1279.05
1142	922.451	1750	922.497
1143	1100.77	1750	1100.82
1144	632.995	1750	633.026
1145	1137.19	1750	1137.25
1146	875.817	1750	875.861
1147	2037.24	1397.74	1400
1148	917.86	1750	917.906
1149	958.906	1750	958.954
1150	1011.1	1750	1011.16
1151	847.321	1750	847.363
1152	983.899	1750	983.948
1153	1052.76	1750	1052.81
1154	1167.63	1750	1167.69
1155	1131.41	1750	1131.47
1156	928.216	1750	928.262
1157	1471.63	1694.83	1400
1158	1108.33	1750	1108.38
1159	1175.37	1750	1175.43
1160	2980.76	1250	1652.79
1161	2007.28	1409.2	1400
1162	2275.95	1317.36	1400
1163	2596.93	1250	1439.96
1164	2290.27	1313.08	1400
1165	2227.94	1332.11	1400
1166	2693.72	1250	1493.63
1167	2795.34	1250	1549.98
1168	2190.05	1344.22	1400
1169	2351.97	1295.24	1400
1170	2619.12	1250	1452.26
1171	1909.78	1449.05	1400
1172	2674.39	1250	1482.91
1173	2618.32	1250	1451.82
1174	2923.58	1250	1621.09
1175	3421.48	1250	1897.16
1176	3925.22	1250	2176.48
1177	2768.07	1250	1534.86
1178	2696.9	1250	1495.39
1179	2816.52	1250	1561.72
1180	2965.79	1250	1644.49
1181	920.774	1750	920.82
1182	1703.33	1548.81	1400
1183	907.398	1750	907.443
1184	1034.21	1750	1034.26
1185	1041.86	1750	1041.91
1186	1274.18	1750	1274.25
1187	1023.2	1750	1023.25
1188	1019.81	1750	1019.86
1189	1009.82	1750	1009.87
1190	2483.43	1260.26	1400
1191	765.588	1750	765.626
1192	1201.72	1750	1201.78
1193	1185.71	1750	1185.77
1194	1249.19	1750	1249.25
1195	1028.45	1750	1028.5
1196	1175.68	1750	1175.74
1197	860.853	1750	860.896
1198	967.393	1750	967.441
1199	842.107	1750	842.149
1200	2253.7	1324.11	1400
1201	3057.53	1250	1695.36
1202	3443.51	1250	1909.38
1203	2817.02	1250	1562
1204	3152.52	1250	1748.03
1205	2871.58	1250	1592.25
1206	2658.36	1250	1474.02
1207	2695.09	1250	1494.39
1208	2845.78	1250	1577.94
1209	2527.34	1250	1401.37
1210	2906.07	1250	1611.38
1211	2693.27	1250	1493.38
1212	2191.31	1343.81	1400
1213	3582.78	1250	1986.6
1214	3156.13	1250	1750.03
1215	2890.63	1250	1602.82
1216	4289.5	1250	2378.47
1217	3088.65	1250	1712.62
1218	2713.91	1250	1504.83
1219	2293.61	1312.08	1400
1220	2714.35	1250	1505.07
1221	1370.56	1750	1370.63
1222	1214.49	1750	1214.55
1223	737.185	1750	737.222
1224	1503.81	1671.8	1400
1225	805.3	1750	805.34
1226	1223.85	1750	1223.91
1227	2220.9	1334.33	1400
1228	1114.13	1750	1114.19
1229	1003.48	1750	1003.53
1230	1233.65	1750	1233.71
1231	1099.32	1750	1099.37
1232	1030.06	1750	1030.11
1233	945.397	1750	945.444
1234	1032.36	1750	1032.41
1235	1141.85	1750	1141.91
1236	1300.15	1750	1300.22
1237	968.401	1750	968.45
1238	866.123	1750	866.167
1239	879.003	1750	879.047
1240	2949.13	1250	1635.25
1241	2166.8	1351.87	1400
1242	2714.91	1250	1505.38
1243	2110.94	1370.94	1400
1244	2576.53	1250	1428.65
1245	2195.48	1342.46	1400
1246	2143.62	1359.66	1400
1247	2091.05	1377.98	1400
1248	1944.23	1434.51	1400
1249	3769.08	1250	2089.9
1250	2583.05	1250	1432.27
1251	2994.42	1250	1660.37
1252	2612.88	1250	1448.81
1253	2842.91	1250	1576.35
1254	2569.07	1250	1424.51
1255	2677.36	1250	1484.56
1256	2730.44	1250	1513.99
1257	2895.64	1250	1605.59
1258	3118.31	1250	1729.06
1259	2983.6	1250	1654.37
1260	832.272	1750	832.314
1261	948.267	1750	948.314
1262	794.597	1750	794.637
1263	794.13	1750	794.17
1264	1141.92	1750	1141.97
1265	855.221	1750	855.264
1266	1117.31	1750	1117.36
1267	1695.31	1553.18	1400
1268	1027.96	1750	1028.01
1269	1262.25	1750	1262.31
1270	891.499	1750	891.543
1271	1144.17	1750	1144.22
1272	1072.72	1750	1072.78
1273	884.586	1750	884.63
1274	1083.1	1750	1083.15
1275	778.039	1750	778.078
1276	724.441	1750	724.477
1277	674.399	1750	674.433
1278	959.589	1750	959.637
1279	857.122	1750	857.165
1280	2947.06	1250	1634.1
1281	2886.02	1250	1600.26
1282	3025.21	1250	1677.44
1283	2473.23	1262.84	1400
1284	2817.7	1250	1562.38
1285	2901.21	1250	1608.68
1286	3834.35	1250	2126.1
1287	3106.48	1250	1722.5
1288	2939.7	1250	1630.03
1289	3277.8	1250	1817.49
1290	2722.53	1250	1509.61
1291	2936.13	1250	1628.04
1292	2951.73	1250	1636.69
1293	2723.76	1250	1510.29
1294	2518.24	1251.62	1400
1295	3303.61	1250	1831.81
1296	2640.65	1250	1464.2
1297	3234.91	1250	1793.71
1298	2408.91	1279.61	1400
1299	2408.47	1279.73	1400
1300	2641.7	1250	1464.79
1301	2811.18	1250	1558.76
1302	3442.59	1250	1908.87
1303	2272.36	1318.43	1400
1304	2388.28	1285.19	1400
1305	2593	1250	1437.78
1306	2095.27	1376.48	1400
1307	2518.69	1251.5	1400
1308	923.339	1750	923.385
1309	1539.71	1647.28	1400
1310	1419.22	1734.6	1400
1311	888.264	1750	888.309
1312	999.108	1750	999.158
1313	1173.53	1750	1173.59
1314	948.372	1750	948.419
1315	901.603	1750	901.647
1316	873.142	1750	873.186
1317	1107.1	1750	1107.15
1318	933.676	1750	933.723
1319	1061.66	1750	1061.71
1320	712.053	1750	712.089
1321	1012.22	1750	1012.27
1322	901.968	1750	902.013
1323	713.446	1750	713.481
1324	869.028	1750	869.072
1325	887.248	1750	887.292
1326	2909	1250	1613
1327	799.291	1750	799.331
1328	2537.61	1250	1407.07
1329	2385.14	1286.04	1400
1330	2840.59	1250	1575.07
1331	2734.1	1250	1516.02
1332	3347.73	1250	1856.27
1333	2753.79	1250	1526.94
1334	2898.06	1250	1606.93
1335	2891.23	1250	1603.14
1336	2620.11	1250	1452.82
1337	2468.49	1264.04	1400
1338	2505.48	1254.76	1400
1339	2202.69	1340.13	1400
1340	3156.32	1250	1750.13
1341	2902.9	1250	1609.62
1342	3204.87	1250	1777.06
1343	2934.48	1250	1627.13
1344	2238.85	1328.7	1400
1345	2953.66	1250	1637.76
1346	2829.88	1250	1569.13
1347	2656.97	1250	1473.25
1348	2465.97	1264.68	1400
1349	4041.17	1250	2240.77
1350	2862.7	1250	1587.33
1351	2613.67	1250	1449.25
1352	3014.99	1250	1671.77
1353	2511.62	1253.24	1400
1354	2269.37	1319.34	1400
1355	2849.03	1250	1579.75
1356	899.445	1750	899.49
1357	727.143	1750	727.18
1358	873.414	1750	873.457
1359	728.124	1750	728.16
1360	868.45	1750	868.494
1361	818.593	1750	818.634
1362	951.755	1750	951.802
1363	1177.64	1750	1177.7
1364	903.053	1750	903.098
1365	637.388	1750	637.42
1366	971.603	1750	971.651
1367	720.164	1750	720.2
1368	867.807	1750	867.85
1369	614.94	1750	614.97
1370	1032.26	1750	1032.31
1371	1050.35	1750	1050.4
1372	1025.16	1750	1025.22
1373	1175.14	1750	1175.2
1374	1129.26	1750	1129.31
1375	730.017	1750	730.053
1376	3240	1250	1796.54
1377	2551.36	1250	1414.7
1378	2604.67	1250	1444.25
1379	2269.33	1319.35	1400
1380	3213.06	1250	1781.6
1381	2912.31	1250	1614.84
1382	2744.97	1250	1522.05
1383	2366.63	1291.15	1400
1384	2582.7	1250	1432.07
1385	2995.38	1250	1660.9
1386	2677.48	1250	1484.63
1387	2714.68	1250	1505.25
1388	2904.99	1250	1610.78
1389	2105.68	1372.79	1400
1390	2355.43	1294.27	1400
1391	2605.79	1250	1444.88
1392	2570.52	1250	1425.32
1393	2412.05	1278.77	1400
1394	2382.04	1286.89	1400
1395	2466.86	1264.46	1400
1396	2936.11	1250	1628.03
1397	3055.26	1250	1694.1
1398	2457.06	1266.97	1400
1399	2387.03	1285.53	1400
1400	2420.81	1276.44	1400
1401	2060.61	1389.03	1400
1402	2707.12	1250	1501.06
1403	2538.23	1250	1407.41
1404	775.732	1750	775.77
1405	1078.82	1750	1078.87
1406	999.735	1750	999.785
1407	774.623	1750	774.661
1408	998.564	1750	998.613
1409	906.075	1750	906.12
1410	1316.58	1750	1316.65
1411	1214.55	1750	1214.61
1412	967.822	1750	967.87
1413	896.43	1750	896.474
1414	803.947	1750	803.987
1415	1014.2	1750	1014.25
1416	809.26	1750	809.3
1417	761.98	1750	762.018
1418	1050.8	1750	1050.85
1419	972.825	1750	972.874
1420	1095.19	1750	1095.25
1421	989.002	1750	989.051
1422	1253.97	1750	1254.03
1423	932.027	1750	932.073
1424	2216.42	1335.75	1400
1425	3105.93	1250	1722.2
1426	2544.44	1250	1410.86
1427	2331.75	1300.98	1400
1428	3098.06	1250	1717.83
1429	2682.48	1250	1487.4
1430	3401.32	1250	1885.98
1431	2545.73	1250	1411.57
1432	2243.1	1327.38	1400
1433	2209.42	1337.98	1400
1434	2474.78	1262.44	1400
1435	3635.96	1250	2016.09
1436	2957.75	1250	1640.03
1437	2719.12	1250	1507.72
1438	2192.81	1343.33	1400
1439	2826.96	1250	1567.51
1440	2660.8	1250	1475.37
1441	2215.17	1336.15	1400
1442	2419.29	1276.84	1400
1443	2928.49	1250	1623.81
1444	2845.7	1250	1577.9
1445	2311.48	1306.84	1400
1446	2671.09	1250	1481.08
1447	2246.58	1326.31	1400
1448	2535.52	1250	1405.91
1449	2749.67	1250	1524.65
1450	2884.7	1250	1599.52
1451	2795.48	1250	1550.05
1452	2958.55	1250	1640.48
1453	878.211	1750	878.255
1454	761.535	1750	761.573
1455	1059.83	1750	1059.88
1456	810.614	1750	810.654
1457	1342.7	1750	1342.77
1458	1019.28	1750	1019.33
1459	624.911	1750	624.942
1460	1282.87	1750	1282.93
1461	911.995	1750	912.04
1462	881.107	1750	881.151
1463	583.986	1750	584.015
1464	831.168	1750	831.21
1465	1717.52	1541.17	1400
1466	870.842	1750	870.885
1467	933.287	1750	933.333
1468	892.581	1750	892.625
1469	992.724	1750	992.774
1470	1085.69	1750	1085.74
1471	706.562	1750	706.598
1472	2162.93	1353.16	1400
1473	2557.16	1250	1417.91
1474	2307.72	1307.93	1400
1475	2243.24	1327.34	1400
1476	3572.33	1250	1980.81
1477	2537.95	1250	1407.26
1478	2683.5	1250	1487.97
1479	2987.58	1250	1656.57
1480	2053.38	1391.7	1400
1481	2917.77	1250	1617.86
1482	2704.4	1250	1499.56
1483	2885.52	1250	1599.98
1484	2621.73	1250	1453.72
1485	3314.01	1250	1837.57
1486	2742.86	1250	1520.88
1487	2859.94	1250	1585.8
1488	4188.86	1250	2322.66
1489	3210.7	1250	1780.29
1490	2339.74	1298.7	1400
1491	2131.71	1363.73	1400
1492	3002.27	1250	1664.72
1493	2324.15	1303.16	1400
1494	2146.88	1358.56	1400
1495	2562.15	1250	1420.68
1496	2469.06	1263.9	1400
1497	2395.92	1283.11	1400
1498	1219.67	1750	1219.73
1499	2368.54	1290.61	1400
1500	1237.72	1750	1237.78
1501	893.165	1750	893.209
1502	1211.22	1750	1211.28
1503	1052.45	1750	1052.5
1504	1798.5	1499.93	1400
1505	1421.37	1732.9	1400
1506	1172.8	1750	1172.86
1507	796.316	1750	796.356
1508	1277.19	1750	1277.25
1509	1012.14	1750	1012.19
1510	2707.79	1250	1501.43
1511	1007.78	1750	1007.83
1512	1021.32	1750	1021.37
1513	993.197	1750	993.247
1514	1072.03	1750	1072.08
1515	1141.47	1750	1141.53
1516	924.042	1750	924.088
1517	0	1750	0
1518	1091.85	1750	1091.9
1519	969.405	1750	969.453
1520	2531.1	1250	1403.46
1521	3042.95	1250	1687.27
1522	2721.99	1250	1509.31
1523	2775.27	1250	1538.85
1524	925.336	1750	925.382
1525	2664.15	1250	1477.23
1526	2667.56	1250	1479.13
1527	2876.55	1250	1595.01
1528	3020.03	1250	1674.57
1529	2806.26	1250	1556.03
1530	3396.45	1250	1883.28
1531	2638.3	1250	1462.9
1532	2450.57	1268.64	1400
1533	3119.32	1250	1729.62
1534	2689.75	1250	1491.43
1535	3413.07	1250	1892.5
1536	2712.94	1250	1504.29
1537	2528.83	1250	1402.2
1538	2542.55	1250	1409.81
1539	2416.06	1277.7	1400
1540	2721.98	1250	1509.3
1541	3256.07	1250	1805.45
1542	2258.58	1322.62	1400
1543	2174.61	1349.28	1400
1544	2565.38	1250	1422.47
1545	2788.99	1250	1546.46
1546	2697.8	1250	1495.89
1547	2480	1261.12	1400
1548	1400.49	1749.55	1400
1549	1258.02	1750	1258.08
1550	1284.94	1750	1285.01
1551	1108.02	1750	1108.08
1552	1313.62	1750	1313.68
1553	1207.27	1750	1207.33
1554	1171.57	1750	1171.62
1555	1194.43	1750	1194.49
1556	1072.48	1750	1072.54
1557	865.456	1750	865.499
1558	1101.85	1750	1101.9
1559	1207.86	1750	1207.92
1560	1067.73	1750	1067.79
1561	1339.81	1750	1339.88
1562	1036.73	1750	1036.78
1563	1150.6	1750	1150.66
1564	1023.09	1750	1023.14
1565	939.291	1750	939.337
1566	1002.5	1750	1002.55
1567	1137.17	1750	1137.23
1568	2754.98	1250	1527.6
1569	3170.88	1250	1758.21
1570	2453.88	1267.79	1400
1571	2326.92	1302.37	1400
1572	2407.68	1279.94	1400
1573	2881.5	1250	1597.75
1574	2213.43	1336.7	1400
1575	2623.15	1250	1454.5
1576	2187.78	1344.96	1400
1577	2428.04	1274.53	1400
1578	2622.4	1250	1454.08
1579	3091.67	1250	1714.29
1580	2846.64	1250	1578.42
1581	2795.13	1250	1549.86
1582	2672	1250	1481.59
1583	3047.65	1250	1689.88
1584	3247.26	1250	1800.56
1585	2681.99	1250	1487.13
1586	2763.34	1250	1532.23
1587	2663.44	1250	1476.84
1588	2392.36	1284.08	1400
1589	2734.27	1250	1516.11
1590	0	1750	0
1591	2406.43	1280.28	1400
1592	2649.35	1250	1469.03
1593	3181.49	1250	1764.09
1594	2906.13	1250	1611.41
1595	3102.24	1250	1720.15
1596	1229.54	1750	1229.6
1597	1184.74	1750	1184.8
1598	1123.29	1750	1123.35
1599	1426.31	1729.04	1400
1600	1006.81	1750	1006.86
1601	1102.77	1750	1102.83
1602	1565.58	1630.31	1400
1603	1054.57	1750	1054.62
1604	1090.59	1750	1090.65
1605	1303.9	1750	1303.97
1606	793.183	1750	793.223
1607	1209.51	1750	1209.57
1608	1099.13	1750	1099.18
1609	1003.41	1750	1003.46
1610	1039.45	1750	1039.5
1611	1133.08	1750	1133.14
1612	2733.49	1250	1515.68
1613	1097.17	1750	1097.22
1614	985.534	1750	985.583
1615	1066.26	1750	1066.31
1616	2844.89	1250	1577.45
1617	2834.96	1250	1571.95
1618	2829.31	1250	1568.81
1619	2948.73	1250	1635.03
1620	0	1750	0
1621	1687.86	1557.29	1400
1622	3122.57	1250	1731.42
1623	3265.93	1250	1810.91
1624	2473	1262.89	1400
1625	2549.98	1250	1413.93
1626	3046.58	1250	1689.28
1627	2692.85	1250	1493.15
1628	3296.26	1250	1827.73
1629	2673.61	1250	1482.48
1630	2745.92	1250	1522.58
1631	1288.31	1750	1288.37
1632	2171.52	1350.3	1400
1633	2407.7	1279.93	1400
1634	2749.47	1250	1524.54
1635	3585.2	1250	1987.95
1636	3040.05	1250	1685.66
1637	2681.55	1250	1486.88
1638	2927.61	1250	1623.32
1639	2311.14	1306.93	1400
1640	2630.34	1250	1458.49
1641	2609.92	1250	1447.16
1642	2752.18	1250	1526.05
1643	2503.84	1255.16	1400
1644	1135.44	1750	1135.5
1645	956.276	1750	956.324
1646	1240.96	1750	1241.02
1647	1400.96	1749.17	1400
1648	1190.68	1750	1190.74
1649	772.834	1750	772.872
1650	1221.55	1750	1221.61
1651	933.869	1750	933.915
1652	1080.87	1750	1080.92
1653	3109.48	1250	1724.16
1654	1133.73	1750	1133.78
1655	841.875	1750	841.917
1656	1113.67	1750	1113.73
1657	1216.69	1750	1216.75
1658	1103.23	1750	1103.29
1659	1266.6	1750	1266.67
1660	1176.24	1750	1176.3
1661	871.38	1750	871.424
1662	1249.96	1750	1250.02
1663	1035.93	1750	1035.99
1664	2053.65	1391.6	1400
1665	2489.83	1258.65	1400
1666	2400.29	1281.93	1400
1667	2158.68	1354.58	1400
1668	2396.37	1282.99	1400
1669	2281.8	1315.6	1400
1670	2577.59	1250	1429.24
1671	2985.54	1250	1655.44
1672	2835.82	1250	1572.42
1673	2339.51	1298.77	1400
1674	3214.49	1250	1782.39
1675	2843.62	1250	1576.75
1676	2597.48	1250	1440.27
1677	2947.28	1250	1634.22
1678	2604.82	1250	1444.34
1679	2777.58	1250	1540.13
1680	3606.58	1250	1999.8
1681	2908.77	1250	1612.87
1682	2490.95	1258.37	1400
1683	4688.31	1250	2599.6
1684	2621.7	1250	1453.7
1685	2953.89	1250	1637.89
1686	3251.77	1250	1803.06
1687	2684.42	1250	1488.47
1688	280.065	1750	280.065
1689	2890.63	1250	1602.81
1690	2449.41	1268.94	1400
1691	2391.11	1284.42	1400
1692	1283.37	1750	1283.44
1693	1190.59	1750	1190.65
1694	1276.29	1750	1276.35
1695	1308.43	1750	1308.49
1696	1166.82	1750	1166.88
1697	1146.07	1750	1146.13
1698	1123	1750	1123.05
1699	910.946	1750	910.992
1700	1111.17	1750	1111.23
1701	1253.21	1750	1253.27
1702	1044.74	1750	1044.8
1703	1007.92	1750	1007.97
1704	1109.59	1750	1109.65
1705	1130.56	1750	1130.61
1706	957.528	1750	957.576
1707	1295.85	1750	1295.92
1708	1336.3	1750	1336.37
1709	1199.96	1750	1200.02
1710	1131.95	1750	1132
1711	0	1750	0
1712	2639.75	1250	1463.71
1713	2001.38	1411.5	1400
1714	2614.54	1250	1449.73
1715	2532.49	1250	1404.23
1716	3124.9	1250	1732.71
1717	2452.73	1268.08	1400
1718	2961.17	1250	1641.93
1719	3038.77	1250	1684.96
1720	2983.08	1250	1654.08
1721	3080.9	1250	1708.32
1722	3318.33	1250	1839.97
1723	2672.88	1250	1482.08
1724	2444.08	1270.33	1400
1725	2334.98	1300.06	1400
1726	3160.41	1250	1752.4
1727	2767.39	1250	1534.48
1728	2552.2	1250	1415.16
1729	3189.41	1250	1768.49
1730	2619.07	1250	1452.24
1731	2585.26	1250	1433.49
1732	2638.74	1250	1463.14
1733	3264	1250	1809.84
1734	3123.24	1250	1731.79
1735	2013.03	1406.97	1400
1736	2596.56	1250	1439.75
1737	2778.73	1250	1540.77
1738	0	1750	0
1739	0	1750	0
1740	1006.7	1750	1006.75
1741	1172.09	1750	1172.14
1742	1560.83	1633.38	1400
1743	1202.21	1750	1202.27
1744	981.622	1750	981.671
1745	923.996	1750	924.042
1746	862.612	1750	862.655
1747	1017.4	1750	1017.45
1748	1068.15	1750	1068.21
1749	947.741	1750	947.788
1750	1306.12	1750	1306.18
1751	977.731	1750	977.779
1752	1081.42	1750	1081.47
1753	970.353	1750	970.402
1754	1134.27	1750	1134.33
1755	756.901	1750	756.939
1756	965.412	1750	965.46
1757	801.423	1750	801.463
1758	1160.07	1750	1160.13
1759	889.397	1750	889.442
1760	2268.39	1319.64	1400
1761	2143.02	1359.86	1400
1762	2758.98	1250	1529.82
1763	2739.25	1250	1518.88
1764	2777.07	1250	1539.85
1765	3541.31	1250	1963.61
1766	2503.1	1255.35	1400
1767	2696.87	1250	1495.38
1768	2227	1332.41	1400
1769	2328.53	1301.9	1400
1770	3017.72	1250	1673.28
1771	2375.29	1288.75	1400
1772	2442.11	1270.84	1400
1773	2549.58	1250	1413.71
1774	2667.32	1250	1478.99
1775	2837.47	1250	1573.34
1776	2057.43	1390.2	1400
1777	2598.25	1250	1440.7
1778	2987.27	1250	1656.4
1779	2687.22	1250	1490.03
1780	2765.73	1250	1533.56
1781	2652.41	1250	1470.73
1782	3134.61	1250	1738.1
1783	3015.54	1250	1672.07
1784	0	1750	0
1785	2740.74	1250	1519.71
1786	2427.72	1274.61	1400
1787	2354.46	1294.54	1400
1788	965.414	1750	965.462
1789	1122.27	1750	1122.32
1790	420.978	1750	420.978
1791	1196.09	1750	1196.14
1792	1034.33	1750	1034.39
1793	1230.22	1750	1230.28
1794	902.782	1750	902.827
1795	1043.3	1750	1043.35
1796	1219.49	1750	1219.55
1797	1131.31	1750	1131.37
1798	1307.92	1750	1307.98
1799	440.019	1750	440.019
1800	931.311	1750	931.357
1801	1027.84	1750	1027.89
1802	1024.68	1750	1024.73
1803	1145.68	1750	1145.73
1804	1033.14	1750	1033.19
1805	1048.98	1750	1049.03
1806	1109.74	1750	1109.79
1807	997.549	1750	997.598
1808	3443.09	1250	1909.15
1809	2789.56	1250	1546.77
1810	2469.53	1263.78	1400
1811	2569.8	1250	1424.92
1812	3018.56	1250	1673.75
1813	2513.8	1252.7	1400
1814	2289.01	1313.45	1400
1815	2161.11	1353.77	1400
1816	2927.3	1250	1623.15
1817	2647.31	1250	1467.9
1818	2525.19	1250	1400.18
1819	2241.51	1327.87	1400
1820	2190.44	1344.1	1400
1821	2707.8	1250	1501.44
1822	2734.38	1250	1516.18
1823	2565.02	1250	1422.27
1824	2197.36	1341.85	1400
1825	2094.89	1376.61	1400
1826	2648.21	1250	1468.4
1827	2307.42	1308.02	1400
1828	2493.72	1257.68	1400
1829	2918.95	1250	1618.52
1830	280.065	1750	280.065
1831	2612.3	1250	1448.48
1832	2381.49	1287.04	1400
1833	2622.41	1250	1454.09
1834	2404.96	1280.67	1400
1835	3184.57	1250	1765.8
1836	1059.62	1750	1059.68
1837	1025.87	1750	1025.92
1838	1005.94	1750	1005.99
1839	1010.82	1750	1010.87
1840	1018.77	1750	1018.82
1841	1026.02	1750	1026.07
1842	1179.51	1750	1179.57
1843	1036.34	1750	1036.4
1844	1359.09	1750	1359.16
1845	996.975	1750	997.025
1846	1255.98	1750	1256.04
1847	858.236	1750	858.279
1848	1233.63	1750	1233.7
1849	1046.63	1750	1046.69
1850	1454.2	1707.73	1400
1851	1027.97	1750	1028.02
1852	1188.02	1750	1188.08
1853	1162.96	1750	1163.02
1854	1110.98	1750	1111.03
1855	1118.85	1750	1118.91
1856	2683.58	1250	1488.01
1857	2167.52	1351.63	1400
1858	2611.56	1250	1448.07
1859	2763.58	1250	1532.37
1860	2574.17	1250	1427.34
1861	2530.08	1250	1402.89
1862	1968.16	1424.71	1400
1863	2584.44	1250	1433.04
1864	3636.48	1250	2016.38
1865	2355.14	1294.35	1400
1866	2274.96	1317.65	1400
1867	2526.91	1250	1401.14
1868	2395.62	1283.19	1400
1869	3132.21	1250	1736.77
1870	2637.23	1250	1462.31
1871	2514.18	1252.61	1400
1872	2115.2	1369.45	1400
1873	2426.5	1274.93	1400
1874	1871.45	1465.88	1400
1875	2376.74	1288.35	1400
1876	2596.98	1250	1439.99
1877	2912.76	1250	1615.08
1878	2463.38	1265.35	1400
1879	3963.97	1250	2197.96
1880	3466.26	1250	1921.99
1881	2722.37	1250	1509.51
1882	2378.91	1287.75	1400
1883	2618.51	1250	1451.93
1884	1542.72	1645.27	1400
1885	923.295	1750	923.341
1886	1022.99	1750	1023.04
1887	1150.92	1750	1150.98
1888	954.955	1750	955.002
1889	859.973	1750	860.016
1890	931.338	1750	931.384
1891	987.383	1750	987.432
1892	839.718	1750	839.76
1893	910.513	1750	910.559
1894	929.485	1750	929.531
1895	840.208	1750	840.25
1896	1086.66	1750	1086.72
1897	831.693	1750	831.734
1898	363.279	1750	363.279
1899	377.821	1750	377.821
1900	880.861	1750	880.905
1901	1091.86	1750	1091.91
1902	1056.91	1750	1056.96
1903	2665.6	1250	1478.04
1904	2648.47	1250	1468.54
1905	3035.11	1250	1682.92
1906	2089.44	1378.56	1400
1907	2969.18	1250	1646.37
1908	2402.27	1281.39	1400
1909	2428.26	1274.47	1400
1910	2584.73	1250	1433.19
1911	2932.07	1250	1625.79
1912	3024.64	1250	1677.12
1913	2403.02	1281.19	1400
1914	3181.7	1250	1764.21
1915	2399.99	1282.01	1400
1916	2295.37	1311.56	1400
1917	2721.67	1250	1509.13
1918	2875.25	1250	1594.28
1919	2960.71	1250	1641.67
1920	2386.41	1285.7	1400
1921	2283.19	1315.18	1400
1922	2471.25	1263.34	1400
1923	2364.17	1291.83	1400
1924	2316.57	1305.35	1400
1925	1796.29	1501	1400
1926	2503.2	1255.32	1400
1927	1500.39	1674.2	1400
1928	3358.01	1250	1861.97
1929	2293.52	1312.11	1400
1930	2212.97	1336.85	1400
1931	2395.54	1283.21	1400
1932	837.873	1750	837.915
1933	942.162	1750	942.209
1934	1086.62	1750	1086.67
1935	844.609	1750	844.651
1936	938.597	1750	938.644
1937	922.246	1750	922.292
1938	1047.83	1750	1047.89
1939	894.3	1750	894.344
1940	2038.86	1397.13	1400
1941	1377.98	1750	1378.05
1942	1340.95	1750	1341.02
1943	798.941	1750	798.981
1944	1239.44	1750	1239.5
1945	1107.89	1750	1107.94
1946	795.905	1750	795.945
1947	1000.67	1750	1000.72
1948	1140.12	1750	1140.18
1949	890.937	1750	890.981
1950	1034.01	1750	1034.07
1951	812.675	1750	812.716
1952	2315.03	1305.8	1400
1953	2437.13	1272.14	1400
1954	2273.5	1318.09	1400
1955	3416.62	1250	1894.47
1956	3255.48	1250	1805.12
1957	3085.35	1250	1710.78
1958	2715.23	1250	1505.56
1959	2835.56	1250	1572.28
1960	2467.59	1264.27	1400
1961	3027	1250	1678.43
1962	2908.69	1250	1612.83
1963	2769.37	1250	1535.58
1964	4593.85	1250	2547.23
1965	2782.49	1250	1542.85
1966	3285.44	1250	1821.73
1967	2503.85	1255.16	1400
1968	3711.76	1250	2058.12
1969	3289.25	1250	1823.84
1970	2184.71	1345.96	1400
1971	2762.97	1250	1532.03
1972	2558.26	1250	1418.52
1973	2993.16	1250	1659.66
1974	2390.86	1284.48	1400
1975	2669.34	1250	1480.11
1976	2882.27	1250	1598.18
1977	2403.29	1281.12	1400
1978	2388.03	1285.26	1400
1979	2473.88	1262.67	1400
1980	950.817	1750	950.865
1981	880.718	1750	880.762
1982	0	1750	0
1983	0	1750	0
1984	955.787	1750	955.834
1985	924.319	1750	924.365
1986	3457.13	1250	1916.93
1987	2662.77	1250	1476.47
1988	881.275	1750	881.319
1989	886.35	1750	886.394
1990	1012.09	1750	1012.14
1991	761.477	1750	761.515
1992	1228.43	1750	1228.49
1993	895.628	1750	895.672
1994	903.811	1750	903.856
1995	1030.22	1750	1030.27
1996	1115.45	1750	1115.51
1997	1151.2	1750	1151.25
1998	832.914	1750	832.955
1999	787.056	1750	787.095
2000	2148.4	1358.04	1400
2001	2210.35	1337.68	1400
2002	2296.02	1311.37	1400
2003	2791.41	1250	1547.8
2004	3323.65	1250	1842.92
2005	2582.95	1250	1432.21
2006	1533.81	1651.23	1400
2007	2289.7	1313.24	1400
2008	2618.43	1250	1451.88
2009	2528.15	1250	1401.82
2010	2720.76	1250	1508.62
2011	2493.14	1257.82	1400
2012	2454.87	1267.53	1400
2013	2099.03	1375.14	1400
2014	2773.42	1250	1537.82
2015	2583.61	1250	1432.58
2016	2086.21	1379.72	1400
2017	2838.26	1250	1573.78
2018	2972.15	1250	1648.02
2019	2384.02	1286.35	1400
2020	2368.06	1290.75	1400
2021	2785.25	1250	1544.38
2022	2609.77	1250	1447.08
2023	2640.24	1250	1463.98
2024	3431.35	1250	1902.64
2025	2751.05	1250	1525.42
2026	2059.67	1389.37	1400
2027	2299.25	1310.42	1400
2028	967.402	1750	967.451
2029	1131.75	1750	1131.81
2030	869.385	1750	869.429
2031	1088.75	1750	1088.8
2032	1053.07	1750	1053.13
2033	1125.5	1750	1125.56
2034	959.715	1750	959.763
2035	1331.09	1750	1331.16
2036	1002.57	1750	1002.62
2037	1053.98	1750	1054.04
2038	902.916	1750	902.961
2039	856.023	1750	856.066
2040	1361.87	1750	1361.94
2041	842.051	1750	842.093
2042	1097.89	1750	1097.95
2043	1069.17	1750	1069.23
2044	0	1750	0
2045	0	1750	0
2046	1425.82	1729.42	1400
2047	853.751	1750	853.793
2048	2484.41	1260.01	1400
2049	2652.41	1250	1470.73
2050	2912.07	1250	1614.7
2051	2533.38	1250	1404.73
2052	2595.6	1250	1439.23
2053	2464.89	1264.96	1400
2054	2486.42	1259.51	1400
2055	2546.63	1250	1412.07
2056	2755.78	1250	1528.04
2057	2382.94	1286.65	1400
2058	2633.83	1250	1460.42
2059	2084.86	1380.2	1400
2060	3143.8	1250	1743.19
2061	2559.67	1250	1419.3
2062	2405.07	1280.64	1400
2063	2604.91	1250	1444.38
2064	2394.69	1283.44	1400
2065	2825.45	1250	1566.67
2066	2692.04	1250	1492.7
2067	2585.98	1250	1433.89
2068	2069.21	1385.87	1400
2069	2572.06	1250	1426.17
2070	2227.92	1332.12	1400
2071	3005.79	1250	1666.67
2072	3525.23	1250	1954.69
2073	2682.67	1250	1487.51
2074	1558	1635.22	1400
2075	2765.25	1250	1533.29
2076	994.288	1750	994.337
2077	871.617	1750	871.66
2078	907.857	1750	907.902
2079	1256.84	1750	1256.9
2080	1003.93	1750	1003.98
2081	1412.7	1739.75	1400
2082	1178.04	1750	1178.1
2083	995.088	1750	995.138
2084	990.281	1750	990.33
2085	672.665	1750	672.698
2086	943.958	1750	944.005
2087	867.47	1750	867.513
2088	771.368	1750	771.406
2089	854.383	1750	854.426
2090	1075.83	1750	1075.89
2091	1079.97	1750	1080.02
2092	945.54	1750	945.588
2093	896.738	1750	896.782
2094	884.2	1750	884.244
2095	645.042	1750	645.074
2096	2167.04	1351.79	1400
2097	2539.04	1250	1407.86
2098	1635.64	1587.11	1400
2099	2518.67	1251.51	1400
2100	2772.05	1250	1537.07
2101	2402.38	1281.37	1400
2102	2684.19	1250	1488.34
2103	2504.89	1254.9	1400
2104	2726.82	1250	1511.98
2105	2249.54	1325.39	1400
2106	2909.9	1250	1613.5
2107	2714.58	1250	1505.2
2108	3336.77	1250	1850.19
2109	2277.06	1317.02	1400
2110	2229.46	1331.64	1400
2111	2419.74	1276.72	1400
2112	2595.69	1250	1439.27
2113	1336.69	1750	1336.76
2114	2544.46	1250	1410.87
2115	2739.71	1250	1519.13
2116	0	1750	0
2117	3378.29	1250	1873.22
2118	1630.72	1590.02	1400
2119	3176.99	1250	1761.6
2120	2902.86	1250	1609.6
2121	2379.4	1287.62	1400
2122	2601.77	1250	1442.64
2123	2258.5	1322.64	1400
2124	1129.67	1750	1129.72
2125	1129.18	1750	1129.24
2126	945.091	1750	945.138
2127	1221.76	1750	1221.82
2128	652.549	1750	652.581
2129	1107.74	1750	1107.8
2130	997.381	1750	997.431
2131	976.623	1750	976.672
2132	958.491	1750	958.539
2133	907.681	1750	907.726
2134	914	1750	914.045
2135	988.193	1750	988.242
2136	1218.5	1750	1218.56
2137	1028.59	1750	1028.64
2138	1128.86	1750	1128.91
2139	3769	1250	2089.86
2140	1150.53	1750	1150.59
2141	1289.28	1750	1289.34
2142	1224.17	1750	1224.23
2143	952.263	1750	952.311
2144	2980.41	1250	1652.6
2145	2458.69	1266.55	1400
2146	2175.11	1349.12	1400
2147	2586.55	1250	1434.2
2148	2479.76	1261.18	1400
2149	2616.54	1250	1450.84
2150	2163.9	1352.84	1400
2151	2067.95	1386.34	1400
2152	2344.6	1297.32	1400
2153	2229.45	1331.64	1400
2154	2911.15	1250	1614.2
2155	2188.78	1344.64	1400
2156	2058.04	1389.97	1400
2157	2518.48	1251.56	1400
2158	2638.3	1250	1462.9
2159	1959.73	1428.13	1400
2160	2862.01	1250	1586.95
2161	1656.12	1575.18	1400
2162	2180.33	1347.4	1400
2163	1913.2	1447.58	1400
2164	2500.02	1256.11	1400
2165	2496.54	1256.97	1400
2166	2540.08	1250	1408.44
2167	2553.53	1250	1415.9
2168	2363.56	1292	1400
2169	4025.98	1250	2232.35
2170	2424.56	1275.44	1400
2171	2654.5	1250	1471.88
2172	1412.46	1739.95	1400
2173	1137.9	1750	1137.95
2174	604.225	1750	604.255
2175	956.354	1750	956.401
2176	1143.13	1750	1143.19
2177	1228.1	1750	1228.16
2178	796.118	1750	796.157
2179	766.615	1750	766.653
2180	963.697	1750	963.745
2181	1040.61	1750	1040.66
2182	1127.86	1750	1127.92
2183	968.805	1750	968.853
2184	1234.73	1750	1234.79
2185	1031.26	1750	1031.31
2186	1562.32	1632.42	1400
2187	875.789	1750	875.833
2188	984.451	1750	984.5
2189	620.385	1750	620.416
2190	3059.57	1250	1696.49
2191	810.558	1750	810.598
2192	2210.77	1337.55	1400
2193	2444.55	1270.21	1400
2194	2366.99	1291.04	1400
2195	2418.69	1277	1400
2196	2110.12	1371.23	1400
2197	2835.1	1250	1572.02
2198	2348.05	1296.35	1400
2199	2556.39	1250	1417.48
2200	5070.01	1250	2811.25
2201	3126.28	1250	1733.48
2202	2230.02	1331.46	1400
2203	2275.98	1317.35	1400
2204	2315.59	1305.64	1400
2205	2437.79	1271.97	1400
2206	0	1750	0
2207	2401.36	1281.64	1400
2208	2017.82	1405.13	1400
2209	2256.19	1323.35	1400
2210	2829.02	1250	1568.65
2211	2255.17	1323.66	1400
2212	3068.49	1250	1701.44
2213	2867.01	1250	1589.72
2214	2033.71	1399.07	1400
2215	2761.06	1250	1530.97
2216	3099.65	1250	1718.72
2217	2936.25	1250	1628.11
2218	2364.06	1291.86	1400
2219	2209.19	1338.05	1400
2220	1146.08	1750	1146.14
2221	615.851	1750	615.882
2222	2296.65	1311.19	1400
2223	2789.6	1250	1546.8
2224	967.286	1750	967.334
2225	960.178	1750	960.226
2226	702.878	1750	702.913
2227	1249.65	1750	1249.71
2228	815.259	1750	815.3
2229	1339.3	1750	1339.37
2230	902.44	1750	902.485
2231	871.661	1750	871.704
2232	1235.66	1750	1235.72
2233	1302.62	1750	1302.68
2234	1034.68	1750	1034.73
2235	975.601	1750	975.649
2236	827.465	1750	827.506
2237	957.606	1750	957.654
2238	1012.48	1750	1012.53
2239	735.275	1750	735.312
2360	2555.3	1349.02	1400
2361	1480.23	1702.4	1400
2362	4180.13	1250	1870.94
2363	2245.57	1420.4	1400
2364	2607.73	1338.4	1400
2365	3181.37	1250	1423.91
2366	2762.65	1309.07	1400
2367	2569.72	1346.06	1400
2368	3451.21	1250	1544.69
2369	2643.5	1331.36	1400
2370	3307.53	1250	1480.38
2371	2536.4	1352.94	1400
2372	3222.05	1250	1442.12
2373	4140.68	1250	1853.28
2374	4068.29	1250	1820.88
2375	3448.43	1250	1543.44
2376	3621.79	1250	1621.03
2377	3320.77	1250	1486.3
2378	3982.18	1250	1782.34
2379	3042.83	1262.66	1400
2380	3796.59	1250	1699.27
2381	3282.5	1250	1469.18
2382	2643.24	1331.41	1400
2383	2610.61	1337.83	1400
2384	2802.06	1302.06	1400
2385	3284.49	1250	1470.07
2386	3993.15	1250	1787.25
2387	3520.07	1250	1575.51
2388	3583.29	1250	1603.8
2389	3731.86	1250	1670.3
2390	2019.48	1484.27	1400
2391	3640.75	1250	1629.52
2392	3828.93	1250	1713.75
2393	3427.75	1250	1534.19
2394	3613.86	1250	1617.49
2395	2925.22	1281.21	1400
2396	3407.13	1250	1524.96
2397	4861.08	1250	2175.71
2398	3822.72	1250	1710.97
2399	2308.71	1404.51	1400
2400	3067.12	1258.99	1400
2401	2353.1	1393.78	1400
2402	3115.2	1251.86	1400
2403	2949.07	1277.34	1400
2404	3508.96	1250	1570.54
2405	3811.61	1250	1706
2406	3526.55	1250	1578.41
2407	3231.21	1250	1446.22
2408	3190.38	1250	1427.95
2409	3415.39	1250	1528.66
2410	3514.06	1250	1572.82
2411	2304.58	1405.52	1400
2412	3607.61	1250	1614.69
2413	2737.1	1313.71	1400
2414	4722.75	1250	2113.8
2415	4229.74	1250	1893.14
2416	2646.56	1330.77	1400
2417	4628.48	1250	2071.61
2418	4063.68	1250	1818.81
2419	4147.66	1250	1856.41
2420	3531.48	1250	1580.61
2421	2995.73	1269.94	1400
2422	4991.32	1250	2234.01
2423	2910.41	1283.63	1400
2424	3448.61	1250	1543.52
2425	3717.36	1250	1663.81
2426	3773.24	1250	1688.82
2427	3600.55	1250	1611.53
2428	5368.25	1250	2402.71
2429	4835.09	1250	2164.08
2430	2681.31	1324.1	1400
2431	2971.7	1273.73	1400
2432	3558.04	1250	1592.5
2433	3133.4	1250	1402.44
2434	2827.69	1297.59	1400
2435	3855.2	1250	1725.51
2436	3377.42	1250	1511.66
2437	4137.93	1250	1852.05
2438	3115.8	1251.77	1400
2439	2746.72	1311.95	1400
2440	4068.9	1250	1821.15
2441	3075.03	1257.8	1400
2442	3384.13	1250	1514.67
2443	3403.31	1250	1523.25
2444	2559.65	1348.12	1400
2445	2393.69	1384.27	1400
2446	3565.06	1250	1595.65
2447	1969.11	1500.22	1400
2448	2065.53	1470.28	1400
2449	3521.59	1250	1576.19
2450	1926.61	1514.23	1400
2451	3070.18	1258.53	1400
2452	4140	1250	1852.98
2453	3374.63	1250	1510.41
2454	2983.65	1271.83	1400
2455	0	1750	0
2456	4483.9	1250	2006.9
2457	4666.07	1250	2088.43
2458	2935.09	1279.6	1400
2459	2495.23	1361.66	1400
2460	2163.36	1442.28	1400
2461	3293.26	1250	1473.99
2462	2739.64	1313.25	1400
2463	3096.11	1254.67	1400
2464	3101.26	1253.91	1400
2465	2902.82	1284.88	1400
2466	2864.96	1291.22	1400
2467	2428.69	1376.29	1400
2468	2515.51	1357.33	1400
2469	3631.06	1250	1625.19
2470	2279.94	1411.65	1400
2471	2805.59	1301.44	1400
2472	4361.39	1250	1952.07
2473	4505.16	1250	2016.41
2474	5120.18	1250	2291.68
2475	4207.49	1250	1883.18
2476	4044.35	1250	1810.16
2477	2130.36	1451.48	1400
2478	3435.97	1250	1537.87
2479	4217.52	1250	1887.67
2480	2751.78	1311.04	1400
2481	2746.12	1312.06	1400
2482	3104.03	1253.5	1400
2483	3413.44	1250	1527.78
2484	2654.64	1329.21	1400
2485	2810.15	1300.64	1400
2486	2669.35	1326.38	1400
2487	4141.62	1250	1853.7
2488	3435.82	1250	1537.8
2489	2557.32	1348.6	1400
2490	2929.79	1280.46	1400
2491	3856.03	1250	1725.88
2492	2052.91	1474.06	1400
2493	4086.13	1250	1828.86
2494	4139.83	1250	1852.9
2495	2877.88	1289.04	1400
2496	2886.67	1287.57	1400
2497	2336.39	1397.77	1400
2498	3762.21	1250	1683.89
2499	3087.68	1255.91	1400
2500	4615.97	1250	2066.01
2501	3782.02	1250	1692.75
2502	2220.69	1426.87	1400
2503	4298.81	1250	1924.06
2504	2912.14	1283.35	1400
2505	3431.08	1250	1535.68
2506	2658.18	1328.52	1400
2507	4120.39	1250	1844.2
2508	3277.14	1250	1466.78
2509	3076.85	1257.53	1400
2510	3248.61	1250	1454.01
2511	2669.65	1326.32	1400
2512	3147.36	1250	1408.69
2513	2742.6	1312.7	1400
2514	2157.15	1443.99	1400
2515	2930.64	1280.32	1400
2516	4016.92	1250	1797.89
2517	2421.26	1377.97	1400
2518	2338.19	1397.34	1400
2519	2797.66	1302.83	1400
2520	2627.19	1334.55	1400
2521	3598.08	1250	1610.42
2522	4288.79	1250	1919.57
2523	2227.17	1425.17	1400
2524	3507.52	1250	1569.89
2525	2998.29	1269.54	1400
2526	3016.25	1266.74	1400
2527	2934.86	1279.64	1400
2528	2890.29	1286.96	1400
2529	3387.87	1250	1516.34
2530	3359.4	1250	1503.59
2531	3390.59	1250	1517.56
2532	2728.89	1315.22	1400
2533	2957.01	1276.07	1400
2534	3148.22	1250	1409.08
2535	3441.34	1250	1540.27
2536	2482.76	1364.35	1400
2537	2230.16	1424.39	1400
2538	3181.14	1250	1423.81
2539	1653.26	1619.04	1400
2540	4648.58	1250	2080.6
2541	3997.58	1250	1789.23
2542	3543.53	1250	1586.01
2543	2580.98	1343.77	1400
2544	3381.54	1250	1513.5
2545	3516.28	1250	1573.81
2546	3316.59	1250	1484.44
2547	3821.08	1250	1710.23
2548	2784.52	1305.16	1400
2549	3480.01	1250	1557.58
2550	1442.71	1722.75	1400
2551	4331.75	1250	1938.8
2552	2942.74	1278.36	1400
2553	2323.98	1400.77	1400
2554	2778.61	1306.21	1400
2555	2635.11	1333	1400
2556	3912.99	1250	1751.37
2557	2557.05	1348.66	1400
2558	4403.66	1250	1970.99
2559	3977.15	1250	1780.09
2560	2689.16	1322.62	1400
2561	2557.32	1348.6	1400
2562	3425.01	1250	1532.96
2563	4944.19	1250	2212.91
2564	3141.74	1250	1406.17
2565	3177.88	1250	1422.35
2566	2756.15	1310.24	1400
2567	5303.58	1250	2373.77
2568	2852.82	1293.28	1400
2569	4186.61	1250	1873.84
2570	3115.78	1251.77	1400
2571	2905.31	1284.47	1400
2572	2284.38	1410.54	1400
2573	3422.95	1250	1532.04
2574	2932.66	1279.99	1400
2575	3416.03	1250	1528.94
2576	3134.96	1250	1403.14
2577	3004.85	1268.51	1400
2578	2376.09	1388.36	1400
2579	2064.3	1470.65	1400
2580	0	1750	0
2581	2316.71	1402.54	1400
2582	4356.78	1250	1950
2583	3480.78	1250	1557.92
2584	2798.16	1302.74	1400
2585	2930.88	1280.28	1400
2586	2557.81	1348.5	1400
2587	2057.52	1472.67	1400
2588	2427.79	1376.49	1400
2589	3365.48	1250	1506.32
2590	2348.95	1394.76	1400
2591	2536.71	1352.88	1400
2592	3390.65	1250	1517.58
2593	2760.26	1309.5	1400
2594	3676.38	1250	1645.47
2595	3242.2	1250	1451.14
