0	1268	1164.42	1200
1	1292	1121.69	1200
2	1200	1911.16	1755.44
3	1260	1179.82	1200
4	1200	1507.69	1384.85
5	1252	1194.69	1200
6	1750	485.844	876.249
7	1200	1330.31	1221.92
8	1262	1176.37	1200
9	1587	776.925	1200
10	1254	1191.68	1200
11	1547	810.469	1200
12	1214	1273.95	1200
13	1200	1618.59	1486.71
14	1200	1430.05	1313.53
15	1244	1211.09	1200
16	1200	1636.4	1503.06
17	1200	1378.09	1265.81
18	1374	998.289	1200
19	1200	1446.22	1328.39
20	1200	1672.14	1535.9
21	1750	1185.68	1185.68
22	1750	1062.66	1062.66
23	1750	915.267	915.267
24	1750	821.28	821.28
25	1673	1287.22	1200
26	1750	1064.81	1064.81
27	1750	947.706	947.706
28	1633	1338.01	1200
29	1750	1062.07	1062.07
30	1750	1053.2	1053.2
31	1750	939.359	939.359
32	1699	1256.39	1200
33	1750	1058.78	1058.78
34	1692	1264.74	1200
35	1750	1179.47	1179.47
36	1750	780.692	780.692
37	1750	1149.32	1149.32
38	1750	1033.61	1033.61
39	1750	1006.39	1006.39
40	1750	977.212	977.212
41	1750	950.393	950.393
42	1750	1136.12	1136.12
43	1750	881.667	881.667
44	1750	850.041	850.041
45	1750	761.381	761.381
46	1750	789.278	789.278
47	1269	2099.04	1200
48	1281	1142.31	1200
49	1227	1244.87	1200
50	1364	1012.3	1200
51	1200	1319.46	1211.95
52	1231	1237.51	1200
53	1200	1428.78	1312.37
54	1200	1776.15	1631.43
55	1273	1156.48	1200
56	1258	1183.28	1200
57	1200	1439.43	1322.15
58	1212	1277	1200
59	1200	1735.43	1594.03
60	1200	1323.66	1215.81
61	1200	1555.35	1428.62
62	1254	1191.33	1200
63	1200	1359.66	1248.88
64	1226	1248.23	1200
65	1200	1537.71	1412.42
66	1200	1429.96	1313.45
67	1200	1495.08	1373.26
68	1251	1196.55	1200
69	1750	1097.33	1097.33
70	1750	1052.65	1052.65
71	1750	971.548	971.548
72	1750	650.924	650.924
73	1750	1050.6	1050.6
74	1750	1044.96	1044.96
75	1750	1139.87	1139.87
76	1750	963.331	963.331
77	1661	1301.6	1200
78	1586	1403.49	1200
79	1750	781.159	781.159
80	1750	966.752	966.752
81	1750	856.928	856.928
82	1750	987.097	987.097
83	1703	1251.94	1200
84	1750	952.519	952.519
85	1750	1131.6	1131.6
86	1750	1051.95	1051.95
87	1743	1206.6	1200
88	1750	802.796	802.796
89	1750	972.165	972.165
90	1750	1038.24	1038.24
91	1750	1018.94	1018.94
92	1750	817.033	817.033
93	1750	1135.12	1135.12
94	1750	1036.33	1036.33
95	1659	1303.81	1200
96	1200	1348.67	1238.78
97	1200	1707.69	1568.55
98	1200	1758.45	1615.17
99	1200	1425.51	1309.36
100	1278	1147.18	1200
101	1220	1261.06	1200
102	1270	1160.4	1200
103	1200	1657.61	1522.55
104	1329	1063.53	1200
105	1345	1039.21	1200
106	1200	1523.75	1399.6
107	1200	1901.91	1746.94
108	1200	1478.11	1357.67
109	1292	1122.58	1200
110	1283	1138.51	1200
111	1200	2130.17	1956.6
112	1200	1384.81	1271.98
113	1217	1266.28	1200
114	1261	1177.11	1200
115	1200	1325.21	1217.23
116	1222	1255.47	1200
117	1750	984.081	984.081
118	1482	1573.89	1200
119	1750	1055.73	1055.73
120	1750	931.922	931.922
121	1750	1025.42	1025.42
122	1540	1473.12	1200
123	1678	1280.35	1200
124	1750	938.138	938.138
125	1750	1070.7	1070.7
126	1750	1043.02	1043.02
127	1750	867.882	867.882
128	1750	1104.64	1104.64
129	1750	718.112	718.112
130	1750	1067.21	1067.21
131	1750	858.96	858.96
132	1750	776.505	776.505
133	1750	850.114	850.114
134	1750	1122.15	1122.15
135	1210	2315.06	1200
136	1750	1176.03	1176.03
137	1750	1040.75	1040.75
138	1750	938.484	938.484
139	1750	859.465	859.465
140	1750	1110.68	1110.68
141	1674	1285.8	1200
142	1666	1296.12	1200
143	1750	1002.07	1002.07
144	1200	1351.9	1241.75
145	1230	1239.3	1200
146	1208	1287.26	1200
147	1200	1529.13	1404.54
148	1258	1182.92	1200
149	1200	1570.85	1442.86
150	1200	1472.81	1352.81
151	1243	1211.85	1200
152	1292	1123.17	1200
153	1200	1679.29	1542.47
154	1200	1787.98	1642.3
155	1200	1331.26	1222.79
156	1200	1525.67	1401.36
157	1200	1592.82	1463.04
158	1200	2045.71	1879.03
159	1200	1451.4	1333.15
160	1200	1940.82	1782.68
161	1200	1752.63	1609.83
162	1272	1157.43	1200
163	1271	1159.13	1200
164	1200	1492.85	1371.21
165	1750	933.535	933.535
166	1750	961.269	961.269
167	1750	708.33	708.33
168	1750	953.126	953.126
169	1750	1033.75	1033.75
170	1750	1091.5	1091.5
171	1618	1358.23	1200
172	1713	1240.4	1200
173	1454	1625.4	1200
174	1750	1170.32	1170.32
175	1747	1202.14	1200
176	1750	892.714	892.714
177	1750	898.26	898.26
178	1546	1463.9	1200
179	1750	1093.46	1093.46
180	1750	882.574	882.574
181	1750	952.709	952.709
182	1750	1139.4	1139.4
183	1721	1231.08	1200
184	1750	1196.05	1196.05
185	1750	744.023	744.023
186	1718	1234.04	1200
187	1750	961.744	961.744
188	1750	1173.1	1173.1
189	1750	1104.92	1104.92
190	1750	928.385	928.385
192	1200	1798.14	1651.63
193	1268	1165.53	1200
194	1230	1239.12	1200
195	1261	1178.34	1200
196	1200	1408.48	1293.72
197	1241	1217.74	1200
198	1200	1325.48	1217.48
199	1200	1425.86	1309.68
200	1200	1749.17	1606.65
201	1200	1321.26	1213.6
202	1200	1447.95	1329.97
203	1200	1334.56	1225.82
204	1212	1278.17	1200
205	1200	1410.52	1295.59
206	1200	1312.87	1205.9
207	1200	1414.17	1298.94
208	1200	1335.86	1227.01
209	1200	1360.04	1249.23
210	1200	1350.74	1240.68
211	1216	1270.05	1200
212	1200	2113.27	1941.09
213	1549	1458.71	1200
214	1750	982.354	982.354
215	1750	1118.08	1118.08
216	1750	943.273	943.273
217	1750	872.096	872.096
218	1750	1163.5	1163.5
219	1397	1745.89	1200
220	1712	1240.54	1200
221	1750	986.999	986.999
222	1750	1122.98	1122.98
223	1750	1032.86	1032.86
224	1586	1402.63	1200
225	1750	870.11	870.11
226	1750	802.649	802.649
227	1750	973.785	973.785
228	1750	958.051	958.051
229	1750	1196.56	1196.56
230	1750	842.951	842.951
231	1750	731.139	731.139
232	1750	857.339	857.339
233	1750	868.572	868.572
234	1750	1127.61	1127.61
235	1251	2159.81	1200
236	1750	851.67	851.67
237	1750	776.069	776.069
238	1700	1254.78	1200
239	1750	968.356	968.356
240	1200	1397.63	1283.75
241	1260	1180.77	1200
242	1200	1498.19	1376.12
243	1200	1368.79	1257.26
244	1252	1194.54	1200
245	1467	888.128	1200
246	1200	1353.12	1242.87
247	1292	1122.56	1200
248	1200	1636.31	1502.98
249	1200	1489.13	1367.79
250	1200	1679.71	1542.85
251	1260	1179.04	1200
252	1258	1183.77	1200
253	1292	1122.24	1200
254	1200	1388.11	1275
255	1221	1259.13	1200
256	1200	1647	1512.81
257	1283	1137.76	1200
258	1200	1714.57	1574.87
259	1291	1123.69	1200
260	1200	2228.72	2047.13
261	1750	793.182	793.182
262	1750	1059.11	1059.11
263	1569	1427.7	1200
264	1646	1321	1200
265	1750	1140.54	1140.54
266	1750	806.935	806.935
267	1750	1069.15	1069.15
268	1750	1071.2	1071.2
269	1750	1026.73	1026.73
270	1750	878.863	878.863
271	1750	780.812	780.812
272	1750	1100.69	1100.69
273	1750	933.655	933.655
274	1632	1338.94	1200
275	1578	1414.41	1200
276	1750	945.641	945.641
277	1750	1132.03	1132.03
278	1750	896.69	896.69
279	1750	768.83	768.83
280	1750	903.423	903.423
281	1750	1153.46	1153.46
282	1750	748.468	748.468
283	1750	950.364	950.364
284	1750	927.567	927.567
285	1750	854.591	854.591
286	1750	1137	1137
287	1750	939.189	939.189
288	1200	1401.28	1287.1
289	1200	1471.15	1351.28
290	1200	1658.06	1522.96
291	1211	1280.6	1200
292	1334	1054.98	1200
293	1271	1159.34	1200
294	1405	958.244	1200
295	1200	1359.62	1248.84
296	1237	1224.13	1200
297	1231	1237.01	1200
298	1255	1188.68	1200
299	1200	1517.14	1393.52
300	1415	946.889	1200
301	1200	1463.6	1344.35
302	1340	1047.05	1200
303	1359	1018.83	1200
304	1221	1258.19	1200
305	1218	1265.89	1200
306	1291	1124.97	1200
307	1200	1329.06	1220.77
308	1269	1163.28	1200
309	1750	1156.02	1156.02
310	1750	1040.32	1040.32
311	1507	1527.69	1200
312	1750	915.253	915.253
313	1200	2480.71	1263.38
314	1750	942.269	942.269
315	1750	1048.34	1048.34
316	1750	971.696	971.696
317	1200	3381.83	1722.31
318	1750	967.837	967.837
319	1750	816.856	816.856
320	1730	1221.32	1200
321	1750	1030.5	1030.5
322	1750	1051.53	1051.53
323	1750	1021.65	1021.65
324	1750	1018.27	1018.27
325	1630	1342.17	1200
326	1750	1029.91	1029.91
327	1750	941.154	941.154
328	1750	985.006	985.006
329	1551	1455.45	1200
330	1750	1119.74	1119.74
331	1750	1035.25	1035.25
332	1620	1354.7	1200
333	1575	1418.78	1200
334	1750	849.875	849.875
335	1750	872.015	872.015
336	1210	1282.31	1200
337	1240	1218.81	1200
338	1200	1436.26	1319.24
339	1200	1697.87	1559.53
340	1217	1266.06	1200
341	1200	1437.43	1320.31
342	1231	1237.09	1200
343	1200	1536.23	1411.06
344	1200	1304.69	1200
345	1200	1551.67	1425.24
346	1246	1206.86	1200
347	1231	1238.18	1200
348	1200	1790.11	1644.25
349	1200	1311.43	1204.58
350	1277	1149.2	1200
351	1254	1191.82	1200
352	1251	1196.25	1200
353	1200	1373.41	1261.5
354	1200	1693.61	1555.62
355	1200	1319.32	1211.82
356	1200	1756.99	1613.84
357	1750	467.911	467.911
358	1750	1056.11	1056.11
359	1693	1262.74	1200
360	1640	1329	1200
361	1750	1059.82	1059.82
362	1750	1057.35	1057.35
363	1200	4474.05	2278.55
364	1627	1345.81	1200
365	1550	1457.95	1200
366	1750	888.78	888.78
367	1750	1161.9	1161.9
368	1488	1562.14	1200
369	1750	1040.2	1040.2
370	1750	996.497	996.497
371	1750	1165.22	1165.22
372	1750	1039.03	1039.03
373	1750	1018.39	1018.39
374	1750	844.431	844.431
375	1200	3562.06	1814.09
376	1622	1352	1200
377	1750	1113.54	1113.54
378	1750	812.583	812.583
379	1750	1154.46	1154.46
380	1570	1426.12	1200
381	1750	1167.12	1167.12
382	1750	1057.75	1057.75
383	1750	964.568	964.568
384	1214	1274.33	1200
385	1200	1534.79	1409.74
386	1200	1634.08	1500.93
387	1234	1230.07	1200
388	1200	1544.12	1418.31
389	1200	1500.71	1378.43
390	1200	1353.74	1243.44
391	1200	1314.83	1207.7
392	1235	1229.47	1200
393	1200	1333.03	1224.41
394	1238	1223.75	1200
395	1220	1260.8	1200
396	1200	1413.85	1298.65
397	1200	1429.73	1313.24
398	1353	1028	1200
399	1200	1320.94	1213.31
400	1249	1201.4	1200
401	1200	1369.46	1257.88
402	1200	1517.77	1394.1
403	1333	1056.37	1200
404	1393	973.283	1200
405	1750	966.872	966.872
406	1750	909.242	909.242
407	1750	1130.66	1130.66
408	1750	1096.13	1096.13
409	1750	945.307	945.307
410	1750	963.793	963.793
411	1750	904.068	904.068
412	1750	880.754	880.754
413	1750	955.9	955.9
414	1750	858.159	858.159
415	1562	1438.09	1200
416	1750	915.275	915.275
417	1750	880.134	880.134
418	1750	1087.14	1087.14
419	1750	377.923	377.923
420	1750	939.624	939.624
421	1750	1030.09	1030.09
422	1750	920.945	920.945
423	1750	1106.42	1106.42
424	1750	1171.31	1171.31
425	1750	944.447	944.447
426	1651	1314.01	1200
427	1750	1029.8	1029.8
428	1750	1028.4	1028.4
429	1750	871.404	871.404
430	1750	1119.72	1119.72
431	1750	1010.74	1010.74
432	1281	1141.4	1200
433	1200	1514.3	1390.92
434	1264	1172.72	1200
435	1200	1350.64	1240.6
436	1243	1212.77	1200
437	1510	844.186	1200
438	1200	1726.09	1585.45
439	1200	1434.57	1317.68
440	1200	1535.56	1410.44
441	1200	1692.97	1555.03
442	1233	1232.2	1200
443	1200	1539.45	1414.02
444	1200	1345.17	1235.56
445	1213	1275.06	1200
446	1200	1433.25	1316.47
447	1259	1182.18	1200
448	1238	1223.63	1200
449	1297	1114.69	1200
450	1200	1659.18	1523.99
451	1247	1205.27	1200
452	1200	1352	1241.85
453	1750	759.56	759.56
454	1750	1048.78	1048.78
455	1654	1310.74	1200
456	1750	1117.89	1117.89
457	1750	948.689	948.689
458	1750	1044.03	1044.03
459	1750	860.83	860.83
460	1750	813.012	813.012
461	1750	1017.78	1017.78
462	1750	1060.66	1060.66
463	1624	1349.82	1200
464	1750	936.696	936.696
465	1750	900.189	900.189
466	1750	970.473	970.473
467	1750	966.359	966.359
468	1591	1396.23	1200
469	1750	1022.71	1022.71
470	1750	1127.69	1127.69
471	1750	399.809	399.809
472	1750	859.898	859.898
473	1750	1026	1026
474	1547	1462.12	1200
475	1750	1011.12	1011.12
476	1750	1111.13	1111.13
477	1750	948.758	948.758
478	1750	1170.47	1170.47
479	1750	952.171	952.171
480	1200	1461.69	1342.59
481	1285	1134.84	1200
482	1200	1488.76	1367.46
483	1289	1127.13	1200
484	1412	949.854	1200
485	1200	1606.19	1475.32
486	1200	1340.59	1231.36
487	1200	1366.32	1254.99
488	1201	1302.85	1200
489	1200	1368.74	1257.22
490	1200	1638.53	1505.03
491	1261	1178.15	1200
492	1209	1285.45	1200
493	1200	1446.75	1328.87
494	1200	1820.42	1672.1
495	1271	1159.71	1200
496	1200	1321.02	1213.39
497	1200	1554.48	1427.83
498	1200	1318.47	1211.05
499	1325	1069.28	1200
500	1200	1490.75	1369.29
501	1750	946.864	946.864
502	1750	1110.65	1110.65
503	1750	1186.01	1186.01
504	1695	1260.36	1200
505	1750	827.372	827.372
506	1750	507.986	507.986
507	1750	1112.97	1112.97
508	1750	1041.65	1041.65
509	1705	1248.78	1200
510	1750	1127.5	1127.5
511	1750	1037.85	1037.85
512	1750	884.383	884.383
513	1567	1430.49	1200
514	1750	799.43	799.43
515	1750	1145.72	1145.72
516	1750	982.288	982.288
517	1750	1142.29	1142.29
518	1750	1127.28	1127.28
519	1750	505.231	505.231
520	1750	485.582	485.582
521	1655	1309.02	1200
522	1750	1127.88	1127.88
523	1750	1138.02	1138.02
524	1750	1109.23	1109.23
525	1731	1219.49	1200
526	1750	1174.37	1174.37
527	1750	1107.74	1107.74
528	1200	1349.29	1239.36
529	1200	1862.38	1710.63
530	1216	1269.92	1200
531	1334	1055.98	1200
532	1200	1432.07	1315.39
533	1213	1276.24	1200
534	1200	1332.71	1224.12
535	1305	1100.24	1200
536	1237	1224.44	1200
537	1298	1111.7	1200
538	1227	1245.51	1200
539	1249	1200.15	1200
540	1202	1299.71	1200
541	1207	1289.54	1200
542	1411	951.15	1200
543	1266	1168.28	1200
544	1200	1401.06	1286.91
545	1200	1391.57	1278.19
546	1200	1454.76	1336.23
547	1200	1561.09	1433.9
548	1264	1172.14	1200
549	1639	1329.54	1200
550	1750	987.363	987.363
551	1750	1046.73	1046.73
552	1750	955.587	955.587
553	1750	536.191	536.191
554	1750	858.634	858.634
555	1750	951.195	951.195
556	1750	983.782	983.782
557	1750	857.185	857.185
558	1378	1790.91	1200
559	1750	870.414	870.414
560	1750	870.973	870.973
561	1750	840.547	840.547
562	1750	779.156	779.156
563	1750	1036.57	1036.57
564	1750	934.482	934.482
565	1750	1192.37	1192.37
566	1750	974.587	974.587
567	1750	1002.25	1002.25
568	1750	1132.69	1132.69
569	1520	1506.32	1200
570	1750	825.033	825.033
571	1750	1142.47	1142.47
572	1750	1147.04	1147.04
573	1750	876.846	876.846
574	1658	1305.95	1200
575	1750	1101.52	1101.52
576	1200	1359.02	1248.29
577	1200	1654.08	1519.31
578	1200	1481.06	1360.39
579	1218	1264.55	1200
580	1200	1536.04	1410.89
581	1200	1364.83	1253.62
582	1200	1623.06	1490.82
583	1200	1476.15	1355.87
584	1200	1331.97	1223.45
585	1247	1205.44	1200
586	1217	1267.14	1200
587	1200	1358.13	1247.47
588	1200	1550.41	1424.08
589	1200	1533.07	1408.16
590	1220	1261.23	1200
591	1357	1022.3	1200
592	1200	1433.71	1316.89
593	1200	1309.48	1202.79
594	1230	1238.5	1200
595	1271	1158.96	1200
596	1200	1411.18	1296.2
597	1750	1126.49	1126.49
598	1750	1133.63	1133.63
599	1685	1272.04	1200
600	1200	3596.59	1831.68
601	1750	861.746	861.746
602	1750	1176.36	1176.36
603	1750	1158.02	1158.02
604	1750	1116.07	1116.07
605	1750	861.927	861.927
606	1750	1025.44	1025.44
607	1750	740.676	740.676
608	1750	798.409	798.409
609	1750	796.878	796.878
610	1750	1134.7	1134.7
611	1750	888.489	888.489
612	1750	885.049	885.049
613	1677	1282.36	1200
614	1750	1171.96	1171.96
615	1750	947.794	947.794
616	1750	1125.75	1125.75
617	1750	966.252	966.252
618	1750	1038.56	1038.56
619	1750	895.603	895.603
620	1750	1107.27	1107.27
621	1750	1107.41	1107.41
622	1750	1187.58	1187.58
623	1750	1113	1113
624	1200	1596.13	1466.08
625	1200	1315.27	1208.1
626	1227	1245.08	1200
627	1207	1288.77	1200
628	1200	1330.63	1222.21
629	1200	1314.2	1207.13
630	1200	1486.58	1365.46
631	1200	1358.06	1247.41
632	1200	1445.9	1328.09
633	1245	1207.95	1200
634	1341	1044.99	1200
635	1214	1274.32	1200
636	1200	1364.77	1253.57
637	1200	1486.44	1365.33
638	1262	1175.63	1200
639	1200	1362.43	1251.42
640	1200	1668.35	1532.41
641	1200	1367.02	1255.64
642	1200	1428.09	1311.73
643	1200	1339.24	1230.12
644	1295	1116.99	1200
645	1750	1029.93	1029.93
646	1750	867.402	867.402
647	1750	763.345	763.345
648	1706	1248.03	1200
649	1750	853.734	853.734
650	1568	1429.44	1200
651	1750	1131.23	1131.23
652	1750	888.712	888.712
653	1750	855.332	855.332
654	1750	1143.8	1143.8
655	1750	1110.08	1110.08
656	1750	862.816	862.816
657	1750	966.422	966.422
658	1720	1231.57	1200
659	1750	1146.44	1146.44
660	1750	968.668	968.668
661	1750	1127.72	1127.72
662	1750	1176.24	1176.24
663	1750	1081.39	1081.39
664	1567	1431.11	1200
665	1629	1343.08	1200
666	1750	942.568	942.568
667	1750	1128.6	1128.6
668	1734	1216.72	1200
669	1750	946.407	946.407
670	1750	1087.02	1087.02
671	1359	1837.72	1200
672	1200	1325.63	1217.62
673	1288	1128.58	1200
674	1200	1506.95	1384.17
675	1200	1563.38	1436
676	1200	1527.89	1403.4
677	1561	798.832	1200
678	1222	1255.5	1200
679	1209	1284.8	1200
680	1200	1450.11	1331.96
681	1200	1522.69	1398.63
682	1217	1266.28	1200
683	1200	1401.31	1287.14
684	1200	1720.39	1580.21
685	1200	1614.73	1483.16
686	1200	1487.66	1366.44
687	1477	877.422	1200
688	1208	1285.92	1200
689	1383	986.286	1200
690	1200	1810.8	1663.26
691	1270	1160.59	1200
692	1200	1513.13	1389.85
693	1750	1037.08	1037.08
694	1584	1406.29	1200
695	1692	1263.69	1200
696	1750	1157.69	1157.69
697	1750	1041.5	1041.5
698	1750	1102.38	1102.38
699	1750	1133.46	1133.46
700	1546	1463.73	1200
701	1750	1036.67	1036.67
702	1750	874.978	874.978
703	1750	1147.83	1147.83
704	1750	1158.03	1158.03
705	1750	1058.57	1058.57
706	1200	2360.13	1201.97
707	1750	1060.58	1060.58
708	1705	1248.8	1200
709	1750	978.474	978.474
710	1750	1192.69	1192.69
711	1750	1141.41	1141.41
712	1750	1114.43	1114.43
713	1750	1136.94	1136.94
714	1750	1171.87	1171.87
715	1750	1125.39	1125.39
716	1750	1194.94	1194.94
717	1750	1194.45	1194.45
718	1750	1185.48	1185.48
719	1750	879.088	879.088
720	1200	1451.53	1333.26
721	1200	1338.96	1229.86
722	1200	1335.52	1226.71
723	1200	1449.16	1331.09
724	1200	1559.52	1432.45
725	1247	1204.33	1200
726	1200	1403.36	1289.02
727	1200	1395.28	1281.6
728	1292	1123.24	1200
729	1200	1421.66	1305.82
730	1200	1431.71	1315.06
731	1200	1531.1	1406.35
732	1213	1276.62	1200
733	1207	1288.61	1200
734	1241	1217.42	1200
735	1200	1351.5	1241.38
736	1200	1375.82	1263.72
737	1200	1312.18	1205.26
738	1200	1692.61	1554.7
739	1200	1359.7	1248.91
740	1200	1363.41	1252.32
741	1750	953.322	953.322
742	1750	1046.47	1046.47
743	1750	1128.87	1128.87
744	1682	1276.48	1200
745	1750	873.48	873.48
746	1750	677.988	677.988
747	1750	966.734	966.734
748	1655	1308.83	1200
749	1750	1125.96	1125.96
750	1621	1354.34	1200
751	1750	952.902	952.902
752	1750	890.174	890.174
753	1750	1199.82	1199.82
754	1575	1419.19	1200
755	1750	930.933	930.933
756	1750	850.226	850.226
757	1750	936.237	936.237
758	1750	966.677	966.677
759	1697	1257.94	1200
760	1749	1200.7	1200
761	1750	1055.16	1055.16
762	1724	1227.77	1200
763	1750	1112.11	1112.11
764	1750	1023.37	1023.37
765	1750	784.369	784.369
766	1702	1252.18	1200
767	1750	950.082	950.082
768	1200	1491.84	1370.29
769	1200	1497.09	1375.11
770	1200	1567.8	1440.06
771	1200	1881.33	1728.05
772	1200	1449.99	1331.85
773	1200	1515.1	1391.65
774	1218	1265.8	1200
775	1200	1442.5	1324.97
776	1200	1437.3	1320.2
777	1200	1360.02	1249.2
778	1200	1414.1	1298.88
779	1200	1376.02	1263.91
780	1200	1376.58	1264.42
781	1202	1300.32	1200
782	1211	1280.3	1200
783	1200	1338.29	1229.25
784	1200	1475.97	1355.71
785	1200	1421.18	1305.38
786	1200	1759.22	1615.88
787	1200	1427.27	1310.98
788	1200	1552.59	1426.09
789	1750	1192.57	1192.57
790	1643	1324.92	1200
791	1750	1044.27	1044.27
792	1516	1513.69	1200
793	1750	861.769	861.769
794	1750	894.034	894.034
795	1601	1381.98	1200
796	1695	1260.45	1200
797	1750	1021.59	1021.59
798	1750	962.126	962.126
799	1750	1144.4	1144.4
800	1750	1021.14	1021.14
801	1750	1115.77	1115.77
802	1750	934.699	934.699
803	1750	1195.29	1195.29
804	1465	1605.83	1200
805	1750	794.165	794.165
806	1723	1229.06	1200
807	1750	1138.56	1138.56
808	1688	1269.16	1200
809	1718	1234.64	1200
810	1750	1017.76	1017.76
811	1750	954.941	954.941
812	1750	1042.35	1042.35
813	1562	1439.27	1200
814	1419	1699.05	1200
815	1750	990.716	990.716
816	1234	1231.91	1200
817	1277	1147.95	1200
818	1200	1532.83	1407.94
819	1305	1100.18	1200
820	1200	1395.72	1282
821	1200	1374.42	1262.43
822	1200	1340.11	1230.92
823	1200	1655.54	1520.65
824	1200	1625.13	1492.72
825	1200	1503.4	1380.91
826	1200	1363.22	1252.14
827	1200	1396.06	1282.31
828	1200	1317.86	1210.49
829	1362	1015.22	1200
830	1200	1478.72	1358.23
831	1284	1136.37	1200
832	1252	1195.3	1200
833	1249	1201.31	1200
834	1272	1157.52	1200
835	1225	1249.12	1200
836	1200	1613.68	1482.2
837	1750	1113.21	1113.21
838	1750	1197.05	1197.05
839	1750	1081.82	1081.82
840	1750	889.141	889.141
841	1551	1455.96	1200
842	1750	1099.93	1099.93
843	1750	1155.6	1155.6
844	1750	1116.83	1116.83
845	1750	997.021	997.021
846	1695	1260.5	1200
847	1750	805.795	805.795
848	1750	1178.17	1178.17
849	1750	1038.88	1038.88
850	1750	1074.98	1074.98
851	1727	1224.52	1200
852	1200	3200.63	1630.02
853	1750	900.172	900.172
854	1750	950.88	950.88
855	1750	1048.03	1048.03
856	1750	897.703	897.703
857	1750	959.777	959.777
858	1750	1175.42	1175.42
859	1750	870.427	870.427
860	1750	1165.95	1165.95
861	1750	945.766	945.766
862	1750	1174.08	1174.08
863	1697	1258.29	1200
864	1200	1306.5	1200.05
865	1200	1334.45	1225.72
866	1200	1493.18	1371.52
867	1200	1581.16	1452.33
868	1220	1260.44	1200
869	1209	1284.49	1200
870	1211	1280.56	1200
871	1225	1250.88	1200
872	1213	1274.92	1200
873	1200	1759.53	1616.17
874	1237	1224.22	1200
875	1256	1187.59	1200
876	1200	1628.19	1495.52
877	1200	1466.88	1347.36
878	1200	1347.56	1237.76
879	1200	1332.16	1223.62
880	1200	1447.94	1329.96
881	1750	598.158	1078.81
882	1200	1423.01	1307.07
883	1200	1434.48	1317.6
884	1410	952.797	1200
885	1750	1164.83	1164.83
886	1750	866.087	866.087
887	1750	965.288	965.288
888	1750	887.485	887.485
889	1750	808.445	808.445
890	1750	881.706	881.706
891	1688	1269.33	1200
892	1750	772.826	772.826
893	1671	1289.08	1200
894	1750	679.417	679.417
895	1750	881.313	881.313
896	1750	1064.87	1064.87
897	1750	1160.63	1160.63
898	1750	717.862	717.862
899	1750	1109.6	1109.6
900	1750	1027.41	1027.41
901	1750	749.465	749.465
902	1750	1162.43	1162.43
903	1750	1113.75	1113.75
904	1750	815.406	815.406
905	1750	973.687	973.687
906	1750	782.151	782.151
907	1750	1157.1	1157.1
908	1750	974.335	974.335
909	1711	1242.26	1200
910	1750	1127.16	1127.16
911	1750	1129.15	1129.15
912	1200	1361.76	1250.8
913	1200	1426.53	1310.3
914	1200	1555.17	1428.45
915	1200	1488.3	1367.04
916	1200	1315.5	1208.31
917	1200	1357.14	1246.56
918	1222	1256.21	1200
919	1216	1270.01	1200
920	1200	1326.83	1218.73
921	1263	1173.76	1200
922	1200	1492.45	1370.84
923	1200	1495.66	1373.8
924	1200	1358.08	1247.43
925	1200	1336.45	1227.56
926	1200	1403.51	1289.15
927	1203	1297.95	1200
928	1239	1221.11	1200
929	1200	1513.72	1390.38
930	1200	1345.04	1235.45
931	1271	1158.9	1200
932	1200	1621.08	1489
933	1750	597.44	597.44
934	1750	600.551	600.551
935	1555	1450.14	1200
936	1750	985.893	985.893
937	1750	792.913	792.913
938	1200	2687.16	1368.52
939	1750	766.392	766.392
940	1750	612.775	612.775
941	1750	645.152	645.152
942	1750	1115.09	1115.09
943	1750	775.363	775.363
944	1624	1349.38	1200
945	1750	1128.32	1128.32
946	1750	1006.4	1006.4
947	1750	973.741	973.741
948	1558	1444.36	1200
949	1750	914.16	914.16
950	1685	1272	1200
951	1750	1119.57	1119.57
952	1750	1029.81	1029.81
953	1750	1105.32	1105.32
954	1543	1468.26	1200
955	1750	1128.89	1128.89
956	1750	1181.63	1181.63
957	1710	1243.19	1200
958	1750	969.515	969.515
959	1750	503.351	503.351
960	1200	1502.17	1379.77
961	1200	1853.56	1702.53
962	1219	1263.36	1200
963	1227	1244.7	1200
964	1200	1348.3	1238.44
965	1200	1705.23	1566.29
966	1232	1235.18	1200
967	1200	1323.03	1215.23
968	1220	1260.7	1200
969	1200	1643.51	1509.6
970	1200	1599.4	1469.08
971	1200	1537.71	1412.42
972	1200	1390.08	1276.82
973	1200	1352.38	1242.19
974	1200	1426.29	1310.08
975	1200	1627.48	1494.88
976	1200	1428.25	1311.88
977	1266	1169.35	1200
978	1200	1546.09	1420.11
979	1200	1428.35	1311.97
980	1200	3253.49	1656.94
981	1750	947.034	947.034
982	1677	1281.52	1200
983	1750	768.56	768.56
984	1750	1126.7	1126.7
985	1750	784.393	784.393
986	1750	1058.85	1058.85
987	1750	1058.43	1058.43
988	1750	1034.4	1034.4
989	1750	982.048	982.048
990	1634	1337.1	1200
991	1750	1029.39	1029.39
992	1750	1169.74	1169.74
993	1700	1255.01	1200
994	1750	1169.66	1169.66
995	1750	757.309	757.309
996	1750	1040.11	1040.11
997	1750	1019.62	1019.62
998	1750	1177.89	1177.89
999	1750	1023.59	1023.59
1000	1200	1384.96	1272.12
1001	1200	1316.83	1209.54
1002	1200	1488.24	1366.98
1003	1200	1333.12	1224.5
1004	1210	1281.7	1200
1005	1200	1361.4	1250.47
1006	1200	1411.82	1296.79
1007	1200	1612.36	1480.98
1008	1200	1424.66	1308.58
1009	1219	1261.72	1200
1010	1200	1556.91	1430.05
1011	1226	1248.19	1200
1012	1200	1359.6	1248.83
1013	1200	1426.77	1310.52
1014	1200	1442.77	1325.22
1015	1200	1427.78	1311.45
1016	1200	1502.43	1380.02
1017	1200	1569.45	1441.57
1018	1200	1639.92	1506.3
1019	1200	1865.89	1713.86
1020	1200	2656.39	1352.85
1021	1750	1036.1	1036.1
1022	1750	1042.16	1042.16
1023	1200	3392.19	1727.58
1024	1704	1250.1	1200
1025	1726	1225.36	1200
1026	1750	1140.82	1140.82
1027	1750	1179.62	1179.62
1028	1668	1292.62	1200
1029	1750	1000.3	1000.3
1030	1750	1160.05	1160.05
1031	1750	1064.59	1064.59
1032	1750	1120.55	1120.55
1033	1750	1043.05	1043.05
1034	1450	1633.97	1200
1035	1750	1171.15	1171.15
1036	1750	860.203	860.203
1037	1750	1174.87	1174.87
1038	1705	1249.54	1200
1039	1750	957.69	957.69
1040	1200	1475.26	1355.06
1041	1288	1129	1200
1042	1200	1736.21	1594.75
1043	1200	1491.17	1369.67
1044	1396	969.94	1200
1045	1252	1195.31	1200
1046	1222	1256.03	1200
1047	1200	1518.73	1394.99
1048	1200	2335.77	2145.46
1049	1200	1410.54	1295.61
1050	1200	1486.75	1365.61
1051	1229	1240.57	1200
1052	1208	1285.89	1200
1053	1200	2028.17	1862.92
1054	1224	1252.76	1200
1055	1200	1971.86	1811.19
1056	1200	1416.6	1301.18
1057	1210	1283.4	1200
1058	1200	1642.03	1508.24
1059	1200	1896.79	1742.24
1060	1200	3180.71	1619.88
1061	1750	806.856	806.856
1062	1750	1037.03	1037.03
1063	1750	1153.53	1153.53
1064	1750	887.338	887.338
1065	1750	967.503	967.503
1066	1750	950.975	950.975
1067	1688	1268.36	1200
1068	1750	1074.06	1074.06
1069	1750	1182.18	1182.18
1070	1750	1115.93	1115.93
1071	1743	1207.33	1200
1072	1750	1157.07	1157.07
1073	1750	1053.48	1053.48
1074	1750	835.302	835.302
1075	1735	1215.33	1200
1076	1750	1130.14	1130.14
1077	1750	1065.36	1065.36
1078	1750	893.22	893.22
1079	1750	1114.43	1114.43
1080	1200	1993.08	1830.68
1081	1200	1530.46	1405.76
1082	1282	1140.46	1200
1083	1268	1164.89	1200
1084	1200	1413.81	1298.61
1085	1200	1329.07	1220.78
1086	1223	1254.43	1200
1087	1200	1427.4	1311.1
1088	1273	1156.12	1200
1089	1329	1062.64	1200
1090	1200	1347.13	1237.37
1091	1200	1656.68	1521.7
1092	1200	1344.91	1235.33
1093	1290	1125.37	1200
1094	1244	1211.35	1200
1095	1200	1518.62	1394.89
1096	1200	1434.96	1318.04
1097	1303	1104.51	1200
1098	1216	1270.11	1200
1099	1270	1162.05	1200
1100	1750	803.97	803.97
1101	1750	659.774	659.774
1102	1750	978.085	978.085
1103	1200	2834.61	1443.62
1104	1750	1054.8	1054.8
1105	1750	1121.94	1121.94
1106	1593	1393.52	1200
1107	1750	1052.33	1052.33
1108	1526	1495.74	1200
1109	1200	2374.32	1209.2
1110	1750	1141.28	1141.28
1111	1750	1151.54	1151.54
1112	1750	754.776	754.776
1113	1750	1062.75	1062.75
1114	1750	756.323	756.323
1115	1681	1277.33	1200
1116	1750	778.629	778.629
1117	1750	938.654	938.654
1118	1750	1098.09	1098.09
1119	1750	904.955	904.955
1120	1200	1719.78	1579.65
1121	1200	1603.34	1472.71
1122	1200	1516.89	1393.3
1123	1200	1621.17	1489.08
1124	1200	1333.02	1224.4
1125	1200	1329.58	1221.25
1126	1200	1585.62	1456.43
1127	1207	1289.05	1200
1128	1200	1328.66	1220.4
1129	1200	1323.46	1215.62
1130	1200	1827.8	1678.87
1131	1200	1450.86	1332.65
1132	1240	1219.35	1200
1133	1216	1268.39	1200
1134	1200	1649.92	1515.49
1135	1268	1164.38	1200
1136	1200	1437.87	1320.72
1137	1200	1323.92	1216.05
1138	1200	1810.32	1662.81
1139	1301	1106.54	1200
1140	1750	889.607	889.607
1141	1603	1378.74	1200
1142	1750	1030.59	1030.59
1143	1750	1196.02	1196.02
1144	1750	747.258	747.258
1145	1750	1130.07	1130.07
1146	1750	803.342	803.342
1147	1371	1807.73	1200
1148	1750	888.205	888.205
1149	1750	962.542	962.542
1150	1750	1043.8	1043.8
1151	1750	879.211	879.211
1152	1750	951.373	951.373
1153	1750	1041.97	1041.97
1154	1750	1183.27	1183.27
1155	1750	1174.22	1174.22
1156	1750	1151.91	1151.91
1157	1516	1512.41	1200
1158	1750	1079.09	1079.09
1159	1750	1160.23	1160.23
1160	1200	1647.14	1512.93
1161	1273	1156.47	1200
1162	1269	1163.15	1200
1163	1200	1392.89	1279.4
1164	1223	1254.42	1200
1165	1222	1256.93	1200
1166	1200	1331.41	1222.93
1167	1200	1423.46	1307.48
1168	1253	1194.03	1200
1169	1230	1239.6	1200
1170	1200	1354.4	1244.04
1171	1348	1034.19	1200
1172	1200	1361.65	1250.7
1173	1200	1319.35	1211.85
1174	1200	1487.96	1366.72
1175	1200	1816.24	1668.25
1176	1200	1890.86	1736.8
1177	1200	1536.53	1411.34
1178	1200	1358.4	1247.72
1179	1200	1486.36	1365.25
1180	1200	2878.03	1465.73
1181	1750	993.728	993.728
1182	1414	1708.82	1200
1183	1750	878.655	878.655
1184	1750	1058.04	1058.04
1185	1750	1046.39	1046.39
1186	1699	1255.94	1200
1187	1750	982.108	982.108
1188	1750	1067.55	1067.55
1189	1750	1046.99	1046.99
1190	1200	2475.64	1260.8
1191	1750	724.665	724.665
1192	1743	1207.22	1200
1193	1703	1251.37	1200
1194	1750	1191.95	1191.95
1195	1750	1008.93	1008.93
1196	1750	1149.53	1149.53
1197	1750	836.834	836.834
1198	1750	977.781	977.781
1199	1750	871.143	871.143
1200	1250	1198.44	1200
1201	1200	1561.11	1433.91
1202	1200	1697.76	1559.43
1203	1200	1508.16	1385.28
1204	1200	1650.18	1515.73
1205	1200	1592.67	1462.9
1206	1200	1403.26	1288.93
1207	1200	1357.26	1246.68
1208	1200	1498.08	1376.02
1209	1214	1273.2	1200
1210	1200	1521	1397.07
1211	1200	1511.82	1388.64
1212	1278	1146.12	1200
1213	1200	1802.57	1655.7
1214	1200	1527.48	1403.03
1215	1200	1532.2	1407.36
1216	1200	2044.78	1878.18
1217	1200	1589.2	1459.72
1218	1200	1469.27	1349.56
1219	1255	1188.92	1200
1220	1200	2545.73	1296.5
1221	1610	1368.28	1200
1222	1613	1364.96	1200
1223	1750	1108.72	1108.72
1224	1534	1483.06	1200
1225	1750	806.374	806.374
1226	1750	1158.76	1158.76
1227	1264	2113.84	1200
1228	1750	1129.68	1129.68
1229	1750	1085.39	1085.39
1230	1750	1183.88	1183.88
1231	1750	1106.3	1106.3
1232	1750	1045.18	1045.18
1233	1750	932.684	932.684
1234	1750	933.588	933.588
1235	1750	1122.74	1122.74
1236	1633	1337.63	1200
1237	1750	946.176	946.176
1238	1750	864.628	864.628
1239	1750	878.29	878.29
1240	1200	1589.15	1459.66
1241	1230	1238.65	1200
1242	1200	1350.49	1240.45
1243	1253	1192.72	1200
1244	1200	1393.6	1280.06
1245	1299	1111.4	1200
1246	1281	1141.04	1200
1247	1284	1136.5	1200
1248	1342	1043.07	1200
1249	1200	1796.2	1649.85
1250	1200	1341.63	1232.32
1251	1200	1490.77	1369.31
1252	1200	1410.37	1295.46
1253	1200	1479.18	1358.66
1254	1200	1316.38	1209.13
1255	1200	1353.75	1243.45
1256	1200	1457.87	1339.09
1257	1200	1578.39	1449.78
1258	1200	1637.77	1504.33
1259	1200	1591.61	1461.93
1260	1750	823.501	823.501
1261	1750	977.313	977.313
1262	1750	872.191	872.191
1263	1750	798.707	798.707
1264	1750	1117.95	1117.95
1265	1750	877.516	877.516
1266	1750	1119.01	1119.01
1267	1432	1670.15	1200
1268	1750	1026.97	1026.97
1269	1750	1159.18	1159.18
1270	1750	910.06	910.06
1271	1750	1178.73	1178.73
1272	1750	1122.31	1122.31
1273	1750	949.512	949.512
1274	1750	1037.82	1037.82
1275	1750	882.043	882.043
1276	1750	756.231	756.231
1277	1750	800.162	800.162
1278	1750	949.919	949.919
1279	1750	853.721	853.721
1280	1200	1537.98	1412.67
1281	1200	1501.67	1379.32
1282	1200	1660.09	1524.82
1283	1200	1319.16	1211.68
1284	1200	1323.03	1215.23
1285	1200	1581.33	1452.49
1286	1200	2021.92	1857.17
1287	1200	1618.32	1486.46
1288	1200	1550.44	1424.11
1289	1200	1418.59	1303.01
1290	1200	1461.41	1342.33
1291	1200	1537.72	1412.43
1292	1200	1544.52	1418.68
1293	1200	1427.9	1311.56
1294	1200	1338.4	1229.35
1295	1200	1715.59	1575.8
1296	1218	1265.95	1200
1297	1200	1677.38	1540.71
1298	1225	1249.02	1200
1299	1230	1239.98	1200
1300	1207	1288.22	1200
1301	1213	1274.99	1200
1302	1200	1607.74	1476.74
1303	1200	1312.73	1205.77
1304	1225	1250.53	1200
1305	1200	1484.76	1363.79
1306	1303	1103.64	1200
1307	1214	1273.7	1200
1308	1750	888.566	888.566
1309	1501	1539.42	1200
1310	1561	1439.93	1200
1311	1750	880.701	880.701
1312	1750	981.982	981.982
1313	1750	1139.36	1139.36
1314	1750	959.012	959.012
1315	1750	873.079	873.079
1316	1750	879.699	879.699
1317	1750	1055.85	1055.85
1318	1750	1022.37	1022.37
1319	1750	988.653	988.653
1320	1750	734.007	734.007
1321	1750	963.84	963.84
1322	1750	882.866	882.866
1323	1750	756.631	756.631
1324	1750	880.753	880.753
1325	1750	870.631	870.631
1326	1200	2750.89	1400.98
1327	1750	786.378	786.378
1328	1200	1382.08	1269.47
1329	1200	1311.61	1204.75
1330	1200	1486.48	1365.36
1331	1200	1517.93	1394.25
1332	1200	1815.82	1667.87
1333	1200	1417.15	1301.68
1334	1200	1520.35	1396.47
1335	1200	1509.89	1386.86
1336	1200	1315.72	1208.52
1337	1267	1165.97	1200
1338	1200	1348.64	1238.75
1339	1253	1194.11	1200
1340	1200	1685.75	1548.4
1341	1200	1446.67	1328.8
1342	1200	1638.65	1505.14
1343	1200	1438.29	1321.1
1344	1282	1139.68	1200
1345	1200	1528.45	1403.92
1346	1200	1530.32	1405.63
1347	1200	1361.89	1250.93
1348	1200	1311.8	1204.91
1349	1200	1804.55	1657.52
1350	1200	1420.98	1305.2
1351	1200	1460.37	1341.38
1352	1200	1540.08	1414.6
1353	1255	1189.55	1200
1354	1288	1128.83	1200
1355	1200	1434.19	1317.33
1356	1750	862.06	862.06
1357	1750	763.984	763.984
1358	1750	867.341	867.341
1359	1750	759.467	759.467
1360	1750	858.962	858.962
1361	1750	781.423	781.423
1362	1750	1032.28	1032.28
1363	1750	1188.95	1188.95
1364	1750	886.968	886.968
1365	1750	739.744	739.744
1366	1750	949.696	949.696
1367	1750	717.834	717.834
1368	1750	790.723	790.723
1369	1750	588.009	588.009
1370	1750	1043.31	1043.31
1371	1750	1099.91	1099.91
1372	1750	1014.68	1014.68
1373	1750	1162.04	1162.04
1374	1750	1121.29	1121.29
1375	1750	750.429	750.429
1376	1200	1638.57	1505.07
1377	1200	1305.48	1200
1378	1200	1383.68	1270.94
1379	1225	1250.18	1200
1380	1200	1658.51	1523.37
1381	1200	1432.49	1315.77
1382	1200	1322.54	1214.78
1383	1243	1213.78	1200
1384	1200	1304.56	1200
1385	1200	1554.9	1428.21
1386	1200	1437.62	1320.48
1387	1200	1424.68	1308.6
1388	1200	1488.78	1367.48
1389	1282	1138.95	1200
1390	1274	1154.88	1200
1391	1200	1413.12	1297.98
1392	1200	1321.51	1213.84
1393	1230	1238.39	1200
1394	1234	1230.84	1200
1395	1200	1323.86	1215.99
1396	1200	1495.25	1373.42
1397	1200	1592.96	1463.17
1398	1250	1199.78	1200
1399	1231	1238.24	1200
1400	1245	1207.87	1200
1401	1299	1110.72	1200
1402	1200	1426.42	1310.19
1403	1208	1286.71	1200
1404	1750	793.618	793.618
1405	1750	1135.1	1135.1
1406	1750	972.968	972.968
1407	1750	783.684	783.684
1408	1750	1015.82	1015.82
1409	1750	879.621	879.621
1410	1640	1328.16	1200
1411	1689	1268.03	1200
1412	1750	944.023	944.023
1413	1750	864.948	864.948
1414	1750	826.04	826.04
1415	1750	970.135	970.135
1416	1750	764.411	764.411
1417	1750	775.313	775.313
1418	1750	1103.05	1103.05
1419	1750	929.056	929.056
1420	1750	1103.62	1103.62
1421	1750	984.444	984.444
1422	1750	1197.58	1197.58
1423	1750	959.035	959.035
1424	1230	1239.04	1200
1425	1200	1609.53	1478.39
1426	1213	1276.35	1200
1427	1223	1253.99	1200
1428	1200	1610.44	1479.22
1429	1200	1523.23	1399.12
1430	1200	1792.82	1646.75
1431	1200	1372.65	1260.81
1432	1258	1184.09	1200
1433	1251	1196.94	1200
1434	1201	1303.89	1200
1435	1200	1695.77	1557.6
1436	1200	1513.58	1390.26
1437	1254	1191.96	1200
1438	1252	1194.8	1200
1439	1200	1437.32	1320.21
1440	1200	1373.87	1261.93
1441	1226	1247.55	1200
1442	1216	1268.93	1200
1443	1200	1440.46	1323.1
1444	1200	1517.32	1393.69
1445	1200	1323.53	1215.69
1446	1200	1398.65	1284.69
1447	1247	1205.53	1200
1448	1230	1239.68	1200
1449	1200	1318.46	1211.03
1450	1200	1456.97	1338.26
1451	1200	1388.85	1275.68
1452	1200	2698.74	1374.42
1453	1750	976.635	976.635
1454	1750	850.262	850.262
1455	1750	1115.22	1115.22
1456	1750	803.564	803.564
1457	1705	1248.6	1200
1458	1750	966.651	966.651
1459	1750	685.753	685.753
1460	1630	1341.92	1200
1461	1750	862.132	862.132
1462	1750	930.387	930.387
1463	1750	590.854	590.854
1464	1750	859.681	859.681
1465	1416	1704.14	1200
1466	1750	904.675	904.675
1467	1750	957	957
1468	1750	862.834	862.834
1469	1750	976.466	976.466
1470	1750	1049.54	1049.54
1471	1750	768.375	768.375
1472	1294	1118.73	1200
1473	1200	1326.79	1218.69
1474	1247	1204.01	1200
1475	1216	1269.39	1200
1476	1200	1781.65	1636.48
1477	1200	1324.1	1216.22
1478	1200	1428.12	1311.76
1479	1200	1555.55	1428.81
1480	1276	1150.17	1200
1481	1200	1346.09	1236.41
1482	1200	1461.02	1341.98
1483	1200	1446.21	1328.37
1484	1200	1387.12	1274.1
1485	1200	1684.37	1547.13
1486	1200	1423.33	1307.36
1487	1200	1544.68	1418.82
1488	1200	2225.31	2044
1489	1200	1577.17	1448.67
1490	1228	1243.23	1200
1491	1251	1197.83	1200
1492	1200	1575.95	1447.54
1493	1261	1177.72	1200
1494	1253	1192.5	1200
1495	1200	1345.24	1235.64
1496	1256	1186.63	1200
1497	1234	1230.82	1200
1498	1750	639.997	1154.27
1499	1250	1199.4	1200
1500	1750	1188.65	1188.65
1501	1750	900.006	900.006
1502	1750	1171.54	1171.54
1503	1750	1048.63	1048.63
1504	1391	1760.4	1200
1505	1567	1431.67	1200
1506	1750	1131.51	1131.51
1507	1750	814.481	814.481
1508	1680	1278.57	1200
1509	1750	1033	1033
1510	1200	2629.67	1339.24
1511	1750	1059.22	1059.22
1512	1750	961.483	961.483
1513	1750	973.153	973.153
1514	1750	1066.28	1066.28
1515	1750	1104.5	1104.5
1516	1750	885.28	885.28
1517	1750	1054.1	1054.1
1518	1750	1032.05	1032.05
1519	1750	947.769	947.769
1520	1200	1389.87	1276.63
1521	1200	1657.23	1522.2
1522	1200	1488.29	1367.03
1523	1200	1383.82	1271.07
1524	1750	498.445	898.976
1525	1200	1331.9	1223.38
1526	1200	1312.82	1205.86
1527	1200	1565.63	1438.06
1528	1200	1535.97	1410.82
1529	1200	1462.87	1343.68
1530	1200	1735.06	1593.69
1531	1200	1434.16	1317.31
1532	1203	1297.35	1200
1533	1200	1598.05	1467.84
1534	1200	1441.94	1324.45
1535	1200	1725.98	1585.35
1536	1200	1449.42	1331.32
1537	1200	1413.76	1298.57
1538	1205	1293.65	1200
1539	1200	1346	1236.33
1540	1200	1354.47	1244.11
1541	1200	1691.43	1553.62
1542	1234	1230.95	1200
1543	1299	1110.99	1200
1544	1202	1300.07	1200
1545	1200	1481.97	1361.22
1546	1200	1390.78	1277.46
1547	1273	1155.68	1200
1548	1603	1378.96	1200
1549	1750	1171.08	1171.08
1550	1698	1257.56	1200
1551	1750	1106.86	1106.86
1552	1713	1239.56	1200
1553	1750	1175.18	1175.18
1554	1718	1234.48	1200
1555	1750	1193.3	1193.3
1556	1750	1060.35	1060.35
1557	1750	867.043	867.043
1558	1750	1051.91	1051.91
1559	1750	1171.29	1171.29
1560	1750	1105.67	1105.67
1561	1692	1264.68	1200
1562	1750	1033.51	1033.51
1563	1750	1131.23	1131.23
1564	1750	1002.28	1002.28
1565	1750	950.396	950.396
1566	1750	979.131	979.131
1567	1750	1164.31	1164.31
1568	1200	1413.83	1298.64
1569	1200	1773.53	1629.03
1570	1200	1418.14	1302.59
1571	1200	1327.78	1219.59
1572	1216	1268.54	1200
1573	1200	1601.9	1471.38
1574	1290	1126.11	1200
1575	1200	1366.29	1254.97
1576	1220	1260.35	1200
1577	1217	1268.1	1200
1578	1200	1426.48	1310.25
1579	1200	1744.91	1602.73
1580	1200	1528.68	1404.12
1581	1200	1473.94	1353.85
1582	1200	1348.93	1239.02
1583	1200	1544.3	1418.47
1584	1200	1755.34	1612.32
1585	1200	1476.94	1356.61
1586	1200	1469.89	1350.12
1587	1200	1437.75	1320.6
1588	1212	1277.35	1200
1589	1200	1450.99	1332.76
1590	1215	1272.01	1200
1591	1227	1244.75	1200
1592	1200	1324.93	1216.98
1593	1200	1723.57	1583.14
1594	1200	1482.58	1361.79
1595	1200	1512.97	1389.7
1596	1708	1245.31	1200
1597	1750	1172.7	1172.7
1598	1750	1120.56	1120.56
1599	1618	1358.11	1200
1600	1750	1016.08	1016.08
1601	1750	1026.44	1026.44
1602	1492	1554.94	1200
1603	1750	1136.35	1136.35
1604	1750	1030.66	1030.66
1605	1638	1331.41	1200
1606	1750	1135.82	1135.82
1607	1750	1182.79	1182.79
1608	1750	1042.19	1042.19
1609	1750	971.072	971.072
1610	1750	1045.78	1045.78
1611	1750	1117.14	1117.14
1612	1200	2534.99	1291.03
1613	1750	1116.14	1116.14
1614	1750	1020.21	1020.21
1615	1750	1051.1	1051.1
1616	1200	1533.62	1408.66
1617	1200	1506	1383.29
1618	1200	1513.4	1390.09
1619	1200	1586.2	1456.96
1620	1200	1765.6	1621.74
1621	1511	843.161	1200
1622	1200	1656.62	1521.64
1623	1200	1724.88	1584.34
1624	1200	1340.76	1231.51
1625	1202	1301.36	1200
1626	1200	1522.67	1398.61
1627	1200	1345.79	1236.14
1628	1200	1644.83	1510.82
1629	1200	1318.92	1211.45
1630	1200	1391.89	1278.48
1631	1616	754.553	1200
1632	1292	1122.12	1200
1633	1248	1203.71	1200
1634	1200	1388.58	1275.44
1635	1200	1685.84	1548.48
1636	1200	1539.06	1413.66
1637	1200	1344.47	1234.92
1638	1200	1506.16	1383.44
1639	1226	1248.18	1200
1640	1200	1385.74	1272.83
1641	1200	1338.86	1229.77
1642	1214	1272.57	1200
1643	1200	1314.72	1207.6
1644	1750	1114.83	1114.83
1645	1750	951.511	951.511
1646	1750	1142.78	1142.78
1647	1578	1414	1200
1648	1750	1171.58	1171.58
1649	1750	815.065	815.065
1650	1750	1196.61	1196.61
1651	1750	974.809	974.809
1652	1750	1122.12	1122.12
1653	1200	2899.81	1476.82
1654	1750	1124.53	1124.53
1655	1750	793.944	793.944
1656	1750	1118.79	1118.79
1657	1750	1177.63	1177.63
1658	1750	1103.46	1103.46
1659	1726	1225.24	1200
1660	1750	1180.89	1180.89
1661	1750	875.333	875.333
1662	1718	1234.23	1200
1663	1750	1050.26	1050.26
1664	1336	1051.84	1200
1665	1216	1270.21	1200
1666	1216	1270.27	1200
1667	1285	1133.79	1200
1668	1203	1298.94	1200
1669	1266	1168.97	1200
1670	1200	1323.75	1215.89
1671	1200	1514.09	1390.72
1672	1200	1447.37	1329.44
1673	1251	1197.77	1200
1674	1200	1711.25	1571.82
1675	1200	1522.86	1398.78
1676	1200	1328.07	1219.86
1677	1200	1577.23	1448.72
1678	1200	1408.64	1293.86
1679	1200	1526.68	1402.29
1680	1200	1808	1660.69
1681	1200	1470.92	1351.07
1682	1220	1260.57	1200
1683	1200	2097.92	1926.98
1684	1200	1401.98	1287.75
1685	1200	1518	1394.32
1686	1200	1627.12	1494.54
1687	1200	1442.94	1325.37
1688	1750	280.065	505.114
1689	1200	1449.71	1331.59
1690	1217	1267.35	1200
1691	1200	1321.78	1214.09
1692	1750	1182.66	1182.66
1693	1750	1193.05	1193.05
1694	1704	1250.36	1200
1695	1744	1206.02	1200
1696	1750	1131.96	1131.96
1697	1750	1174.07	1174.07
1698	1750	1056.14	1056.14
1699	1750	906.144	906.144
1700	1750	1118.46	1118.46
1701	1750	1186.44	1186.44
1702	1750	982.778	982.778
1703	1750	980.355	980.355
1704	1750	1125.05	1125.05
1705	1750	1109.58	1109.58
1706	1750	961.332	961.332
1707	1750	1180.14	1180.14
1708	1611	1366.96	1200
1709	1750	1149.9	1149.9
1710	1750	1093.53	1093.53
1711	1494	1551.91	1200
1712	1200	1438.48	1321.28
1713	1310	1092.51	1200
1714	1200	1388.57	1275.43
1715	1207	1289.63	1200
1716	1200	1555.01	1428.31
1717	1200	1329.32	1221.01
1718	1200	1536.71	1411.5
1719	1200	1494.49	1372.72
1720	1200	1657.49	1522.44
1721	1200	1577.54	1449.01
1722	1200	1811.03	1663.47
1723	1200	1468.59	1348.93
1724	1200	1313.47	1206.45
1725	1209	1285.03	1200
1726	1200	1754.96	1611.97
1727	1200	1411.03	1296.06
1728	1200	1331.44	1222.96
1729	1200	1656.68	1521.7
1730	1200	1404.51	1290.07
1731	1200	1397.37	1283.51
1732	1200	1451.18	1332.94
1733	1200	1652.55	1517.91
1734	1200	1557.83	1430.9
1735	1334	1054.85	1200
1736	1200	1337.14	1228.19
1737	1200	1491.65	1370.12
1738	1200	1495.03	1373.22
1739	1200	1584.69	1455.57
1740	1750	1029.13	1029.13
1741	1750	1114.19	1114.19
1742	1509	1524.62	1200
1743	1750	1172.9	1172.9
1744	1750	970.491	970.491
1745	1750	879.177	879.177
1746	1750	807.068	807.068
1747	1750	983.516	983.516
1748	1750	1068.61	1068.61
1749	1750	961.266	961.266
1750	1707	1246.62	1200
1751	1750	961.75	961.75
1752	1750	976.535	976.535
1753	1750	876.335	876.335
1754	1750	1125.34	1125.34
1755	1750	670.745	670.745
1756	1750	952.046	952.046
1757	1750	772.954	772.954
1758	1750	1154.14	1154.14
1759	1750	898.627	898.627
1760	1257	1186.04	1200
1761	1285	1134.47	1200
1762	1200	1342.08	1232.73
1763	1200	1536.14	1410.98
1764	1200	1469.63	1349.89
1765	1200	1808.18	1660.86
1766	1200	1436.72	1319.65
1767	1200	1341.89	1232.56
1768	1252	1194.43	1200
1769	1242	1214.88	1200
1770	1200	1602.18	1471.64
1771	1232	1236.01	1200
1772	1217	1266.14	1200
1773	1200	1331.38	1222.9
1774	1200	1354.12	1243.79
1775	1200	1529.36	1404.75
1776	1307	1096.81	1200
1777	1200	1387.08	1274.06
1778	1200	1501.83	1379.46
1779	1200	1385.89	1272.97
1780	1200	1520.24	1396.38
1781	1200	1411.24	1296.25
1782	1200	1530.97	1406.23
1783	1200	1596.05	1466.01
1784	1200	2717.71	2496.27
1785	1200	1439.98	1322.65
1786	1214	1274.47	1200
1787	1200	1346.94	1237.2
1788	1750	993.139	993.139
1789	1750	1178.11	1178.11
1790	1750	427.278	427.278
1791	1750	1172.02	1172.02
1792	1750	1026.11	1026.11
1793	1719	1232.94	1200
1794	1750	855.129	855.129
1795	1750	1052.15	1052.15
1796	1726	1225.61	1200
1797	1750	1128.84	1128.84
1798	1717	1235.61	1200
1799	1750	488.346	488.346
1800	1750	886.134	886.134
1801	1750	984.949	984.949
1802	1750	1060.64	1060.64
1803	1750	1052.01	1052.01
1804	1750	1025.37	1025.37
1805	1750	968.891	968.891
1806	1750	1055.72	1055.72
1807	1750	984.432	984.432
1808	1200	1630.26	1497.43
1809	1200	1454.53	1336.01
1810	1200	1320.42	1212.84
1811	1200	1459.54	1340.62
1812	1200	1597.33	1467.18
1813	1200	1330.02	1221.65
1814	1214	1274.54	1200
1815	1250	1198.9	1200
1816	1200	1500.35	1378.1
1817	1215	1271.5	1200
1818	1200	1334.22	1225.51
1819	1292	1121.8	1200
1820	1220	1261.24	1200
1821	1200	1395.31	1281.63
1822	1200	1394.65	1281.02
1823	1253	1192.5	1200
1824	1278	1146.44	1200
1825	1259	1182.54	1200
1826	1200	1434.58	1317.7
1827	1268	1165.45	1200
1828	1222	1256.04	1200
1829	1200	1494.09	1372.35
1830	1420	940.23	1200
1831	1200	1322.58	1214.82
1832	1275	1151.63	1200
1833	1200	1384.3	1271.51
1834	1217	1266.56	1200
1835	1200	1581.82	1452.94
1836	1750	1062.41	1062.41
1837	1750	1025.86	1025.86
1838	1750	982.711	982.711
1839	1750	1023.41	1023.41
1840	1750	979.014	979.014
1841	1750	1042.01	1042.01
1842	1750	1123.97	1123.97
1843	1750	994.492	994.492
1844	1626	1346.76	1200
1845	1750	1049.78	1049.78
1846	1750	1155.28	1155.28
1847	1750	813.296	813.296
1848	1750	1141.27	1141.27
1849	1750	1035.76	1035.76
1850	1565	1434.7	1200
1851	1750	1018.42	1018.42
1852	1750	1144.22	1144.22
1853	1750	1117.28	1117.28
1854	1750	1127.2	1127.2
1855	1750	1061.33	1061.33
1856	1200	1437.86	1320.7
1857	1239	1220.51	1200
1858	1200	1413.68	1298.5
1859	1200	1462.14	1343.01
1860	1200	1330.74	1222.31
1861	1200	1315.63	1208.44
1862	1306	1099.89	1200
1863	1231	1237.92	1200
1864	1200	1690.68	1552.92
1865	1221	1259.47	1200
1866	1235	1228.23	1200
1867	1216	1269.05	1200
1868	1216	1268.37	1200
1869	1200	1714.22	1574.55
1870	1200	1454.93	1336.39
1871	1227	1245.61	1200
1872	1276	1150.94	1200
1873	1200	1312.6	1205.66
1874	1369	1005.55	1200
1875	1267	1166.69	1200
1876	1200	1312.77	1205.81
1877	1200	1550.94	1424.57
1878	1213	1275.19	1200
1879	1200	2014.96	1850.79
1880	1200	1556.79	1429.95
1881	1200	1347.38	1237.6
1882	1221	1258.81	1200
1883	1200	1345.51	1235.88
1884	1482	1572.69	1200
1885	1750	946.853	946.853
1886	1750	980.092	980.092
1887	1750	1116.47	1116.47
1888	1750	948.418	948.418
1889	1750	777.688	777.688
1890	1750	887.887	887.887
1891	1750	932.108	932.108
1892	1750	800.458	800.458
1893	1750	899.652	899.652
1894	1750	943.591	943.591
1895	1750	812.505	812.505
1896	1750	1008.09	1008.09
1897	1750	801.871	801.871
1898	1750	366.146	366.146
1899	1750	513.609	513.609
1900	1750	864.346	864.346
1901	1750	1062.38	1062.38
1902	1750	992.273	992.273
1903	1200	2509.79	1278.19
1904	1200	1511.52	1388.36
1905	1200	1608.97	1477.87
1906	1324	1070.73	1200
1907	1200	1567.73	1439.99
1908	1200	1351.83	1241.68
1909	1201	1301.88	1200
1910	1200	1392.54	1279.08
1911	1200	1537.36	1412.1
1912	1200	1510.09	1387.05
1913	1215	1270.36	1200
1914	1200	1717.36	1577.43
1915	1213	1276.15	1200
1916	1273	1156.72	1200
1917	1200	1306.31	1200
1918	1200	1440.89	1323.49
1919	1200	1489.76	1368.38
1920	1216	1269.34	1200
1921	1263	1174.79	1200
1922	1200	1338.66	1229.59
1923	1243	1213.31	1200
1924	1268	1164.93	1200
1925	1478	876.057	1200
1926	1200	1404.5	1290.06
1927	1594	771.668	1200
1928	1200	1676.94	1540.3
1929	1256	1188.2	1200
1930	1235	1228.42	1200
1931	1273	1156.64	1200
1932	1750	768.271	768.271
1933	1750	882.448	882.448
1934	1750	1065.43	1065.43
1935	1750	809.534	809.534
1936	1750	916.391	916.391
1937	1750	938.142	938.142
1938	1750	981.525	981.525
1939	1750	816.074	816.074
1940	1337	1894.31	1200
1941	1629	1343.73	1200
1942	1624	1349.12	1200
1943	1750	774.429	774.429
1944	1690	1266.99	1200
1945	1750	1043.56	1043.56
1946	1750	781.884	781.884
1947	1750	944.611	944.611
1948	1750	1141.52	1141.52
1949	1750	871.656	871.656
1950	1750	991.968	991.968
1951	1750	854.376	854.376
1952	1213	1274.86	1200
1953	1200	1319.6	1212.08
1954	1222	1256.74	1200
1955	1200	1788.45	1642.73
1956	1200	1620.47	1488.44
1957	1200	1617.38	1485.6
1958	1200	1358.76	1248.05
1959	1200	1485.59	1364.55
1960	1200	1325.26	1217.28
1961	1200	1580.34	1451.58
1962	1200	1521.25	1397.3
1963	1200	1419.93	1304.24
1964	1200	1999.43	1836.52
1965	1200	1442.33	1324.81
1966	1200	1638.72	1505.2
1967	1249	1201.81	1200
1968	1200	1888.97	1735.06
1969	1200	1577.86	1449.3
1970	1305	1101.46	1200
1971	1200	1399.16	1285.16
1972	1200	1319.06	1211.58
1973	1200	1508.67	1385.74
1974	1222	1256.96	1200
1975	1200	1484.85	1363.87
1976	1200	1515.71	1392.21
1977	1239	1220.72	1200
1978	1222	1255.2	1200
1979	1236	1227.71	1200
1980	1750	960.616	960.616
1981	1750	961.993	961.993
1982	1750	1169.27	1169.27
1983	1750	1154.03	1154.03
1984	1750	966.154	966.154
1985	1750	882.823	882.823
1986	1200	3247.9	1654.1
1987	1200	2588.83	1318.45
1988	1750	888.345	888.345
1989	1750	833.765	833.765
1990	1750	900.124	900.124
1991	1750	897.516	897.516
1992	1732	1219.2	1200
1993	1750	948.835	948.835
1994	1750	868.784	868.784
1995	1750	1046.87	1046.87
1996	1750	1126.36	1126.36
1997	1750	1189.61	1189.61
1998	1750	846.742	846.742
1999	1750	777.345	777.345
2000	1245	1208.49	1200
2001	1263	1174.75	1200
2002	1251	1197.73	1200
2003	1200	1321.89	1214.19
2004	1200	1615.51	1483.88
2005	1200	1351.91	1241.76
2006	1592	773.308	1200
2007	1275	1153.05	1200
2008	1200	1314	1206.94
2009	1200	1501.41	1379.08
2010	1200	1353.31	1243.05
2011	1202	1300.63	1200
2012	1200	1306.87	1200.39
2013	1351	1029.66	1200
2014	1200	1374.02	1262.07
2015	1200	1398.16	1284.24
2016	1367	1007.75	1200
2017	1200	1448.61	1330.58
2018	1200	1478.5	1358.03
2019	1294	1119.12	1200
2020	1275	1151.53	1200
2021	1200	1401.58	1287.38
2022	1200	1310.16	1203.41
2023	1200	1440.44	1323.07
2024	1200	1776.26	1631.53
2025	1200	1403.67	1289.3
2026	1355	1024.44	1200
2027	1338	1050.03	1200
2028	1750	973.868	973.868
2029	1750	1059.94	1059.94
2030	1750	865.537	865.537
2031	1750	1055.62	1055.62
2032	1750	1013.07	1013.07
2033	1750	1115.82	1115.82
2034	1750	948.879	948.879
2035	1630	1341.28	1200
2036	1750	995.078	995.078
2037	1750	1016.83	1016.83
2038	1750	981.771	981.771
2039	1750	779.841	779.841
2040	1626	1347.7	1200
2041	1750	814.137	814.137
2042	1750	1131.33	1131.33
2043	1750	1056.63	1056.63
2044	1670	1290.49	1200
2045	1750	1115.22	1115.22
2046	1594	1391.08	1200
2047	1750	865.433	865.433
2048	1200	1308.84	1202.2
2049	1200	1339.82	1230.65
2050	1200	1534.11	1409.11
2051	1200	1369	1257.46
2052	1200	1416.66	1301.23
2053	1220	1261.53	1200
2054	1217	1266.2	1200
2055	1212	1277.28	1200
2056	1200	1415.4	1300.07
2057	1219	1263.77	1200
2058	1212	1278.6	1200
2059	1339	1047.94	1200
2060	1200	1404.06	1289.66
2061	1226	1247.3	1200
2062	1246	1207.48	1200
2063	1200	1359.33	1248.57
2064	1211	1279.44	1200
2065	1200	1496.43	1374.5
2066	1200	1368.58	1257.07
2067	1200	1306.81	1200.33
2068	1338	1048.75	1200
2069	1226	1247.59	1200
2070	1292	1122.63	1200
2071	1200	1468.86	1349.18
2072	1200	1860.16	1708.59
2073	1200	1324.19	1216.3
2074	1502	852.233	1200
2075	1207	1289.07	1200
2076	1750	895.742	895.742
2077	1750	913.673	913.673
2078	1750	959.003	959.003
2079	1701	1253.82	1200
2080	1750	941.8	941.8
2081	1617	1359.69	1200
2082	1750	1129.08	1129.08
2083	1750	949.987	949.987
2084	1750	981.686	981.686
2085	1750	730.956	730.956
2086	1750	881.795	881.795
2087	1750	861.641	861.641
2088	1750	778.759	778.759
2089	1750	806.033	806.033
2090	1750	1133.41	1133.41
2091	1750	1023.03	1023.03
2092	1750	954.919	954.919
2093	1750	906.953	906.953
2094	1750	852.434	852.434
2095	1750	647.421	647.421
2096	1291	1123.57	1200
2097	1200	1363.58	1252.48
2098	1500	853.755	1200
2099	1200	1407.03	1292.38
2100	1200	1391.35	1277.99
2101	1253	1193.13	1200
2102	1200	1352.28	1242.1
2103	1200	1361.07	1250.18
2104	1200	1333.59	1224.93
2105	1257	1186.47	1200
2106	1200	1406.33	1291.74
2107	1200	1389.98	1276.72
2108	1200	1633.86	1500.74
2109	1282	1139.06	1200
2110	1277	1148.25	1200
2111	1247	1204.86	1200
2112	1200	1335.74	1226.9
2114	1224	1250.93	1200
2115	1230	1239.11	1200
2116	1200	1446.53	1328.67
2117	1200	1659.38	1524.18
2118	1478	876.614	1200
2119	1200	1554.24	1427.61
2120	1200	1541.05	1415.49
2121	1270	1160.5	1200
2122	1200	1425.23	1309.11
2123	1270	1161.64	1200
2124	1750	1146.1	1146.1
2125	1750	1166.76	1166.76
2126	1750	943.671	943.671
2127	1750	1180.97	1180.97
2128	1750	694.315	694.315
2129	1750	1055.98	1055.98
2130	1750	1013.36	1013.36
2131	1750	923.659	923.659
2132	1750	959.24	959.24
2133	1750	924.06	924.06
2134	1750	879.401	879.401
2135	1750	1028.8	1028.8
2136	1750	1116.71	1116.71
2137	1750	1053.78	1053.78
2138	1750	1042.1	1042.1
2139	1200	3640.63	1854.11
2140	1750	1105.29	1105.29
2141	1688	1269.51	1200
2142	1750	1172.42	1172.42
2143	1750	907.453	907.453
2144	1200	1444.9	1327.18
2145	1200	1404.18	1289.77
2146	1306	1098.74	1200
2147	1200	1434.66	1317.77
2148	1201	1302.75	1200
2149	1200	1559.49	1432.43
2150	1293	1120.64	1200
2151	1313	1088.31	1200
2152	1238	1223.82	1200
2153	1292	1121.79	1200
2154	1200	1497.88	1375.83
2155	1269	1162.26	1200
2156	1344	1040.6	1200
2157	1200	1354.66	1244.29
2158	1200	1341.19	1231.91
2159	1363	1013.57	1200
2160	1200	1452.2	1333.88
2161	1487	867.496	1200
2162	1301	1106.64	1200
2163	1358	1020.64	1200
2164	1211	1281.15	1200
2165	1258	1183.93	1200
2166	1201	1302.78	1200
2167	1225	1249.03	1200
2168	1237	1225.72	1200
2169	1200	1926.23	1769.29
2170	1261	1178.41	1200
2171	1205	1293.63	1200
2172	1551	1455.25	1200
2173	1750	1110.06	1110.06
2174	1750	660.924	660.924
2175	1750	950.712	950.712
2176	1750	1027.82	1027.82
2177	1750	1181.06	1181.06
2178	1750	777.902	777.902
2179	1750	745.172	745.172
2180	1750	953.267	953.267
2181	1750	983.916	983.916
2182	1750	1142.82	1142.82
2183	1750	943.121	943.121
2184	1750	1174.6	1174.6
2185	1750	1054.04	1054.04
2186	1513	1517.79	1200
2187	1750	888.999	888.999
2188	1750	1019.19	1019.19
2189	1750	672.901	672.901
2190	1200	3016.57	1536.29
2191	1750	736.065	736.065
2192	1269	1162.82	1200
2193	1200	1394.45	1280.83
2194	1245	1209.36	1200
2195	1218	1264.73	1200
2196	1305	1101.49	1200
2197	1200	1424.1	1308.07
2198	1251	1196.14	1200
2199	1224	1251.95	1200
2200	1200	2493.15	2290.01
2201	1200	1623.6	1491.31
2202	1266	1169.11	1200
2203	1298	1112.18	1200
2204	1263	1174.77	1200
2205	1200	1316.5	1209.24
2206	1274	1154.4	1200
2207	1257	1185.43	1200
2208	1362	1014.63	1200
2209	1274	1154.36	1200
2210	1200	1413.14	1298
2211	1285	1134.16	1200
2212	1200	1553.77	1427.17
2213	1200	1496.97	1375
2214	1330	1060.8	1200
2215	1200	1424.59	1308.51
2216	1200	1461.67	1342.58
2217	1200	1524.19	1400
2218	1238	1223.1	1200
2219	1345	1038.31	1200
2220	1750	1176.16	1176.16
2221	1750	649.16	649.16
2222	1214	2296.71	1200
2223	1200	2620.85	1334.75
2224	1750	943.842	943.842
2225	1750	939.441	939.441
2226	1750	693.166	693.166
2227	1725	1226.8	1200
2228	1750	767.338	767.338
2229	1708	1246.2	1200
2230	1750	942.647	942.647
2231	1750	837.109	837.109
2232	1745	1204.96	1200
2233	1750	1172.83	1172.83
2234	1750	1001.07	1001.07
2235	1750	1047.48	1047.48
2236	1750	807.134	807.134
2237	1750	949.477	949.477
2238	1750	958.6	958.6
2239	1750	721.841	721.841
2360	1297	1085.85	1200
2361	1629	625.03	1200
2362	1200	1778.43	1585.7
2363	1381	922.606	1200
2364	1280	1124.8	1200
2365	1203	1333.5	1200
2366	1256	1183.47	1200
2367	1323	1029.95	1200
2368	1200	1455.07	1297.39
2369	1273	1141.07	1200
2370	1200	1408.78	1256.11
2371	1295	1090.44	1200
2372	1200	1411.02	1258.11
2373	1200	1771.73	1579.72
2374	1200	1685.89	1503.19
2375	1200	1411.55	1258.58
2376	1200	1465.04	1306.27
2377	1200	1405.07	1252.8
2378	1200	1624.91	1448.82
2379	1234	1241.89	1200
2380	1200	1576.81	1405.93
2381	1200	1349.3	1203.07
2382	1272	1143.04	1200
2383	1317	1042.58	1200
2384	1254	1187.94	1200
2385	1200	1386.82	1236.53
2386	1200	1723.27	1536.51
2387	1200	1441.1	1284.92
2388	1200	1488.27	1326.99
2389	1200	1563.64	1394.19
2390	1420	861.385	1200
2391	1200	1482.54	1321.88
2392	1200	1591.47	1419
2393	1200	1413.97	1260.74
2394	1200	1523.66	1358.54
2395	1267	1156.1	1200
2396	1200	1432.39	1277.16
2397	1200	1948.44	1737.28
2398	1200	1567.24	1397.4
2399	1359	960.664	1200
2400	1237	1232.54	1200
2401	1356	966.643	1200
2402	1216	1294.87	1200
2403	1222	1278.03	1200
2404	1200	1426.13	1271.58
2405	1200	1597.32	1424.22
2406	1200	1414.29	1261.03
2407	1207	1320.79	1200
2408	1200	1343.86	1200
2409	1200	1384.63	1234.57
2410	1200	1458.65	1300.58
2411	1350	977.828	1200
2412	1200	1493.34	1331.5
2413	1275	1134.99	1200
2414	1200	1837.2	1638.1
2415	1200	1815.95	1619.15
2416	1281	1121.47	1200
2417	1200	2005.75	1788.39
2418	1200	1649.45	1470.7
2419	1200	1779.61	1586.76
2420	1200	1517.43	1352.99
2421	1228	1258.16	1200
2422	1200	2179.58	1943.38
2423	1253	1191.47	1200
2424	1200	1503.72	1340.76
2425	1200	1498.26	1335.9
2426	1200	1571.24	1400.96
2427	1200	1474.76	1314.94
2428	1200	2137.51	1905.87
2429	1200	1985.9	1770.69
2430	1278	1128.56	1200
2431	1259	1174.78	1200
2432	1200	1466.24	1307.34
2433	1208	1319.01	1200
2434	1750	421.592	945.347
2435	1200	1596.26	1423.27
2436	1200	1388.56	1238.08
2437	1200	1646.75	1468.29
2438	1210	1311.61	1200
2439	1254	1187.19	1200
2440	1200	1670.03	1489.05
2441	1221	1279.5	1200
2442	1200	1392.17	1241.3
2443	1200	1432.07	1276.88
2444	1272	1142.89	1200
2445	1318	1040.35	1200
2446	1200	1492.01	1330.32
2447	1455	811.728	1200
2448	1400	892.277	1200
2449	1200	1417.04	1263.47
2450	1493	763.535	1200
2451	1206	1326.09	1200
2452	1200	1621.87	1446.11
2453	1210	1312.99	1200
2454	1228	1260.48	1200
2456	1200	1921.38	1713.16
2457	1200	1962.98	1750.25
2458	1223	1274.86	1200
2459	1335	1005.87	1200
2460	1394	901.922	1200
2461	1200	1351.34	1204.89
2462	1281	1121.17	1200
2463	1231	1252.05	1200
2464	1206	1325.92	1200
2465	1244	1213.97	1200
2466	1240	1225.7	1200
2467	1343	990.625	1200
2468	1333	1010.3	1200
2469	1200	1477.68	1317.54
2470	1372	938.271	1200
2471	1272	1143.74	1200
2472	1200	1771.12	1579.19
2473	1200	1847.7	1647.46
2474	1200	2140.36	1908.41
2475	1200	1625.29	1449.15
2476	1200	1616.62	1441.43
2477	1397	896.903	1200
2478	1200	1446.67	1289.89
2479	1200	1664.97	1484.54
2480	1304	1070.63	1200
2481	1264	1162.25	1200
2482	1229	1255.85	1200
2483	1200	1404.64	1252.41
2484	1297	1085.8	1200
2485	1269	1149.86	1200
2486	1284	1113.62	1200
2487	1200	1678.21	1496.34
2488	1200	1397.22	1245.8
2489	1310	1057.74	1200
2490	1264	1162.02	1200
2491	1200	1587.35	1415.33
2492	1425	853.638	1200
2493	1200	1701.86	1517.43
2494	1200	1676.77	1495.06
2495	1238	1231.56	1200
2496	1247	1206.06	1200
2497	1360	959.46	1200
2498	1200	1437.58	1281.79
2499	1203	1333.56	1200
2500	1200	1810.21	1614.04
2501	1200	1550.69	1382.64
2502	1379	926.646	1200
2503	1200	1664.54	1484.16
2504	1237	1234.85	1200
2506	1277	1131.22	1200
2507	1200	1703.81	1519.17
2508	1209	1315.62	1200
2509	1213	1302.17	1200
2510	1200	1380.84	1231.2
2511	1309	1058.27	1200
2512	1224	1270.11	1200
2513	1271	1145.39	1200
2514	1381	922.995	1200
2515	1270	1147.52	1200
2516	1200	1563.11	1393.71
2517	1293	1093.2	1200
2518	1351	975.378	1200
2519	1277	1130.19	1200
2520	1294	1092.82	1200
2521	1200	1497.51	1335.22
2522	1200	1792.48	1598.23
2523	1380	925.12	1200
2524	1200	1612.8	1438.02
2525	1246	1209.69	1200
2526	1211	1310.04	1200
2527	1259	1174.16	1200
2528	1255	1184.54	1200
2529	1200	1414.15	1260.9
2530	1200	1381.81	1232.06
2531	1200	1425.36	1270.89
2532	1271	1145.31	1200
2533	1251	1196.04	1200
2534	1219	1285.06	1200
2535	1200	1372.18	1223.48
2536	1301	1075.62	1200
2537	1379	926.846	1200
2538	1237	1233.32	1200
2539	1582	667.492	1200
2540	1200	1954.26	1742.48
2541	1200	1579.15	1408.01
2542	1200	1379.67	1230.15
2543	1295	1089.89	1200
2544	1200	1386.72	1236.44
2545	1200	1431.76	1276.6
2546	1208	1319.82	1200
2547	1200	1551.5	1383.36
2548	1263	1164.18	1200
2549	1200	1502.37	1339.56
2550	1698	570.788	1200
2551	1200	1813.48	1616.96
2552	1244	1213.39	1200
2553	1344	989.309	1200
2554	1235	1240.37	1200
2555	1307	1063.67	1200
2556	1200	1616.19	1441.04
2557	1288	1105.21	1200
2558	1200	1716.47	1530.45
2559	1200	1773.57	1581.36
2560	1292	1095.48	1200
2561	1299	1080.29	1200
2562	1200	1451.09	1293.83
2563	1200	1964.64	1751.73
2564	1254	1188.01	1200
2565	1212	1307.41	1200
2566	1279	1126.09	1200
2567	1200	2066.39	1842.46
2568	1273	1140.81	1200
2569	1200	1808.84	1612.82
2570	1239	1228	1200
2571	1225	1268.74	1200
2572	1376	932.173	1200
2573	1200	1388.59	1238.11
2574	1228	1259.25	1200
2575	1200	1383.8	1233.83
2576	1217	1292.88	1200
2577	1229	1256.78	1200
2578	1343	989.911	1200
2579	1428	849.408	1200
2580	1200	1918.43	1710.53
2581	1389	910.024	1200
2582	1200	1843.54	1643.75
2583	1200	1479.4	1319.07
2584	1256	1183.88	1200
2585	1251	1195.77	1200
2586	1293	1094.72	1200
2587	1414	870.628	1200
2588	1333	1008.99	1200
2589	1200	1358.29	1211.09
2590	1355	968.984	1200
2591	1303	1070.95	1200
2592	1200	1353.38	1206.71
2593	1296	1088.18	1200
2594	1200	1536.23	1369.75
2595	1200	1384.59	1234.54
