0	1454
1	1485
2	1200
3	1420
4	1278
5	1426
6	1750
7	1332
8	1423
9	1750
10	1431
11	1711
12	1379
13	1202
14	1290
15	1418
16	1200
17	1333
18	1536
19	1286
20	1208
21	1750
22	1750
23	1750
24	1750
25	1671
26	1750
27	1750
28	1639
29	1750
30	1750
31	1750
32	1729
33	1750
34	1709
35	1750
36	1750
37	1750
38	1750
39	1750
40	1750
41	1750
42	1750
43	1750
44	1750
45	1750
46	1750
47	1295
48	1462
49	1393
50	1613
51	1362
52	1420
53	1312
54	1200
55	1462
56	1425
57	1330
58	1360
59	1202
60	1369
61	1254
62	1408
63	1353
64	1415
65	1255
66	1290
67	1276
68	1423
69	1750
70	1750
71	1750
72	1750
73	1750
74	1750
75	1750
76	1750
77	1643
78	1599
79	1750
80	1750
81	1750
82	1750
83	1685
84	1750
85	1750
86	1750
87	1743
88	1750
89	1750
90	1750
91	1750
92	1750
93	1750
94	1750
95	1728
96	1343
97	1200
98	1200
99	1330
100	1466
101	1382
102	1464
103	1213
104	1505
105	1515
106	1270
107	1200
108	1261
109	1488
110	1477
111	1200
112	1331
113	1373
114	1448
115	1342
116	1403
117	1750
118	1750
119	1750
120	1750
121	1750
122	1559
123	1685
124	1750
125	1750
126	1750
127	1750
128	1750
129	1750
130	1750
131	1750
132	1750
133	1750
134	1750
135	1216
136	1750
137	1750
138	1750
139	1750
140	1750
141	1720
142	1636
143	1750
144	1360
145	1404
146	1369
147	1248
148	1449
149	1248
150	1290
151	1425
152	1532
153	1200
154	1200
155	1354
156	1258
157	1234
158	1200
159	1293
160	1200
161	1200
162	1471
163	1433
164	1289
165	1750
166	1750
167	1750
168	1750
169	1750
170	1750
171	1649
172	1709
173	1441
174	1750
175	1750
176	1750
177	1750
178	1533
179	1750
180	1750
181	1750
182	1750
183	1718
184	1745
185	1750
186	1736
187	1750
188	1750
189	1750
190	1750
191	1750
192	1200
193	1450
194	1385
195	1426
196	1301
197	1413
198	1352
199	1314
200	1200
201	1331
202	1309
203	1373
204	1363
205	1335
206	1367
207	1330
208	1343
209	1355
210	1332
211	1372
212	1200
213	1750
214	1750
215	1750
216	1750
217	1750
218	1750
219	1427
220	1694
221	1750
222	1750
223	1750
224	1574
225	1750
226	1750
227	1750
228	1750
229	1747
230	1750
231	1750
232	1750
233	1750
234	1750
235	1277
236	1750
237	1750
238	1674
239	1750
240	1347
241	1468
242	1270
243	1328
244	1414
245	1674
246	1335
247	1490
248	1207
249	1296
250	1207
251	1437
252	1417
253	1486
254	1318
255	1381
256	1229
257	1471
258	1200
259	1502
260	1200
261	1750
262	1750
263	1750
264	1659
265	1750
266	1750
267	1750
268	1750
269	1750
270	1750
271	1750
272	1750
273	1750
274	1652
275	1598
276	1750
277	1750
278	1750
279	1750
280	1750
281	1750
282	1750
283	1750
284	1750
285	1750
286	1750
287	1750
288	1294
289	1286
290	1204
291	1384
292	1515
293	1442
294	1607
295	1341
296	1385
297	1384
298	1424
299	1290
300	1675
301	1287
302	1543
303	1581
304	1396
305	1390
306	1474
307	1341
308	1464
309	1750
310	1750
311	1750
312	1750
313	1200
314	1750
315	1750
316	1750
317	1200
318	1750
319	1750
320	1750
321	1750
322	1750
323	1750
324	1750
325	1631
326	1750
327	1750
328	1750
329	1567
330	1750
331	1750
332	1652
333	1593
334	1750
335	1750
336	1372
337	1398
338	1315
339	1200
340	1394
341	1296
342	1401
343	1254
344	1375
345	1242
346	1410
347	1383
348	1200
349	1357
350	1472
351	1409
352	1428
353	1335
354	1204
355	1361
356	1200
357	1750
358	1750
359	1750
360	1619
361	1750
362	1750
363	1200
364	1650
365	1564
366	1750
367	1747
368	1501
369	1750
370	1750
371	1750
372	1750
373	1750
374	1750
375	1200
376	1644
377	1750
378	1750
379	1750
380	1566
381	1750
382	1750
383	1750
384	1369
385	1247
386	1212
387	1331
388	1265
389	1256
390	1335
391	1365
392	1406
393	1364
394	1401
395	1378
396	1343
397	1296
398	1552
399	1338
400	1434
401	1355
402	1241
403	1514
404	1613
405	1750
406	1750
407	1750
408	1750
409	1750
410	1750
411	1750
412	1750
413	1750
414	1750
415	1571
416	1750
417	1750
418	1750
419	1750
420	1750
421	1750
422	1750
423	1750
424	1750
425	1750
426	1656
427	1750
428	1750
429	1750
430	1750
431	1750
432	1479
433	1269
434	1473
435	1336
436	1447
437	1736
438	1200
439	1315
440	1253
441	1200
442	1408
443	1268
444	1323
445	1384
446	1288
447	1439
448	1419
449	1499
450	1200
451	1416
452	1341
453	1750
454	1750
455	1750
456	1750
457	1750
458	1750
459	1750
460	1750
461	1750
462	1750
463	1647
464	1750
465	1750
466	1750
467	1750
468	1621
469	1750
470	1750
471	1750
472	1750
473	1750
474	1544
475	1750
476	1750
477	1750
478	1750
479	1750
480	1299
481	1449
482	1276
483	1464
484	1646
485	1224
486	1343
487	1339
488	1371
489	1330
490	1225
491	1437
492	1377
493	1295
494	1200
495	1461
496	1377
497	1262
498	1340
499	1531
500	1284
501	1750
502	1750
503	1750
504	1726
505	1750
506	1750
507	1750
508	1750
509	1699
510	1750
511	1750
512	1750
513	1607
514	1750
515	1750
516	1750
517	1750
518	1750
519	1750
520	1750
521	1639
522	1750
523	1750
524	1750
525	1750
526	1750
527	1750
528	1368
529	1200
530	1415
531	1625
532	1320
533	1379
534	1357
535	1489
536	1421
537	1522
538	1416
539	1414
540	1374
541	1371
542	1633
543	1453
544	1317
545	1330
546	1288
547	1263
548	1436
549	1750
550	1750
551	1750
552	1750
553	1750
554	1750
555	1750
556	1750
557	1750
558	1410
559	1750
560	1750
561	1750
562	1750
563	1750
564	1750
565	1743
566	1750
567	1750
568	1750
569	1570
570	1750
571	1750
572	1750
573	1750
574	1695
575	1750
576	1334
577	1217
578	1270
579	1408
580	1253
581	1314
582	1220
583	1266
584	1365
585	1409
586	1387
587	1309
588	1240
589	1271
590	1386
591	1547
592	1305
593	1359
594	1415
595	1471
596	1328
597	1750
598	1750
599	1750
600	1200
601	1750
602	1750
603	1750
604	1750
605	1750
606	1750
607	1750
608	1750
609	1750
610	1750
611	1750
612	1750
613	1688
614	1750
615	1750
616	1750
617	1750
618	1750
619	1750
620	1750
621	1750
622	1750
623	1750
624	1226
625	1379
626	1404
627	1378
628	1359
629	1354
630	1300
631	1370
632	1297
633	1408
634	1557
635	1374
636	1373
637	1286
638	1455
639	1319
640	1200
641	1316
642	1297
643	1327
644	1527
645	1750
646	1750
647	1750
648	1719
649	1750
650	1550
651	1750
652	1750
653	1750
654	1750
655	1750
656	1750
657	1750
658	1750
659	1750
660	1750
661	1750
662	1750
663	1750
664	1580
665	1634
666	1750
667	1750
668	1750
669	1750
670	1750
671	1363
672	1369
673	1483
674	1270
675	1248
676	1277
677	1722
678	1380
679	1384
680	1314
681	1237
682	1393
683	1336
684	1210
685	1226
686	1293
687	1697
688	1403
689	1608
690	1200
691	1458
692	1268
693	1750
694	1750
695	1750
696	1750
697	1750
698	1750
699	1750
700	1533
701	1750
702	1750
703	1750
704	1750
705	1750
706	1200
707	1750
708	1690
709	1750
710	1738
711	1750
712	1750
713	1750
714	1750
715	1750
716	1747
717	1728
718	1750
719	1750
720	1300
721	1364
722	1370
723	1292
724	1227
725	1416
726	1327
727	1336
728	1488
729	1318
730	1308
731	1257
732	1377
733	1374
734	1425
735	1340
736	1361
737	1366
738	1200
739	1331
740	1328
741	1750
742	1750
743	1750
744	1696
745	1750
746	1750
747	1750
748	1650
749	1750
750	1655
751	1750
752	1750
753	1726
754	1592
755	1750
756	1750
757	1750
758	1750
759	1697
760	1718
761	1750
762	1750
763	1750
764	1750
765	1750
766	1708
767	1750
768	1288
769	1262
770	1239
771	1200
772	1296
773	1270
774	1398
775	1298
776	1276
777	1334
778	1312
779	1356
780	1356
781	1363
782	1391
783	1349
784	1295
785	1319
786	1200
787	1297
788	1261
789	1750
790	1750
791	1750
792	1521
793	1750
794	1750
795	1607
796	1686
797	1750
798	1750
799	1750
800	1750
801	1750
802	1750
803	1750
804	1470
805	1750
806	1749
807	1750
808	1676
809	1750
810	1750
811	1750
812	1750
813	1558
814	1428
815	1750
816	1414
817	1462
818	1238
819	1498
820	1299
821	1325
822	1336
823	1225
824	1228
825	1276
826	1355
827	1322
828	1382
829	1595
830	1278
831	1498
832	1435
833	1430
834	1457
835	1384
836	1240
837	1750
838	1750
839	1750
840	1750
841	1547
842	1750
843	1750
844	1750
845	1750
846	1687
847	1750
848	1731
849	1750
850	1750
851	1745
852	1200
853	1750
854	1750
855	1750
856	1750
857	1750
858	1750
859	1750
860	1750
861	1750
862	1750
863	1692
864	1359
865	1337
866	1271
867	1267
868	1386
869	1389
870	1390
871	1413
872	1396
873	1200
874	1437
875	1446
876	1223
877	1306
878	1342
879	1358
880	1297
881	1750
882	1307
883	1269
884	1621
885	1750
886	1750
887	1750
888	1750
889	1750
890	1750
891	1728
892	1750
893	1675
894	1750
895	1750
896	1750
897	1750
898	1750
899	1750
900	1750
901	1750
902	1748
903	1750
904	1750
905	1750
906	1750
907	1744
908	1750
909	1737
910	1750
911	1750
912	1356
913	1313
914	1267
915	1297
916	1367
917	1363
918	1373
919	1382
920	1369
921	1475
922	1277
923	1268
924	1331
925	1373
926	1319
927	1382
928	1386
929	1275
930	1342
931	1477
932	1228
933	1750
934	1750
935	1750
936	1750
937	1750
938	1200
939	1750
940	1750
941	1750
942	1750
943	1750
944	1678
945	1750
946	1750
947	1750
948	1570
949	1750
950	1723
951	1750
952	1750
953	1750
954	1516
955	1750
956	1750
957	1750
958	1750
959	1750
960	1275
961	1200
962	1393
963	1423
964	1333
965	1200
966	1407
967	1364
968	1378
969	1236
970	1241
971	1276
972	1298
973	1352
974	1294
975	1237
976	1326
977	1460
978	1253
979	1283
980	1200
981	1750
982	1646
983	1750
984	1750
985	1750
986	1750
987	1750
988	1750
989	1750
990	1632
991	1750
992	1750
993	1666
994	1750
995	1750
996	1750
997	1750
998	1750
999	1750
1000	1336
1001	1378
1002	1253
1003	1361
1004	1398
1005	1343
1006	1318
1007	1220
1008	1303
1009	1385
1010	1256
1011	1415
1012	1360
1013	1334
1014	1331
1015	1320
1016	1310
1017	1261
1018	1238
1019	1200
1020	1200
1021	1750
1022	1750
1023	1200
1024	1741
1025	1726
1026	1750
1027	1750
1028	1676
1029	1750
1030	1750
1031	1750
1032	1750
1033	1750
1034	1450
1035	1750
1036	1750
1037	1745
1038	1740
1039	1750
1040	1294
1041	1494
1042	1200
1043	1288
1044	1620
1045	1446
1046	1400
1047	1274
1048	1200
1049	1331
1050	1268
1051	1422
1052	1396
1053	1200
1054	1396
1055	1200
1056	1316
1057	1399
1058	1220
1059	1200
1060	1200
1061	1750
1062	1750
1063	1750
1064	1750
1065	1750
1066	1750
1067	1704
1068	1750
1069	1750
1070	1750
1071	1747
1072	1741
1073	1750
1074	1750
1075	1750
1076	1750
1077	1750
1078	1750
1079	1750
1080	1200
1081	1268
1082	1456
1083	1446
1084	1325
1085	1365
1086	1410
1087	1313
1088	1507
1089	1526
1090	1366
1091	1226
1092	1359
1093	1505
1094	1419
1095	1276
1096	1299
1097	1508
1098	1384
1099	1447
1100	1750
1101	1750
1102	1750
1103	1200
1104	1750
1105	1750
1106	1590
1107	1750
1108	1535
1109	1200
1110	1750
1111	1750
1112	1750
1113	1750
1114	1750
1115	1706
1116	1750
1117	1750
1118	1750
1119	1750
1120	1206
1121	1228
1122	1269
1123	1227
1124	1356
1125	1359
1126	1255
1127	1374
1128	1336
1129	1357
1130	1200
1131	1288
1132	1415
1133	1379
1134	1208
1135	1450
1136	1303
1137	1335
1138	1200
1139	1521
1140	1750
1141	1616
1142	1750
1143	1740
1144	1750
1145	1750
1146	1750
1147	1341
1148	1750
1149	1750
1150	1750
1151	1750
1152	1750
1153	1750
1154	1750
1155	1750
1156	1750
1157	1543
1158	1750
1159	1750
1160	1208
1161	1455
1162	1441
1163	1338
1164	1427
1165	1414
1166	1333
1167	1313
1168	1440
1169	1405
1170	1347
1171	1551
1172	1337
1173	1361
1174	1269
1175	1200
1176	1200
1177	1274
1178	1363
1179	1292
1180	1200
1181	1750
1182	1433
1183	1750
1184	1750
1185	1750
1186	1728
1187	1750
1188	1750
1189	1750
1190	1200
1191	1750
1192	1750
1193	1725
1194	1750
1195	1750
1196	1750
1197	1750
1198	1750
1199	1750
1200	1442
1201	1256
1202	1200
1203	1275
1204	1213
1205	1249
1206	1313
1207	1382
1208	1288
1209	1396
1210	1265
1211	1274
1212	1485
1213	1200
1214	1256
1215	1269
1216	1200
1217	1267
1218	1295
1219	1446
1220	1200
1221	1602
1222	1613
1223	1750
1224	1552
1225	1750
1226	1750
1227	1263
1228	1750
1229	1750
1230	1750
1231	1750
1232	1750
1233	1750
1234	1750
1235	1750
1236	1663
1237	1750
1238	1750
1239	1750
1240	1247
1241	1430
1242	1329
1243	1454
1244	1342
1245	1502
1246	1460
1247	1526
1248	1555
1249	1200
1250	1380
1251	1314
1252	1339
1253	1268
1254	1351
1255	1348
1256	1310
1257	1247
1258	1226
1259	1251
1260	1750
1261	1750
1262	1750
1263	1750
1264	1750
1265	1750
1266	1750
1267	1428
1268	1750
1269	1750
1270	1750
1271	1750
1272	1750
1273	1750
1274	1750
1275	1750
1276	1750
1277	1750
1278	1750
1279	1750
1280	1253
1281	1273
1282	1213
1283	1361
1284	1339
1285	1251
1286	1200
1287	1235
1288	1263
1289	1338
1290	1300
1291	1263
1292	1279
1293	1316
1294	1362
1295	1210
1296	1387
1297	1214
1298	1406
1299	1424
1300	1389
1301	1390
1302	1237
1303	1382
1304	1219
1305	1200
1306	1321
1307	1200
1308	1750
1309	1478
1310	1570
1311	1750
1312	1750
1313	1750
1314	1750
1315	1750
1316	1750
1317	1750
1318	1750
1319	1750
1320	1750
1321	1750
1322	1750
1323	1750
1324	1750
1325	1750
1326	1200
1327	1750
1328	1338
1329	1370
1330	1274
1331	1286
1332	1200
1333	1317
1334	1255
1335	1265
1336	1376
1337	1486
1338	1371
1339	1455
1340	1208
1341	1305
1342	1211
1343	1319
1344	1477
1345	1276
1346	1294
1347	1334
1348	1387
1349	1200
1350	1294
1351	1297
1352	1200
1353	1249
1354	1283
1355	1200
1356	1750
1357	1750
1358	1750
1359	1750
1360	1750
1361	1750
1362	1750
1363	1740
1364	1750
1365	1750
1366	1750
1367	1750
1368	1750
1369	1750
1370	1750
1371	1750
1372	1750
1373	1750
1374	1750
1375	1750
1376	1237
1377	1391
1378	1326
1379	1407
1380	1227
1381	1312
1382	1361
1383	1438
1384	1364
1385	1259
1386	1322
1387	1329
1388	1290
1389	1512
1390	1468
1391	1328
1392	1361
1393	1464
1394	1418
1395	1389
1396	1296
1397	1236
1398	1420
1399	1412
1400	1238
1401	1320
1402	1200
1403	1220
1404	1750
1405	1750
1406	1750
1407	1750
1408	1750
1409	1750
1410	1638
1411	1688
1412	1750
1413	1750
1414	1750
1415	1750
1416	1750
1417	1750
1418	1750
1419	1750
1420	1750
1421	1750
1422	1750
1423	1750
1424	1420
1425	1226
1426	1394
1427	1406
1428	1242
1429	1263
1430	1200
1431	1344
1432	1446
1433	1441
1434	1363
1435	1212
1436	1285
1437	1450
1438	1475
1439	1305
1440	1361
1441	1368
1442	1391
1443	1343
1444	1289
1445	1377
1446	1326
1447	1462
1448	1228
1449	1200
1450	1200
1451	1200
1452	1200
1453	1750
1454	1750
1455	1750
1456	1750
1457	1670
1458	1750
1459	1750
1460	1671
1461	1750
1462	1750
1463	1750
1464	1750
1465	1405
1466	1750
1467	1750
1468	1750
1469	1750
1470	1750
1471	1750
1472	1474
1473	1346
1474	1411
1475	1388
1476	1200
1477	1353
1478	1311
1479	1265
1480	1487
1481	1404
1482	1315
1483	1298
1484	1313
1485	1201
1486	1297
1487	1256
1488	1200
1489	1255
1490	1408
1491	1442
1492	1246
1493	1454
1494	1435
1495	1368
1496	1241
1497	1244
1498	1736
1499	1247
1500	1732
1501	1750
1502	1731
1503	1750
1504	1392
1505	1610
1506	1750
1507	1750
1508	1716
1509	1750
1510	1200
1511	1750
1512	1750
1513	1750
1514	1750
1515	1750
1516	1750
1517	1750
1518	1750
1519	1750
1520	1309
1521	1200
1522	1287
1523	1330
1524	1750
1525	1363
1526	1370
1527	1261
1528	1277
1529	1298
1530	1203
1531	1292
1532	1383
1533	1237
1534	1297
1535	1200
1536	1304
1537	1329
1538	1392
1539	1349
1540	1367
1541	1200
1542	1451
1543	1509
1544	1219
1545	1200
1546	1200
1547	1265
1548	1618
1549	1737
1550	1691
1551	1750
1552	1710
1553	1750
1554	1709
1555	1745
1556	1750
1557	1750
1558	1750
1559	1750
1560	1750
1561	1673
1562	1750
1563	1750
1564	1750
1565	1750
1566	1750
1567	1750
1568	1311
1569	1200
1570	1314
1571	1373
1572	1395
1573	1251
1574	1480
1575	1333
1576	1409
1577	1405
1578	1332
1579	1293
1580	1267
1581	1293
1582	1350
1583	1290
1584	1200
1585	1297
1586	1282
1587	1308
1588	1398
1589	1331
1590	1389
1591	1440
1592	1200
1593	1200
1594	1200
1595	1200
1596	1725
1597	1750
1598	1750
1599	1628
1600	1750
1601	1750
1602	1464
1603	1750
1604	1750
1605	1660
1606	1750
1607	1750
1608	1750
1609	1750
1610	1750
1611	1750
1612	1200
1613	1750
1614	1750
1615	1750
1616	1264
1617	1281
1618	1254
1619	1238
1620	1200
1621	1731
1622	1213
1623	1200
1624	1366
1625	1389
1626	1295
1627	1363
1628	1223
1629	1361
1630	1307
1631	1750
1632	1505
1633	1436
1634	1324
1635	1210
1636	1267
1637	1401
1638	1285
1639	1387
1640	1200
1641	1200
1642	1203
1643	1200
1644	1750
1645	1750
1646	1750
1647	1606
1648	1750
1649	1750
1650	1741
1651	1750
1652	1750
1653	1200
1654	1750
1655	1750
1656	1750
1657	1750
1658	1750
1659	1733
1660	1750
1661	1750
1662	1692
1663	1750
1664	1364
1665	1541
1666	1374
1667	1486
1668	1373
1669	1450
1670	1381
1671	1274
1672	1324
1673	1441
1674	1206
1675	1293
1676	1387
1677	1260
1678	1355
1679	1279
1680	1200
1681	1313
1682	1393
1683	1200
1684	1360
1685	1274
1686	1251
1687	1307
1688	1750
1689	1200
1690	1231
1691	1200
1692	1735
1693	1737
1694	1701
1695	1719
1696	1750
1697	1750
1698	1750
1699	1750
1700	1750
1701	1733
1702	1750
1703	1750
1704	1750
1705	1750
1706	1750
1707	1718
1708	1600
1709	1750
1710	1750
1711	1493
1712	1458
1713	1394
1714	1336
1715	1390
1716	1247
1717	1369
1718	1276
1719	1267
1720	1206
1721	1249
1722	1200
1723	1315
1724	1360
1725	1397
1726	1200
1727	1336
1728	1356
1729	1248
1730	1336
1731	1319
1732	1311
1733	1378
1734	1260
1735	1391
1736	1206
1737	1200
1738	1200
1739	1200
1740	1750
1741	1750
1742	1523
1743	1750
1744	1750
1745	1750
1746	1750
1747	1750
1748	1750
1749	1750
1750	1712
1751	1750
1752	1750
1753	1750
1754	1750
1755	1750
1756	1750
1757	1750
1758	1750
1759	1750
1760	1447
1761	1495
1762	1329
1763	1270
1764	1292
1765	1200
1766	1289
1767	1341
1768	1444
1769	1431
1770	1233
1771	1427
1772	1404
1773	1371
1774	1347
1775	1294
1776	1539
1777	1353
1778	1272
1779	1376
1780	1265
1781	1317
1782	1266
1783	1253
1784	1200
1785	1200
1786	1210
1787	1200
1788	1750
1789	1747
1790	1750
1791	1750
1792	1750
1793	1715
1794	1750
1795	1750
1796	1728
1797	1750
1798	1697
1799	1750
1800	1750
1801	1750
1802	1750
1803	1750
1804	1750
1805	1750
1806	1750
1807	1750
1808	1238
1809	1314
1810	1359
1811	1303
1812	1228
1813	1341
1814	1390
1815	1432
1816	1261
1817	1400
1818	1377
1819	1496
1820	1384
1821	1318
1822	1320
1823	1445
1824	1501
1825	1451
1826	1327
1827	1470
1828	1716
1829	1288
1830	1383
1831	1376
1832	1267
1833	1200
1834	1219
1835	1200
1836	1750
1837	1750
1838	1750
1839	1750
1840	1750
1841	1750
1842	1750
1843	1750
1844	1616
1845	1750
1846	1750
1847	1750
1848	1750
1849	1750
1850	1567
1851	1750
1852	1747
1853	1750
1854	1750
1855	1750
1856	1314
1857	1415
1858	1308
1859	1284
1860	1361
1861	1368
1862	1568
1863	1415
1864	1200
1865	1410
1866	1415
1867	1415
1868	1384
1869	1200
1870	1291
1871	1412
1872	1469
1873	1375
1874	1611
1875	1452
1876	1406
1877	1252
1878	1371
1879	1200
1880	1200
1881	1200
1882	1211
1883	1200
1884	1510
1885	1750
1886	1750
1887	1750
1888	1750
1889	1750
1890	1750
1891	1750
1892	1750
1893	1750
1894	1750
1895	1750
1896	1750
1897	1750
1898	1750
1899	1750
1900	1750
1901	1750
1902	1750
1903	1200
1904	1277
1905	1228
1906	1518
1907	1262
1908	1340
1909	1379
1910	1336
1911	1274
1912	1271
1913	1392
1914	1200
1915	1370
1916	1467
1917	1379
1918	1294
1919	1299
1920	1391
1921	1463
1922	1361
1923	1430
1924	1380
1925	1750
1926	1413
1927	1631
1928	1200
1929	1250
1930	1230
1931	1273
1932	1750
1933	1750
1934	1750
1935	1750
1936	1750
1937	1750
1938	1750
1939	1750
1940	1339
1941	1619
1942	1594
1943	1750
1944	1691
1945	1750
1946	1750
1947	1750
1948	1750
1949	1750
1950	1750
1951	1750
1952	1398
1953	1365
1954	1388
1955	1200
1956	1216
1957	1239
1958	1344
1959	1266
1960	1374
1961	1247
1962	1286
1963	1312
1964	1200
1965	1304
1966	1214
1967	1435
1968	1200
1969	1256
1970	1493
1971	1332
1972	1398
1973	1281
1974	1414
1975	1279
1976	1200
1977	1246
1978	1221
1979	1224
1980	1750
1981	1750
1982	1750
1983	1750
1984	1750
1985	1750
1986	1200
1987	1200
1988	1750
1989	1750
1990	1750
1991	1750
1992	1718
1993	1750
1994	1750
1995	1750
1996	1750
1997	1748
1998	1750
1999	1750
2000	1426
2001	1460
2002	1451
2003	1374
2004	1210
2005	1365
2006	1750
2007	1466
2008	1383
2009	1295
2010	1344
2011	1376
2012	1380
2013	1591
2014	1319
2015	1352
2016	1565
2017	1310
2018	1292
2019	1497
2020	1469
2021	1343
2022	1369
2023	1336
2024	1200
2025	1200
2026	1344
2027	1361
2028	1750
2029	1750
2030	1750
2031	1750
2032	1750
2033	1750
2034	1750
2035	1657
2036	1750
2037	1750
2038	1750
2039	1750
2040	1623
2041	1750
2042	1750
2043	1750
2044	1650
2045	1750
2046	1596
2047	1750
2048	1354
2049	1347
2050	1253
2051	1346
2052	1285
2053	1393
2054	1398
2055	1374
2056	1315
2057	1416
2058	1373
2059	1578
2060	1355
2061	1409
2062	1418
2063	1361
2064	1368
2065	1313
2066	1346
2067	1383
2068	1535
2069	1391
2070	1746
2071	1295
2072	1200
2073	1200
2074	1494
2075	1210
2076	1750
2077	1750
2078	1750
2079	1700
2080	1750
2081	1615
2082	1750
2083	1750
2084	1750
2085	1750
2086	1750
2087	1750
2088	1750
2089	1750
2090	1750
2091	1750
2092	1750
2093	1750
2094	1750
2095	1750
2096	1470
2097	1348
2098	1716
2099	1337
2100	1313
2101	1436
2102	1343
2103	1347
2104	1323
2105	1456
2106	1300
2107	1300
2108	1238
2109	1488
2110	1464
2111	1438
2112	1349
2113	1750
2114	1415
2115	1418
2116	1300
2117	1225
2118	1456
2119	1249
2120	1200
2121	1263
2122	1200
2123	1255
2124	1750
2125	1750
2126	1750
2127	1750
2128	1750
2129	1750
2130	1750
2131	1750
2132	1750
2133	1750
2134	1750
2135	1750
2136	1750
2137	1750
2138	1508
2139	1750
2140	1750
2141	1700
2142	1750
2143	1750
2144	1277
2145	1309
2146	1486
2147	1330
2148	1362
2149	1274
2150	1475
2151	1516
2152	1408
2153	1499
2154	1284
2155	1455
2156	1515
2157	1366
2158	1351
2159	1601
2160	1286
2161	1731
2162	1507
2163	1555
2164	1396
2165	1429
2166	1552
2167	1361
2168	1247
2169	1200
2170	1251
2171	1206
2172	1542
2173	1750
2174	1750
2175	1750
2176	1750
2177	1750
2178	1750
2179	1750
2180	1750
2181	1750
2182	1750
2183	1750
2184	1750
2185	1750
2186	1750
2187	1200
2188	1750
2189	1750
2190	1200
2191	1750
2192	1464
2193	1312
2194	1421
2195	1403
2196	1522
2197	1334
2198	1412
2199	1381
2200	1200
2201	1227
2202	1428
2203	1484
2204	1409
2205	1389
2206	1436
2207	1444
2208	1520
2209	1452
2210	1300
2211	1451
2212	1254
2213	1273
2214	1368
2215	1354
2216	1200
2217	1200
2218	1251
2219	1358
2220	1750
2221	1750
2222	1216
2223	1200
2224	1750
2225	1750
2226	1750
2227	1723
2228	1750
2229	1715
2230	1750
2231	1750
2232	1750
2233	1750
2234	1750
2235	1750
2236	1750
2237	1750
2238	1750
2239	1750
2360	1435
2361	1750
2362	1200
2363	1388
2364	1406
2365	1328
2366	1377
2367	1323
2368	1200
2369	1276
2370	1301
2371	1438
2372	1305
2373	1200
2374	1200
2375	1200
2376	1200
2377	1200
2378	1230
2379	1393
2380	1240
2381	1323
2382	1274
2383	1311
2384	1258
2385	1200
2386	1208
2387	1283
2388	1276
2389	1242
2390	1578
2391	1200
2392	1200
2393	1200
2394	1200
2395	1270
2396	1281
2397	1200
2398	1242
2399	1517
2400	1363
2401	1350
2402	1215
2403	1222
2404	1200
2405	1200
2406	1290
2407	1353
2408	1323
2409	1305
2410	1293
2411	1492
2412	1200
2413	1267
2414	1200
2415	1200
2416	1275
2417	1200
2418	1227
2419	1200
2420	1266
2421	1344
2422	1200
2423	1376
2424	1200
2425	1200
2426	1200
2427	1200
2428	1200
2429	1200
2430	1416
2431	1395
2432	1275
2433	1346
2434	1334
2435	1312
2436	1200
2437	1200
2438	1208
2439	1251
2440	1200
2441	1228
2442	1296
2443	1305
2444	1402
2445	1465
2446	1281
2447	1613
2448	1401
2449	1200
2450	1487
2451	1206
2452	1200
2453	1209
2454	1363
2455	0
2456	1200
2457	1200
2458	1351
2459	1480
2460	1400
2461	1200
2462	1276
2463	1234
2464	1209
2465	1240
2466	1363
2467	1480
2468	1477
2469	1287
2470	1524
2471	1403
2472	1200
2473	1200
2474	1200
2475	1200
2476	1200
2477	1397
2478	1284
2479	1462
2480	1269
2481	1389
2482	1353
2483	1305
2484	1300
2485	1268
2486	1281
2487	1200
2488	1200
2489	1315
2490	1384
2491	1541
2492	1230
2493	1224
2494	1227
2495	1375
2496	1243
2497	1352
2498	1200
2499	1201
2500	1200
2501	1200
2502	1525
2503	1219
2504	1304
2505	1366
2506	1413
2507	1216
2508	1207
2509	1208
2510	1200
2511	1307
2512	1225
2513	1276
2514	1535
2515	1391
2516	1247
2517	1435
2518	1496
2519	1423
2520	1295
2521	1200
2522	1200
2523	1375
2524	1200
2525	1252
2526	1350
2527	1374
2528	1384
2529	1299
2530	1321
2531	1287
2532	1270
2533	1252
2534	1218
2535	1200
2536	1301
2537	1379
2538	1364
2539	1745
2540	1200
2541	1281
2542	1325
2543	1400
2544	1200
2545	1200
2546	1207
2547	1200
2548	1264
2549	1200
2550	1750
2551	1200
2552	1387
2553	1484
2554	1365
2555	1302
2556	1200
2557	1286
2558	1200
2559	1200
2560	1433
2561	1438
2562	1294
2563	1200
2564	1395
2565	1206
2566	1280
2567	1200
2568	1267
2569	1200
2570	1375
2571	1384
2572	1522
2573	1304
2574	1229
2575	1200
2576	1214
2577	1223
2578	1481
2579	1575
2580	1200
2581	1541
2582	1200
2583	1200
2584	1257
2585	1255
2586	1428
2587	1568
2588	1471
2589	1200
2590	1352
2591	1300
2592	1319
2593	1426
2594	1200
2595	1200
