2476
0	1541.56	130.01
1	1542.1	130.795
2	1712.94	141.597
3	1515.73	107.799
4	1537.1	121.121
5	1557.34	133.429
6	864.449	86.1519
7	1532.01	124.043
8	1539.84	125.153
9	1397.88	126.245
10	1631.7	160.831
11	1622.41	177.46
12	1540.26	125.452
13	1498.39	122.044
14	1495.88	117.089
15	1567.39	129.755
16	1502.46	130.316
17	1556.23	133.47
18	1536.94	125.214
19	1553.01	144.41
20	1528.79	127.039
21	1140.46	109.216
22	1056.45	100.846
23	913.701	74.2916
24	835.04	74.9116
25	1305.8	127.287
26	1055.16	87.4156
27	867.844	82.5232
28	1309.18	126.869
29	1060.35	92.4091
30	1047.37	88.8247
31	957.293	87.9571
32	1246.37	107.41
33	1017	92.8871
34	1247.37	107.93
35	1162.47	106.173
36	759.379	61.6904
37	1165.56	115.065
38	983.733	93.7906
39	1002.67	89.5884
40	932.838	110.636
41	955.612	82.5709
42	1153.77	103.567
43	899.57	68.9858
44	812.714	69.6068
45	696.366	64.7795
46	823.962	76.9138
47	1550.49	125.692
48	1581.02	118.453
49	1509.64	124.095
50	1551.45	129.515
51	1519.83	127.682
52	1514.31	112.47
53	1520.18	110.184
54	1621.96	133.733
55	1534.95	118.8
56	1603.03	120.184
57	1545.06	121.114
58	1538.98	129.103
59	1533.18	116.216
60	1535.55	118.749
61	1534.35	130.745
62	1593.07	148.053
63	1609.64	141.86
64	1558.95	124.281
65	1564.32	133.111
66	1545.83	115.209
67	1534.25	118.074
68	1519.28	125.618
69	1088.43	89.0007
70	1011.63	95.955
71	915.405	89.0356
72	704.647	66.6048
73	1051.39	100.535
74	1016.49	89.8577
75	1127.86	86.8618
76	958.251	85.5182
77	1312.43	112.304
78	1355.8	147.033
79	787.397	73.9138
80	950.871	84.629
81	862.09	69.1159
82	955.682	87.7179
83	1296.62	115.653
84	929.127	83.9018
85	1140.25	110.872
86	1021.71	94.1956
87	1170.34	113.13
88	786.428	84.9036
89	983.078	100.68
90	1052.11	103.041
91	1029.1	100.89
92	790.524	75.222
93	1068.42	98.8289
94	1000.44	86.1645
95	1244.33	119.344
96	1526	134.674
97	1509.56	125.805
98	1549.79	142.975
99	1545.92	131.945
100	1510.82	112.957
101	1517.22	113.261
102	1497.67	130.153
103	1535.96	131.291
104	1509.64	114.87
105	1517.61	122.071
106	1506.73	134.494
107	1712.4	138.182
108	1513.51	130.869
109	1529.28	124.297
110	1546.81	125.353
111	1897.6	148.922
112	1551.58	130.834
113	1562.29	134.76
114	1536.07	123.061
115	1533.7	113.369
116	1586.64	132.288
117	973.628	84.7975
118	1599.99	148.277
119	1068.45	98.6675
120	955.417	84.1761
121	1010.57	97.5016
122	1416.01	126.986
123	1212.9	107.177
124	910.662	76.8183
125	1058.73	99.8379
126	1055.89	103.321
127	836.384	81.7127
128	1065.75	99.7764
129	675.352	61.4435
130	1022.44	97.3008
131	867.135	74.8188
132	788.761	73.3469
133	860.071	67.5709
134	1101.07	87.8882
135	1533.38	118.657
136	1175.21	113.233
137	1032.66	102.382
138	906.576	82.69
139	868.242	76.4732
140	1059.43	96.1368
141	1245.17	107.521
142	1333.63	130.15
143	980.197	92.2269
144	1528.84	157.465
145	1528.96	136.931
146	1532.7	121.165
147	1529.65	121.683
148	1557.39	136.831
149	1535.62	133.939
150	1539.37	124.466
151	1512.89	107.358
152	1563.36	137.775
153	1557.84	119.045
154	1538.92	119.023
155	1514.81	124.235
156	1494.46	124.519
157	1537.67	132.598
158	1844.3	160.018
159	1522.74	122.817
160	1703.01	132.831
161	1604.92	129.845
162	1532.88	119.818
163	1560.48	141.77
164	1516.01	129.378
165	956.929	82.0166
166	964.958	86.8694
167	789.074	71.8527
168	941.8	88.0159
169	1000.04	84.0971
170	1060.47	89.1128
171	1327.56	116.558
172	1257.64	131.059
173	1542.24	135.529
174	1130.51	94.2454
175	1160.25	121.216
176	912.493	83.9872
177	874.772	79.7114
178	1432.73	126.486
179	1050.55	89.1437
180	870.729	78.941
181	948.562	83.6498
182	1065.27	107.846
183	1214.82	114.072
184	1198.3	109.278
185	767.213	69.2733
186	1165.34	104.894
187	949.908	78.8971
188	1117.43	101.52
189	1092.79	97.7287
190	895.476	70.2291
191	353.84	33.3242
192	1575.65	132.166
193	1524.57	121.097
194	1554.96	128.399
195	1548.31	131.705
196	1520.38	115.852
197	1530.29	124.028
198	1535.11	130.569
199	1529.72	134.113
200	1563.35	134.817
201	1534.75	119.079
202	1543.49	140.19
203	1630.03	134.17
204	1519.04	125.953
205	1556.95	123.608
206	1544.37	136.302
207	1542.86	126.901
208	1522.27	122.09
209	1531.89	123.528
210	1559.28	145.619
211	1546.39	132.093
212	1856.62	163.259
213	1442.61	123.56
214	965.75	80.5668
215	1022.65	91.9346
216	912.311	86.2169
217	900.947	75.8109
218	1178.66	103.063
219	1570.5	137.977
220	1296.83	111.157
221	975.705	90.5572
222	1105.17	95.4204
223	1000.29	85.2452
224	1389	129.088
225	878.644	79.6251
226	813.221	73.6313
227	958.845	83.8277
228	968.884	92.6661
229	1160.64	116.314
230	832.87	75.2663
231	660.995	62.7437
232	833.241	72.8616
233	849.541	66.6097
234	1129.76	93.9881
235	1575	146.812
236	847.044	78.8217
237	797.695	75.7757
238	1237.77	117.815
239	944.118	90.4219
240	1594.24	139.952
241	1501.01	109.306
242	1582.4	132.04
243	1524.59	126.367
244	1566.76	149.981
245	1531.4	157.261
246	1540.92	128.038
247	1536.08	112.345
248	1488.4	124.788
249	1523.35	132.222
250	1522.76	121.1
251	1541.06	131.843
252	1531.39	122.11
253	1523.78	113.647
254	1553.95	128.311
255	1539.2	124.611
256	1560.05	135.97
257	1520.52	124.834
258	1576.13	122.882
259	1547.51	127.296
260	1941.39	173.443
261	794.062	82.8506
262	1099.09	94.4656
263	1356.27	137.385
264	1313.47	104.985
265	1111.47	96.8341
266	854.708	79.099
267	1016.53	100.235
268	1057.7	92.8571
269	967.986	80.0585
270	843.918	81.77
271	775.794	71.7056
272	1059.67	93.0947
273	904.061	81.4274
274	1328.86	116.452
275	1345.92	132.201
276	901.209	76.0258
277	1070.89	100.358
278	893.328	78.3423
279	776.924	68.2426
280	1019.65	90.5167
281	1137.53	102.387
282	776.768	65.5093
283	950.473	78.4867
284	869.493	74.9118
285	826.29	72.4164
286	1100.13	103.132
287	908.16	85.3886
288	1500.55	114.907
289	1527.84	123.968
290	1543.23	122.116
291	1547.13	135.927
292	1502.23	119.055
293	1537.51	134.958
294	1530.61	114.661
295	1534.9	135.019
296	1520.42	110.592
297	1494.81	119.411
298	1534.37	113.955
299	1544.6	130.487
300	1521.37	127.817
301	1512.26	112.663
302	1542.3	118.16
303	1503.52	112.604
304	1548.76	119.749
305	1549.4	120.731
306	1582.24	124.73
307	1489.9	124.878
308	1548.81	116.48
309	1128.78	93.5091
310	1057.58	92.8954
311	1397.16	138.364
312	900.53	73.2389
313	1538.4	120.434
314	950.643	83.1559
315	984.385	91.6062
316	957.901	82.7386
317	1691	134.142
318	961.306	83.5552
319	821.053	72.1029
320	1194.85	93.466
321	1013.65	93.2173
322	1047.89	89.1771
323	966.705	81.6508
324	979.164	90.671
325	1297.14	121.37
326	1012.38	84.4673
327	939.633	76.76
328	1020.44	92.4695
329	1390.43	112.471
330	1142.16	102.081
331	957.271	85.8909
332	1232.83	107.179
333	1369.18	116.992
334	853.095	73.7773
335	903.472	82.5352
336	1544.33	124.589
337	1542.71	121.892
338	1541.51	140.364
339	1512.41	117.082
340	1516.06	118.569
341	1545.93	135.789
342	1534.65	128.891
343	1501.3	117.807
344	1567.15	123.119
345	1533.43	131.423
346	1527.69	118.863
347	1531.96	123.977
348	1581.74	123.385
349	1499.98	129.204
350	1551.08	127.36
351	1540.22	131.607
352	1535.27	116.241
353	1528.17	127.328
354	1498.97	126.699
355	1534.67	119.017
356	1595.67	134.051
357	518.567	44.582
358	1022.6	93.2935
359	1209.4	108.403
360	1322.82	106.402
361	1014.96	85.2049
362	1015.9	86.8181
363	2018.47	152.359
364	1333.69	106.507
365	1412.88	139.558
366	878.938	85.2701
367	1163.8	106.467
368	1504.52	134.269
369	1069.55	116.791
370	969.069	86.358
371	1144.58	106.003
372	1007.92	83.7492
373	1003.66	86.4945
374	816.345	72.742
375	1603.03	146.926
376	1352.61	123.268
377	1024.35	88.8025
378	790.237	70.4884
379	1151.77	97.2093
380	1391.36	124.81
381	1157.28	111.415
382	1011.21	104.22
383	952.659	76.6813
384	1517.83	117.771
385	1540.27	131.706
386	2046.31	164.853
387	2059.52	170.488
388	1510.94	115.229
389	1508.76	124.505
390	1532.61	122.241
391	1512.74	119.51
392	1586.32	127.15
393	1534.27	120.753
394	1497.84	116.305
395	1503.21	103.229
396	1536.04	117.567
397	1517.34	121.564
398	1579.15	128.241
399	1527.22	114.553
400	1533.35	114.196
401	1526.18	116.965
402	1521.92	115.14
403	1548.67	123.682
404	1539.14	129.656
405	939.863	77.6378
406	913.743	84.87
407	1088.66	96.1795
408	1092.47	84.1723
409	941.152	83.51
410	951.975	79.8158
411	902.572	80.5532
412	871.724	74.7225
413	955.817	78.044
414	836.58	75.4252
415	1394.4	122.122
416	907.354	79.5862
417	865.66	79.1842
418	1054.87	101.837
419	419.130	36.8584
420	853.473	75.71
421	984.165	94.6054
422	939.91	76.0378
423	1085.16	92.8328
424	1172.01	106.056
425	938.405	77.3635
426	1281.54	111.989
427	1012.01	82.646
428	1025.51	98.9346
429	840.211	77.4369
430	1101.05	89.0082
431	1018.65	89.2502
432	1535.71	122.535
433	1528.24	131.399
434	1496.64	116.274
435	1513.65	120.254
436	1540.16	125.872
437	1514.08	124.413
438	1562.86	125.883
439	1511.03	133.421
440	1515.14	124.631
441	1528.82	133.27
442	1480.82	124.457
443	1505.25	114.488
444	1520.65	117.875
445	1513.61	117.908
446	1526.8	122.346
447	1565.29	140.908
448	1554.69	135.758
449	1531.9	126.183
450	1541.05	129.38
451	1534.35	119.709
452	1512.4	112.356
453	726.415	66.0864
454	998.93	83.1447
455	1293.87	109.467
456	1105.91	93.9938
457	943.292	75.4174
458	1032.91	104.236
459	829.547	79.1369
460	814.076	74.6581
461	1017.14	87.8456
462	1001.21	95.4421
463	1345.31	120.416
464	933.626	79.912
465	908.797	87.3248
466	948.129	76.8757
467	972.547	76.025
468	1285.18	120.609
469	939.404	75.9835
470	1135.31	102.543
471	428.01	77.1094
472	819.419	77.7899
473	1002.59	84.2251
474	1396.11	126.887
475	977.351	87.9063
476	1146.6	105.024
477	951.174	80.1623
478	1142.47	109.962
479	915.329	73.2308
480	1528.07	128.098
481	1529.68	116.372
482	1512.09	114.347
483	1485.24	122.717
484	1518.67	126.057
485	1525.47	124.264
486	1545.14	123.989
487	1527.87	120.079
488	1537.1	118.728
489	1542.77	127.124
490	1517.86	122.779
491	1489.35	116.751
492	1536.37	119.289
493	1531.85	117.292
494	1596.41	130.04
495	1556.41	133.846
496	1512.86	112.507
497	1538.47	135.593
498	1529.26	130.251
499	1521.22	121.842
500	1533.8	114.508
501	914.018	76.7474
502	1052.97	88.7546
503	1168.2	106.167
504	1204.21	98.0254
505	823.899	75.4748
506	517.22	49.6547
507	1057.4	90.7152
508	1020.65	91.7239
509	1253.09	108.319
510	1118.91	106.195
511	1026.45	92.4271
512	871.173	81.8983
513	1366.28	116.208
514	772.883	72.2373
515	1140.12	95.8066
516	949.62	86.0802
517	1090.79	93.9097
518	1052.12	92.0711
519	518.435	113.688
520	443.189	69.1027
521	1326.15	115.44
522	1052.7	83.9575
523	1045.86	87.2563
524	1076.73	90.1419
525	1174.69	100.983
526	1152.18	93.7995
527	1074.39	94.0037
528	1589.65	132.499
529	1622.75	142.969
530	1173.16	100.719
531	1206.66	100.599
532	1525.01	119.201
533	1511.74	115.849
534	1526.48	127.377
535	1541.52	124.851
536	1510.75	119.222
537	1550.59	131.998
538	1547.31	131.427
539	1519.89	126.378
540	1563.7	125.938
541	1535.64	126.292
542	1517.82	132.48
543	1539	120.799
544	1521.21	124.196
545	1535.28	127.144
546	1522.42	111.967
547	1531.2	131.117
548	1531.07	121.159
549	1296.19	113.789
550	979.912	92.4471
551	1066.38	101.611
552	920.257	83.6922
553	493.096	26.1431
554	832.273	78.1923
555	940.984	83.2848
556	970.16	89.126
557	822.368	76.8062
558	1541.76	139.126
559	821.061	68.0828
560	870.78	72.5517
561	862.686	78.5061
562	761.898	71.8709
563	976.77	93.9735
564	900.58	73.7595
565	1189.54	94.4
566	979.356	93.766
567	943.025	81.3812
568	1070.15	91.4635
569	1403.71	117.841
570	777.269	75.5981
571	1141.45	96.8027
572	1126.93	90.277
573	889.009	80.9457
574	1287.84	109.239
575	1046.39	95.0142
576	1540.42	115.774
577	1558.96	145.098
578	1520.05	124.535
579	1508.94	113.597
580	1521.9	113.682
581	1519.65	117.164
582	1522.55	116.889
583	1522.15	114.599
584	1560.25	127.665
585	1529.8	120.175
586	1513.27	111.705
587	1496.65	112.435
588	1513.24	132.802
589	1543.84	112.148
590	1530.82	118.222
591	1545.43	136.987
592	1538.63	117.991
593	1526.79	114.342
594	1532.92	122.875
595	1515.33	121.899
596	1501.13	107.693
597	1043.64	96.9684
598	1105.9	94.4059
599	1244.86	107.424
600	1506.44	125.684
601	869.058	75.8447
602	1176.02	105.412
603	1151.87	101.168
604	1088.76	113.64
605	836.34	74.7795
606	976.025	93.3054
607	681.81	63.1503
608	798.002	85.6422
609	812.499	70.6278
610	1097.65	98.9329
611	899.04	73.7693
612	840.131	73.1531
613	1228.54	106.252
614	1089.42	95.1252
615	948.977	81.5389
616	1051.02	90.8807
617	954.031	84.9214
618	941.296	77.3648
619	858.703	76.8591
620	1054.35	89.8025
621	1086.86	87.1632
622	1175.49	112.553
623	1087.32	94.3134
624	1539.29	112.777
625	1512.97	110.04
626	1526.45	110.159
627	1513.7	121.196
628	1534.62	121.625
629	1526.29	110.454
630	1489.29	117.761
631	1560.67	129.025
632	1539.29	138.214
633	1514.45	108.237
634	1517.37	120.773
635	1544.66	131.15
636	1618.19	120.257
637	1486.47	124.037
638	1552.04	122.491
639	1529.49	123.435
640	1521.79	111.75
641	1496.12	118.964
642	1509.86	131.453
643	1533.34	122.253
644	1159.18	96.9699
645	986.116	84.0501
646	876.936	90.0237
647	768.293	75.7807
648	1227.21	110.672
649	861.851	79.8305
650	1433.46	118.315
651	1094.08	101.351
652	865.344	84.4286
653	856.946	72.7201
654	1109.1	96.0168
655	1095.38	87.638
656	869.515	82.1904
657	949.047	86.6894
658	1168.73	108.4
659	1131.71	98.1514
660	947.303	78.3292
661	1089.82	94.3906
662	1151.95	97.6871
663	1058.95	88.7688
664	1359.76	115.901
665	1324.79	109.024
666	937.534	84.1247
667	1061.47	94.2953
668	1174.48	107.093
669	888.817	80.7802
670	1056.71	98.7209
671	1581.5	139.169
672	1528.91	114.544
673	1531.58	113.814
674	1518.45	120.217
675	1517.31	111.084
676	1537.37	119.505
677	1569.78	120.867
678	1535.37	120.661
679	1510.55	106.274
680	1566.17	141.378
681	1528.31	122.336
682	1554.73	129.739
683	1537.72	119.85
684	1523.44	128.183
685	1527.55	133.271
686	1521.47	122.767
687	1563.72	132.695
688	1538.4	125.151
689	1536.19	127.164
690	1597.18	126.026
691	1564.83	121.383
692	1515.44	114.239
693	1031.38	91.1732
694	1335.82	127.965
695	1220.46	118.219
696	1087.75	95.2761
697	963.624	90.293
698	1049.83	91.816
699	1151.79	114.448
700	1445.85	142.39
701	967.717	95.5296
702	869.092	87.8179
703	1134.57	99.9823
704	1105.82	101.558
705	1020.63	104.247
706	1510.56	114.191
707	1050.14	96.8429
708	1251.8	106.527
709	962.304	88.3274
710	1172.17	113.716
711	1141.54	100.776
712	1089.03	97.2232
713	1107.69	93.4038
714	1149.47	102.005
715	1088.1	92.3586
716	1159	111.045
717	1180.27	104.919
718	1136.85	96.6743
719	860.617	79.0623
720	1469.04	119.489
721	1555.19	134.419
722	1535.68	122.439
723	1489.4	122.369
724	1498.19	125.229
725	1508.7	125.903
726	1536.98	128.996
727	1522.05	131.88
728	1529.93	127.643
729	1547.35	143.103
730	1494.4	132.138
731	1516.68	115.736
732	1535.9	124.771
733	1518.91	115.632
734	1560.44	136.044
735	1542.65	127.432
736	1555.17	134.886
737	1538.79	122.418
738	1517.45	135.91
739	1518.29	132.565
740	1544.69	118.552
741	953.139	83.772
742	1049.08	92.0591
743	1056.55	102.758
744	1241.61	107.297
745	832.369	72.6877
746	667.982	60.9539
747	959.206	81.2755
748	1269.85	115.439
749	1130.26	93.6359
750	1291.01	128.123
751	950.648	91.2304
752	899.311	74.553
753	1217.94	112.791
754	1348.4	113.891
755	948.732	78.3242
756	832.108	87.1075
757	905.095	81.8252
758	914.053	86.2482
759	1223.96	108.443
760	1216.36	119.639
761	1007.83	82.5958
762	1193.92	115.793
763	1063.34	103.712
764	970.373	81.1812
765	782.807	86.8691
766	1222.74	109.375
767	907.867	84.3254
768	1505.7	112.527
769	1529.41	116.745
770	1514.75	109.342
771	1622.9	132.663
772	1529.5	124.735
773	1565.46	121.722
774	1555.91	115.066
775	1520.99	121.507
776	1503.71	110.775
777	1528.84	115.17
778	1526.12	130.08
779	1587.98	134.351
780	1641.33	141.395
781	1512.96	112.931
782	1531.66	123.692
783	1533.22	124.992
784	1518.16	126.233
785	1517.55	130.683
786	1574.73	116.962
787	1478.92	109.852
788	1536.71	133.434
789	1180.99	106.03
790	1297.73	128.63
791	1024.18	93.7859
792	1480.41	130.872
793	816.188	77.1557
794	902.892	88.4266
795	1322.24	114.263
796	1284.93	112.003
797	979.388	89.9815
798	953.687	98.1673
799	1119.06	108.56
800	1020.71	87.6596
801	1060.57	102.453
802	868.737	87.9839
803	1141.82	105.06
804	1637.84	158.133
805	817.241	75.3495
806	1197.54	100.464
807	1084.32	93.878
808	1300.45	106.896
809	1234.84	102.583
810	978.065	90.5175
811	914.92	87.3645
812	1018.91	88.2055
813	1397.88	134.605
814	1600.52	150.297
815	966.041	88.3378
816	1563.07	130.071
817	1563.17	141.081
818	1521.52	132.279
819	1571.59	120.77
820	1523.67	114.577
821	1538.43	125.927
822	1548.07	136.766
823	1509.11	113.113
824	1505.74	116.994
825	1516.14	109.973
826	1584.57	131.605
827	1521.22	121.052
828	1527.85	117.456
829	1545.2	130.71
830	1528.81	127.23
831	1522.28	111.723
832	1517.29	123.592
833	1517.18	117.882
834	1609.97	134.008
835	1547.24	131.582
836	1546.21	131.266
837	1050.21	80.5502
838	1141.38	101.715
839	1044.23	87.4164
840	854.958	81.3943
841	1432.95	129.631
842	1058.71	103.153
843	1139.52	92.7366
844	1021.91	98.5129
845	959.103	90.6909
846	1239.85	108.505
847	871.614	79.4151
848	1159.98	107.825
849	1013.98	87.6631
850	1013	93.383
851	1223.43	118.127
852	1534.19	125.272
853	895.645	75.6189
854	945.085	81.4611
855	983.665	91.6831
856	872.139	76.0711
857	983.312	92.0558
858	1136	90.5471
859	834.838	87.3842
860	1165.11	109.635
861	962.895	96.4649
862	1156.58	106.921
863	1239.1	105.673
864	1522.88	132.282
865	1536.16	120.691
866	1539.98	132.416
867	1532.04	118.015
868	1510.7	116.346
869	1515.12	111.553
870	1525.64	124.438
871	1515.72	124.614
872	1504.47	111.963
873	1605.72	165.204
874	1546.07	131.331
875	1489.19	114.814
876	1537.12	125.124
877	1526.67	127.339
878	1553.55	124.735
879	1540.42	131.838
880	1556.46	137.35
881	1014.66	82.9216
882	1532.72	122.683
883	1523.92	118.014
884	1552.46	126.889
885	1164.05	140.23
886	856.569	84.931
887	952.987	81.4119
888	921.131	88.0718
889	782.27	81.1087
890	880.16	97.1167
891	1200.06	102.064
892	755.829	81.7022
893	1289.34	106.306
894	666.702	59.2723
895	871.864	86.2004
896	1013.23	91.4264
897	1112.27	107.703
898	718.795	70.1515
899	1047.87	85.2359
900	967.588	84.8126
901	764.095	69.5236
902	1149.27	101.554
903	1010.97	93.7072
904	785.205	68.8406
905	946.499	76.3
906	767.078	76.4194
907	1204.72	118.868
908	960.594	85.3603
909	1243.72	106.084
910	1119.99	103.572
911	1059.78	92.1239
912	1518.49	124.831
913	1519.71	119.567
914	1505.9	111.368
915	1526.63	121.918
916	1510.74	107.624
917	1575.71	118.233
918	1542.94	126.485
919	1490.68	130.932
920	1553.5	133.194
921	1520.25	123.77
922	1527.89	128.6
923	1449.22	114.24
924	1562.2	129.093
925	1607.87	155.825
926	1516.23	130.917
927	1494.35	122.327
928	1498.68	134.815
929	1513.63	120.626
930	1536.61	135.094
931	1530.07	118.277
932	1565.08	164.38
933	584.055	67.1373
934	579.424	53.758
935	1422.26	162.521
936	960.778	84.4515
937	788.353	76.4445
938	1535.17	117.785
939	781.573	72.3244
940	626.014	62.0442
941	582.295	56.7027
942	1051.07	99.2313
943	771.487	71.7796
944	1256.04	114.839
945	1073.07	96.5219
946	1006.11	87.6931
947	981.038	91.8968
948	1375.08	130.957
949	910.537	77.3842
950	1246.71	104.462
951	1058.89	101.026
952	1001.13	87.0658
953	1091.44	95.2374
954	1503.19	135.404
955	1079.46	98.6331
956	1131.72	85.181
957	1170.11	107.195
958	983.422	88.3467
959	465.438	88.3824
960	1509.13	122.61
961	1652.65	131.808
962	1544.11	131.734
963	1498.68	119.106
964	1528.88	124.386
965	1542.75	128.682
966	1554.2	139.253
967	1516.17	108.833
968	1524.64	113.366
969	1552.75	127.443
970	1530.26	124.541
971	1513.85	136.028
972	1517.1	119.158
973	1535.32	123.805
974	1442.27	112.722
975	1549.66	123.64
976	1548.07	128.721
977	1555.89	127.286
978	1519.22	111.352
979	1510.21	118.405
980	1523.6	114.076
981	939.848	78.499
982	1292.43	118.92
983	758.558	66.7787
984	1089.88	104.93
985	770.826	72.8202
986	1047.17	93.2048
987	1010.82	93.788
988	1031.7	93.4388
989	916.403	83.396
990	1272.63	126.707
991	949.716	77.1287
992	1094.31	94.7267
993	1275.2	100.298
994	1149.84	94.2695
995	756.446	69.1439
996	1005.22	87.7103
997	967.926	86.1824
998	1132.78	95.1231
999	969.786	84.326
1000	1516.48	120.012
1001	1531.95	123.538
1002	1516.89	106.515
1003	1498.51	111.928
1004	1558.67	122.94
1005	1542.66	113.543
1006	1531.87	122.973
1007	1510.18	117.508
1008	1537.53	129.065
1009	1484.9	132.395
1010	1544.71	127.097
1011	1530.9	122.675
1012	1520.33	120.422
1013	1533.89	136.888
1014	1560.02	148.642
1015	1558.01	139.367
1016	1563.66	148.029
1017	1532.35	121.449
1018	1561.23	137.446
1019	1656.36	132.754
1020	1528.54	128.943
1021	1016.59	86.0468
1022	1004.44	84.2685
1023	1620.27	139.99
1024	1247.91	120.307
1025	1214.03	105.863
1026	1102.71	97.0842
1027	1194.62	104.401
1028	1246.47	108.781
1029	1026.64	101.167
1030	1192.98	102.352
1031	1061.51	94.8579
1032	1076.76	88.4049
1033	1007.55	88.1789
1034	1549.15	142.461
1035	1129.37	96.6516
1036	869.369	79.4244
1037	1122.4	97.5955
1038	1208.88	109.493
1039	942.108	82.2892
1040	1509.53	106.755
1041	1521.99	112.197
1042	1579.08	125.786
1043	1546.47	131.876
1044	1567.78	131.144
1045	1538.86	129.685
1046	1513.68	119.61
1047	1510.93	119.01
1048	1996.27	163.616
1049	1540.94	122.947
1050	1512.94	115.834
1051	1528.99	124.536
1052	1492.28	122.266
1053	1708.97	145.316
1054	1541.62	129.829
1055	1750.53	161.755
1056	1515.55	109.668
1057	1530.57	123.619
1058	1543.16	144.676
1059	1626.72	133.487
1060	1528.48	125.752
1061	785.261	77.4022
1062	978.009	102.66
1063	1063.68	99.2975
1064	849.922	91.5294
1065	955.107	82.1134
1066	935.871	77.0489
1067	1237.89	108.713
1068	1047.46	95.2643
1069	1149.92	118.706
1070	1061.57	105.658
1071	1199.97	104.212
1072	1166.49	113.83
1073	1010.51	98.7902
1074	833.009	94.7771
1075	1153.11	102.821
1076	1115.19	92.8637
1077	1015.56	80.8222
1078	887.001	77.7647
1079	1126.03	90.4523
1080	1755.41	141.174
1081	1527.51	128.592
1082	1570.64	137.327
1083	1527.98	108.284
1084	1524.38	120.574
1085	1505.22	114.104
1086	1514.02	113.616
1087	1508.41	116.959
1088	1542	129.555
1089	1510.06	113.711
1090	1532.3	120.338
1091	1537.17	123.523
1092	1529.76	120.358
1093	1504.51	116.011
1094	1517.13	114.855
1095	1510.96	127.909
1096	1514.98	126.474
1097	1533.34	126.322
1098	1554.03	129.836
1099	1535.18	132.873
1100	786.507	81.1166
1101	628.438	62.4901
1102	951.078	87.451
1103	1506.91	122.377
1104	1058.05	93.1071
1105	1140.17	100.941
1106	1393.47	124.348
1107	985.458	104.774
1108	1467.36	140.666
1109	1517.51	132.889
1110	1170.81	111.623
1111	1176.18	119.34
1112	721.139	67.0581
1113	989.339	92.7457
1114	710.061	62.003
1115	1243.78	119.225
1116	764.413	68.3323
1117	896.128	75.707
1118	1014.52	94.7898
1119	914.155	80.873
1120	1508.06	114.901
1121	1518.06	111.766
1122	1496.8	118.299
1123	1516.14	115.155
1124	1523.84	126.749
1125	1471.65	108.509
1126	1541.64	123.113
1127	1538.91	136.517
1128	1539.28	128.844
1129	1524.81	116.294
1130	1589.31	136.147
1131	1523.26	116.185
1132	1516.99	116.63
1133	1519.88	124.223
1134	1517.22	120.839
1135	1506.64	120.434
1136	1530.21	118.725
1137	1482.43	119.374
1138	1578.43	133.337
1139	1521.56	111.293
1140	879.228	85.3029
1141	1355.2	125.218
1142	978.273	90.0466
1143	1153.8	114.914
1144	676.897	67.3969
1145	1138.47	109.304
1146	777.347	72.3786
1147	1721.07	132.345
1148	888.389	77.0623
1149	954.155	84.0302
1150	996.808	92.7865
1151	857.538	74.1647
1152	948.152	83.3439
1153	1024.15	105.954
1154	1147.63	99.3488
1155	1160.11	102.886
1156	1093.75	92.5957
1157	1403.63	121.252
1158	1057.06	87.4185
1159	1133.87	97.3449
1160	1525.29	122.056
1161	1497.69	110.403
1162	1523.82	118.615
1163	1536.52	115.29
1164	1506.58	115.497
1165	1490.02	122.989
1166	1510.24	112.926
1167	1521.11	124.522
1168	1534.81	114.207
1169	1512.44	125.756
1170	1539.9	125.91
1171	1625.74	128.81
1172	1528.87	119.951
1173	1524.73	124.9
1174	1514.26	116.624
1175	1544.73	114.298
1176	1610.56	136.477
1177	1400.2	125.151
1178	1558.85	135.314
1179	1496.96	108.399
1180	1522.45	127.694
1181	958.991	82.5522
1182	1674.96	153.929
1183	894.753	84.3846
1184	1024.63	86.6088
1185	977.01	104.703
1186	1249.81	113.104
1187	956.487	84.5725
1188	989.906	88.0145
1189	983.85	96.1745
1190	1699.71	134.664
1191	701.932	56.1922
1192	1172.28	107.999
1193	1195.64	101.17
1194	1162.25	110.073
1195	947.242	74.7283
1196	1094.52	94.305
1197	815.309	80.0251
1198	951.128	83.4924
1199	827.797	73.395
1200	1499.85	114.748
1201	1516.88	123.79
1202	1534.14	133.159
1203	1507.78	118.266
1204	1528.03	119.491
1205	1522.99	124.301
1206	1504.2	120.459
1207	1543.48	134.334
1208	1506.82	117.017
1209	1546.06	127.7
1210	1504.78	126.575
1211	1530.55	117.354
1212	1545.33	126.663
1213	1546.32	119.097
1214	1535.63	168.543
1215	1532.7	117.923
1216	1715.76	188.533
1217	1540.53	154.886
1218	1488.12	117.973
1219	1536.97	121.991
1220	1513.52	128.386
1221	1341.28	121.598
1222	1332.91	122.151
1223	1097.99	99.4736
1224	1407.2	126.348
1225	787.559	79.6091
1226	1135.04	98.6405
1227	1522.27	121.438
1228	1062.71	104.284
1229	1028.88	100.691
1230	1165.01	107.723
1231	1065.71	87.9411
1232	1010.88	90.7462
1233	861.25	78.4866
1234	935.604	74.4042
1235	1094.53	87.3346
1236	1293.76	107.74
1237	947.34	84.0913
1238	846.553	78.8493
1239	857.024	75.548
1240	1497.33	115.957
1241	1521.84	118.239
1242	1551.47	118.59
1243	1474.12	124.668
1244	1538.64	129.123
1245	1535.19	128.334
1246	1521	116.041
1247	1530.26	127.909
1248	1533.5	132.354
1249	1936.28	154.049
1250	1512.43	121.829
1251	1602.14	155.019
1252	1550.39	118.235
1253	1519.8	121.42
1254	1483.72	123.67
1255	1521.89	116.192
1256	1518.41	116.156
1257	1514.9	109.076
1258	1514.15	129.559
1259	1520.47	127.145
1260	831.027	84.3459
1261	1023.14	99.0917
1262	853.707	71.8652
1263	780.92	80.1287
1264	1054.18	94.8403
1265	808.83	80.6247
1266	1022.07	94.9791
1267	1637.51	136.071
1268	985.949	83.8762
1269	1151.29	97.798
1270	885.236	86.7743
1271	1140.81	98.4681
1272	1100.1	98.6894
1273	921.368	76.359
1274	976.505	86.197
1275	826.732	80.9151
1276	748.184	62.0967
1277	770.94	62.7957
1278	940.933	78.7165
1279	796.305	71.9695
1280	1546.07	117.16
1281	1520.53	126.147
1282	1519.4	115.401
1283	1534.03	123.917
1284	1544.62	123.203
1285	1509.25	108.259
1286	1786.49	150.282
1287	1525.49	123.506
1288	1531.85	128.151
1289	1208.85	112.218
1290	1534.16	119.517
1291	1538.93	121.215
1292	1504.32	117.862
1293	1542.93	134.649
1294	1530.7	131.915
1295	1497.42	119.606
1296	1533.77	122.967
1297	1540.57	150.548
1298	1523.93	127.088
1299	1546.7	126.339
1300	1542.88	121.221
1301	1606.39	147.703
1302	1469.53	119.539
1303	1485.64	112.463
1304	1539.75	124.822
1305	1528.28	130.773
1306	1547.86	132.125
1307	1564.14	130.87
1308	869.174	78.7956
1309	1547.34	133.568
1310	1400.41	128.034
1311	906.37	82.7721
1312	1020.18	110.971
1313	1086.4	89.3733
1314	908.802	78.0267
1315	858.277	79.4201
1316	888.335	71.3472
1317	979.312	80.3585
1318	973.582	86.0508
1319	989.093	94.7911
1320	701.144	58.0816
1321	939.049	85.2448
1322	824.784	85.2003
1323	683.688	67.5365
1324	901.672	72.9179
1325	809.479	70.5902
1326	1518.64	110.314
1327	781.2	68.5187
1328	1516.35	119.857
1329	1518.49	112.081
1330	1518.22	111.254
1331	1518.81	111.761
1332	1581.51	123.886
1333	1512.43	113.737
1334	1529.97	119.691
1335	1526.02	124.273
1336	1520.45	134.77
1337	1548.72	139.572
1338	1538	118.284
1339	1535.02	117.683
1340	1530.76	133.65
1341	1532.18	127.009
1342	1493.94	110.811
1343	1527.88	124.68
1344	1524.34	122.292
1345	1492.61	113.938
1346	1520.82	125.436
1347	1524.61	116.153
1348	1484.86	110.69
1349	1539.52	128.933
1350	1507.72	116.602
1351	1475.3	116.34
1352	1513.33	113.613
1353	1558.72	124.268
1354	1531.93	127.476
1355	1482.86	111.555
1356	822.104	82.192
1357	746.283	78.5675
1358	855.709	67.8179
1359	706.95	68.8082
1360	859.187	79.7931
1361	769.024	76.0133
1362	999.906	85.9079
1363	1205.13	107.831
1364	852.426	81.0943
1365	719.648	69.4661
1366	969.975	86.3698
1367	687.236	67.5995
1368	772.087	65.8032
1369	578.694	53.7823
1370	982.029	84.4045
1371	1103.35	102.206
1372	985.622	84.3788
1373	1085.5	93.4493
1374	1069.99	92.3664
1375	762.45	66.4391
1376	1551.55	124.017
1377	1527.19	118.764
1378	1533.36	123.898
1379	1522.54	117.45
1380	1522.14	120.969
1381	1529.84	126.265
1382	1540.2	118.178
1383	1543.44	124.272
1384	1557.72	126.867
1385	1500.71	119.783
1386	1523.55	122.579
1387	1526.71	125.186
1388	1542.55	128.214
1389	1540.4	125.302
1390	1550.78	125.701
1391	1525.76	123.065
1392	1517.14	116.601
1393	1385.83	108.82
1394	1518.32	114.723
1395	1531.86	119.948
1396	1499.43	116.288
1397	1505.23	120.16
1398	1582.7	131.046
1399	1503.68	115.705
1400	1536.8	124.561
1401	1509.99	118.205
1402	1485.48	120.248
1403	1519.35	117.166
1404	774.395	68.2964
1405	1072.92	106.483
1406	935.694	77.4537
1407	771.602	68.6942
1408	984.547	97.3824
1409	861.233	77.4939
1410	1277.71	107.298
1411	1234.33	129.677
1412	932.806	83.8701
1413	874.449	84.8992
1414	832.751	78.3486
1415	925.67	86.724
1416	756.393	66.5723
1417	783.1	72.4618
1418	1041.68	88.6261
1419	907.477	79.3384
1420	1070.6	126.723
1421	943.171	81.8124
1422	1226.46	117.811
1423	908.094	74.893
1424	1517.72	122.457
1425	1514.89	107.267
1426	1562.71	136.196
1427	1513.67	122.523
1428	1535.62	117.298
1429	1465.92	117.745
1430	1609.63	130.664
1431	1499.53	122.348
1432	1522.26	121.972
1433	1522.11	126.221
1434	1499.28	119.816
1435	1511.97	123.232
1436	1518.16	124.478
1437	1602.01	135.972
1438	1529.85	116.448
1439	1504.47	114.629
1440	1553	129.762
1441	1599.4	134.388
1442	1533.94	121.232
1443	1592.06	139.922
1444	1523.23	121.75
1445	1514.8	117.365
1446	1533.17	125.961
1447	1548.08	119.894
1448	1556.2	127.138
1449	1567.92	130.944
1450	1536.58	119.504
1451	1535.04	126.265
1452	1501.03	115.941
1453	922.772	87.1193
1454	837.372	84.656
1455	1098.36	95.8877
1456	782.224	76.4949
1457	1260.54	102.765
1458	954.09	86.2173
1459	713.327	67.1706
1460	1222.23	118.884
1461	862.786	70.0351
1462	905.236	76.9419
1463	583.388	57.2065
1464	808.649	70.7748
1465	1533.18	130.379
1466	864.796	77.9567
1467	911.406	79.5303
1468	863.063	73.5483
1469	967.34	84.0627
1470	1059.96	87.7336
1471	743.611	64.703
1472	1499.79	112.302
1473	1532.26	125.899
1474	1527.04	113.143
1475	1493.62	109.053
1476	1600.36	132.724
1477	1496.31	115.702
1478	1529.7	119.95
1479	1510.29	114.129
1480	1511.56	117.997
1481	1583.02	148.855
1482	1552.57	128.059
1483	1514.55	121.327
1484	1505.73	106.096
1485	1510.16	113.956
1486	1500.18	133.015
1487	1509.86	110.429
1488	1972.54	159.799
1489	1575.19	128.906
1490	1523.76	127.929
1491	1481.59	112.228
1492	1520.8	120.813
1493	1495.91	123.486
1494	1528.52	114.258
1495	1547.18	119.558
1496	1546.47	134.3
1497	1524.29	117.576
1498	1140.7	89.3451
1499	1546.97	120.675
1500	1179.74	111.689
1501	885.835	77.3469
1502	1157.34	92.2981
1503	1003.25	86.1926
1504	1723.15	154.241
1505	1336.97	115.628
1506	1143.33	98.8701
1507	834.787	78.2803
1508	1246.54	103.421
1509	973.493	80.4017
1510	1549	120.079
1511	1062.76	98.5005
1512	980.593	97.4696
1513	951.264	87.1047
1514	1046.07	88.7823
1515	1066.16	99.5484
1516	898.549	74.6389
1517	1010.5	87.4759
1518	1002.96	90.6089
1519	921.515	80.9301
1520	1500.99	117.557
1521	1519.87	123.604
1522	1538.12	115.44
1523	1525.94	131.378
1524	914.958	81.6365
1525	1514.5	124.94
1526	1521.75	114.989
1527	1535.95	115.006
1528	1483.12	123.101
1529	1512.3	107.692
1530	1527	128.711
1531	1488.93	123.411
1532	1257.53	104.743
1533	1707.92	141.244
1534	1464.87	124.085
1535	1528.54	114.229
1536	1513.31	126.608
1537	1506.66	116.803
1538	1536.56	121.81
1539	1494.34	121.219
1540	1575.67	125.984
1541	1510.34	125.959
1542	1527.4	121.672
1543	1524.23	119.657
1544	1535.71	120.019
1545	1528.1	125.121
1546	1487.51	122.668
1547	1556.62	118.164
1548	1334.35	122.004
1549	1158.97	101.642
1550	1226.46	109.289
1551	1024.19	88.8932
1552	1217.77	106.778
1553	1137.14	95.2335
1554	1176.11	104.437
1555	1147.15	103.282
1556	1050.88	89.7078
1557	845.309	69.1591
1558	1064.52	88.8687
1559	1166.11	103.087
1560	1081.93	94.3145
1561	1260.43	98.9885
1562	989.013	94.3618
1563	1088.05	87.9912
1564	982.538	91.0776
1565	907.019	72.5122
1566	937.338	69.9344
1567	1106.11	98.5153
1568	1536.87	111.823
1569	1581.08	128.532
1570	1535.6	130.111
1571	1517.02	114.517
1572	1557.89	118.735
1573	1510.51	117.467
1574	1533.14	125.488
1575	1512.99	118.546
1576	1494.58	115.862
1577	1548.64	124.472
1578	1526.89	113.508
1579	1539.16	116.876
1580	1784.81	147.221
1581	1384.94	122.305
1582	1547.58	132.234
1583	1534.74	117.135
1584	1568.85	126.821
1585	1508.16	108.789
1586	1485.53	126.888
1587	1516.02	116.729
1588	1528.39	120.676
1589	1508.09	113.526
1590	1514.47	111.827
1591	1515.75	118.757
1592	1534.86	127.383
1593	1535.02	124.176
1594	1528.31	119.668
1595	1489.65	122.71
1596	1173.23	106.502
1597	1153.43	92.2487
1598	1091.04	86.6562
1599	1342.75	107.905
1600	960.275	87.1827
1601	1014.89	81.167
1602	1535.18	130.081
1603	1040.86	96.2396
1604	1025.67	87.6648
1605	1250.04	109.6
1606	1134.7	102.667
1607	1164.38	98.4445
1608	1021.26	90.989
1609	975.223	81.0632
1610	1001.76	90.3819
1611	1054.31	98.8743
1612	1524.52	113.763
1613	1051.25	84.5387
1614	997.365	78.0392
1615	1032	95.3658
1616	1549.38	109.035
1617	1526.68	137.272
1618	1517.68	112.879
1619	1516.36	115.189
1620	1599.9	135.723
1621	1543.54	131.039
1622	1514.85	104.398
1623	1541.49	120.794
1624	1522.95	117.189
1625	1553.42	119.65
1626	1532.98	122.772
1627	1558.7	134.664
1628	1520.95	121.005
1629	1517.08	121.487
1630	1515.92	111.929
1631	1209.42	105.099
1632	1508.19	119.157
1633	1537.87	118.232
1634	1543.04	114.603
1635	1516.26	114.807
1636	1531.33	130.78
1637	1581.16	117.408
1638	1456.52	119.575
1639	1519.35	121.046
1640	1547.82	126.82
1641	1509.01	113.966
1642	1597.35	140.864
1643	1527.36	116.976
1644	1044.08	89.947
1645	917.254	74.0354
1646	1094.98	92.2445
1647	1385.52	147.61
1648	1128.91	92.1599
1649	865.379	72.8372
1650	1158.3	97.8996
1651	952.958	83.1574
1652	1113.22	99.9336
1653	1498.66	109.392
1654	1137.33	91.8545
1655	781.227	73.9857
1656	1015.58	100.218
1657	1118.75	87.5013
1658	1054.5	93.8676
1659	1171.95	109.158
1660	1179.64	99.3238
1661	857.588	79.4953
1662	1218.41	111.331
1663	1011.46	88.8148
1664	1440.98	113.379
1665	1542.43	116.051
1666	1525.07	113.83
1667	1529.6	118.771
1668	1514.02	114.851
1669	1528.25	115.69
1670	1525.63	113.518
1671	1522.02	122.065
1672	1549.67	133.822
1673	1540.15	119.526
1674	1527.11	111.328
1675	1517.27	115.751
1676	1549.08	116.415
1677	1522.14	120.131
1678	1543.54	128.46
1679	1519.72	119.304
1680	1518.93	123.082
1681	1547.33	130.902
1682	1534.23	110.035
1683	1785.42	153.228
1684	1316.83	104.905
1685	1617.16	117.776
1686	1820.56	135.432
1687	1442.14	107.748
1688	310.794	18.7753
1689	1525.94	110.345
1690	1537.75	136.464
1691	1503.45	118.65
1692	1207.41	107.007
1693	1142.68	103.841
1694	1230.97	93.7608
1695	1211.11	108.041
1696	1056.76	93.2012
1697	1141.19	93.6748
1698	1016.89	91.7894
1699	859.201	73.2976
1700	1083.88	84.6319
1701	1147.07	90.0688
1702	968.592	84.3916
1703	1016.99	88.1162
1704	1065.43	97.8124
1705	1035.41	88.2232
1706	926.665	73.7009
1707	1252.74	109.587
1708	1356.7	115.494
1709	1138.99	85.0972
1710	1057.09	105.754
1711	1512.58	118.469
1712	1636.22	117.586
1713	1531.15	114.146
1714	1552.38	121.797
1715	1588.24	116.83
1716	1530.31	119.237
1717	1522.79	120.597
1718	1530.07	130.4
1719	1513.97	109.603
1720	1496.68	119.363
1721	1527.02	120.249
1722	1607.18	123.464
1723	1495.44	118.747
1724	1516.81	112.752
1725	1501.47	107.794
1726	1533.34	122.064
1727	1544.58	122.691
1728	1514.77	116.632
1729	1530.91	118.211
1730	1505.72	118.312
1731	1506.93	115.308
1732	1403.51	114.742
1733	1925.54	140.694
1734	1632.51	133.533
1735	1183.66	100.437
1736	1521.29	121.3
1737	1516.71	115.663
1738	1524.3	114.366
1739	1532.55	118.513
1740	971.991	87.446
1741	1058.56	86.168
1742	1471.68	116.87
1743	1150.46	96.7047
1744	942.329	77.6375
1745	863.232	71.6742
1746	788.093	72.6114
1747	956.231	80.1675
1748	1045.34	83.0492
1749	920.193	80.9889
1750	1213.69	108.414
1751	932.604	71.1492
1752	1007.91	90.8646
1753	858.562	72.5543
1754	1093.34	96.754
1755	705.247	61.0051
1756	935.896	68.1053
1757	766.7	69.2422
1758	1122.78	87.0318
1759	853.181	72.5294
1760	1557.81	126.709
1761	1519.62	114.76
1762	1526.39	110.393
1763	1484.44	113.705
1764	1512.98	117.455
1765	1642.27	137.868
1766	1490.19	110.298
1767	1515.81	117.963
1768	1511.99	114.523
1769	1515.78	112.655
1770	1515.08	116.73
1771	1551.35	124.096
1772	1528.81	118.773
1773	1543.95	125.737
1774	1526.09	116.095
1775	1528.07	116.335
1776	1522.92	118.949
1777	1532.09	131.592
1778	1512.01	112.128
1779	1532.76	128.348
1780	1517.12	116.664
1781	1371.03	117.737
1782	1505.78	117.804
1783	1666.37	124.627
1784	2387.48	179.739
1785	1546.77	123.555
1786	1515.73	115.55
1787	1491.72	117.534
1788	967.73	87.6523
1789	1152.66	97.3581
1790	428.695	61.184
1791	1133.04	88.9249
1792	984.368	89.9537
1793	1211.98	94.4017
1794	848.078	70.9803
1795	979.013	95.4216
1796	1142.12	103.55
1797	1081.33	87.166
1798	1222.24	121.545
1799	441.624	66.3213
1800	881.286	77.9294
1801	1004.48	85.7813
1802	1030.27	89.9949
1803	1018.59	84.3367
1804	1022.46	85.3947
1805	959.578	85.2653
1806	1037.05	79.8293
1807	970.727	82.5314
1808	1542.75	129.843
1809	1519.05	115.542
1810	1551.44	123.152
1811	1523.38	115.344
1812	1541.91	117.543
1813	1505.78	108.833
1814	1499.26	111.184
1815	1474.29	115.783
1816	1526.28	125.074
1817	1554.75	127.179
1818	1548.9	124.369
1819	1538.17	128.006
1820	1474.56	117.981
1821	1528.08	115.241
1822	1515	109.306
1823	1559.39	124.453
1824	1542.61	128.925
1825	1472.1	106.103
1826	1528.88	126.139
1827	1539.24	122.804
1828	1480.98	117.553
1829	1766.59	138.875
1830	1588.17	127.464
1831	1330.03	103.436
1832	1540.75	112.328
1833	1510.28	120.957
1834	1503.4	106.386
1835	1511.38	118.975
1836	1062.36	94.3747
1837	1003.83	89.2994
1838	952.38	76.2336
1839	969.104	80.4929
1840	959.61	87.4716
1841	962.259	83.4555
1842	1087.9	89.7695
1843	949.017	82.1637
1844	1263.38	114.074
1845	961.867	89.148
1846	1146.32	93.2738
1847	826.67	80.4562
1848	1140.32	117.193
1849	1025.1	87.8873
1850	1426.97	127.758
1851	966.373	74.0604
1852	1150.5	98.8212
1853	1113.71	112.012
1854	1094.35	85.4707
1855	1063.09	87.0095
1856	1529.86	114.114
1857	1516.26	105.555
1858	1529.08	105.711
1859	1507.01	108.038
1860	1546.61	117.742
1861	1526.78	126.854
1862	1537.12	126.31
1863	1552.31	127.772
1864	1539.96	129.002
1865	1515.89	121.015
1866	1520.22	112.115
1867	1519.51	117.745
1868	1531.61	118.941
1869	1529.56	122.505
1870	1505.03	108.483
1871	1526.37	111.623
1872	1541.42	121.144
1873	1509.56	111.815
1874	1533.37	115.375
1875	1538.58	115.979
1876	1531.86	118.383
1877	1373.14	105.242
1878	1535.15	118.804
1879	1938.72	153.331
1880	1549.14	140.218
1881	1515.32	109.835
1882	1515.75	116.241
1883	1533.4	121.113
1884	1539.77	142.747
1885	954.617	76.6273
1886	962.548	82.7686
1887	1018.62	93.2602
1888	955.287	79.4831
1889	814.244	69.739
1890	860.606	76.0951
1891	897.988	74.2766
1892	830.413	74.8831
1893	912.143	78.9901
1894	955.279	84.5746
1895	815.579	71.3044
1896	1015.28	86.5109
1897	860.812	78.9311
1898	428.615	84.2856
1899	378.243	42.9984
1900	820.229	72.6908
1901	1059.33	91.7194
1902	972.858	84.0781
1903	1536.13	111.915
1904	1512.92	124.61
1905	1514.16	113.774
1906	1562	117.207
1907	1525.25	123.144
1908	1496.82	114.423
1909	1516.85	115.95
1910	1510.86	102.431
1911	1528.37	128.913
1912	1532.65	123.981
1913	1500.5	115.058
1914	1543.15	110.48
1915	1502.81	111.186
1916	1605.19	141.061
1917	1500.09	108.741
1918	1509.22	115.533
1919	1539.11	127.707
1920	1518.74	115.091
1921	1529.24	118.791
1922	1482	115.137
1923	1534.25	113.307
1924	1426.79	109.694
1925	1453.81	124.33
1926	1549.39	120.422
1927	1372.74	114.616
1928	1542.41	127.681
1929	1519.04	112.057
1930	1507.15	119.894
1931	1586.61	118.028
1932	788.612	74.7274
1933	855.587	75.3487
1934	1090.6	95.6186
1935	788.805	76.9553
1936	902.028	82.8958
1937	902.475	73.052
1938	945.081	82.2009
1939	786.889	73.5119
1940	1519.36	119.416
1941	1325.67	113.571
1942	1360.12	128.987
1943	737.422	57.7736
1944	1227	115.935
1945	1043.52	87.0443
1946	785.424	71.2791
1947	974.97	83.4746
1948	1133.29	94.7838
1949	852.45	70.5835
1950	1013.38	88.3023
1951	850.671	75.4337
1952	1540.67	121.314
1953	1540.35	120.982
1954	1539.66	114.347
1955	1624.54	132.51
1956	1522.22	113.28
1957	1526.96	117.183
1958	1540.95	116.7
1959	1501.56	111.513
1960	1533.74	130.949
1961	1523.96	120.439
1962	1505.71	111.655
1963	1520.92	116.242
1964	1715.33	161.175
1965	1517.32	115.332
1966	1503.58	119.501
1967	1545.14	116.671
1968	1699.7	132.726
1969	1532.76	120.683
1970	1530.99	126.47
1971	1528.4	124.753
1972	1536.62	123.164
1973	1529.63	120.609
1974	1466.83	154.013
1975	1509	116.708
1976	1542.74	122.022
1977	1546.67	121.21
1978	1536	122.158
1979	1519	107.798
1980	908.25	71.6019
1981	1010.98	92.4119
1982	1142.39	94.0267
1983	1147.83	92.8862
1984	946.188	80.4223
1985	876.184	73.6639
1986	1526.59	115.454
1987	1504.88	108.016
1988	866.189	78.3128
1989	863.938	72.5227
1990	852.466	71.2269
1991	870.519	73.7507
1992	1249.97	105.325
1993	933.578	72.3859
1994	870.138	77.356
1995	973.416	84.0529
1996	1093.26	95.1569
1997	1142.11	97.9576
1998	863.286	68.7228
1999	775.988	67.3761
2000	1543.74	128.145
2001	1526.8	104.037
2002	1533.55	118.466
2003	1560.87	120.379
2004	1540.37	124.937
2005	1540.89	118.907
2006	1500.59	113.248
2007	1511.59	125.226
2008	1575.23	115.985
2009	1525.02	122.8
2010	1572.41	120.102
2011	1513.68	112.413
2012	1508	108.348
2013	1584.34	129.336
2014	1512.71	122.286
2015	1525.81	125.657
2016	1535.55	121.383
2017	1547.92	117.819
2018	1506.33	112.136
2019	1546.19	115.029
2020	1547.09	126.129
2021	1519.52	111.834
2022	1489.23	121.639
2023	1529.05	116.068
2024	1534.91	112.291
2025	1527.41	125.131
2026	1549.27	127.541
2027	1622.69	134.82
2028	940.253	81.9829
2029	1022.34	104.909
2030	868.351	76.804
2031	1005.39	87.9876
2032	980.693	91.4371
2033	1086.25	81.3918
2034	946.208	74.8936
2035	1296.21	113.243
2036	951.471	86.7927
2037	1011.07	90.7902
2038	1003.17	89.7441
2039	772.292	70.5905
2040	1336.18	123.791
2041	812.626	76.5304
2042	1014.99	94.9617
2043	963.324	83.2542
2044	1324.2	114.06
2045	1103.72	99.921
2046	1369.32	125.25
2047	852.158	75.7979
2048	1546.33	120.219
2049	1554.9	122.204
2050	1511.01	121.448
2051	1511.4	101.071
2052	1551.27	119.386
2053	1525.77	116.85
2054	1544.82	122.055
2055	1538.36	114.163
2056	1505.16	110.123
2057	1498.99	115.149
2058	1579.22	114.672
2059	1527.95	119.413
2060	1636.93	133.74
2061	1530.61	109.045
2062	1556	127.266
2063	1555.84	127.13
2064	1510.62	109.757
2065	1514.05	116.793
2066	1518.04	112.383
2067	1549.88	118.835
2068	1531.61	119.301
2069	1538.34	122.121
2070	1483.32	110.755
2071	1429.27	105.527
2072	1635.86	129.062
2073	1533.96	120.337
2074	1535.82	125.545
2075	1579.94	123.309
2076	897.935	77.1958
2077	858.256	76.6034
2078	915.294	84.1169
2079	1199.59	98.3331
2080	983.24	95.7613
2081	1353.47	111.611
2082	1102.59	95.9709
2083	912.172	85.1779
2084	987.302	98.6393
2085	681.57	64.6929
2086	874.569	75.6159
2087	847.683	73.0811
2088	771.971	64.7209
2089	853.101	74.8142
2090	1092.48	91.7111
2091	1018.48	90.8434
2092	957.859	78.303
2093	911.648	79.4527
2094	858.91	68.9905
2095	715.018	63.9398
2096	1541.37	121.052
2097	1528.01	123.139
2098	1577.7	114.291
2099	1541.39	117.72
2100	1551.95	123.788
2101	1583.43	126.846
2102	1527.1	111.257
2103	1541.05	105.788
2104	1541.97	120.68
2105	1561.05	117.748
2106	1538.89	133.888
2107	1513.34	123.346
2108	1514.44	112.934
2109	1546.25	123.132
2110	1538.3	123.741
2111	1546.87	117.18
2112	1521.6	120.693
2113	365.48	71.2223
2114	1550.52	127.896
2115	1596.08	143.908
2116	1519.69	120.381
2117	1523.87	115.212
2118	1594.59	133.166
2119	1608.73	130.272
2120	1491.01	108.463
2121	1542.61	118.641
2122	1570.4	118.543
2123	1530.08	122.648
2124	1133.26	96.1862
2125	1137.45	99.9385
2126	967.24	86.6762
2127	1154.19	101.875
2128	680.127	61.9081
2129	1006.63	85.3114
2130	987.231	89.72
2131	949.464	80.7973
2132	958.094	90.0778
2133	916.708	83.0656
2134	874.862	79.6794
2135	967.205	85.4021
2136	1159.6	93.4818
2137	1087.59	93.2821
2138	1091.48	93.7654
2139	2797.81	239.12
2140	1049.62	92.9805
2141	1253.02	112.262
2142	1218.52	124.844
2143	942.844	77.3861
2144	1544.15	153.078
2145	1518.93	110.76
2146	1577.59	123.731
2147	1534.55	117.303
2148	1534.94	119.288
2149	1518.06	110.036
2150	1527.58	115.839
2151	1511.43	117.356
2152	1531.05	123.439
2153	1628.4	135.711
2154	1538.21	111.848
2155	1530.89	122.024
2156	1513.68	117.691
2157	1521.77	109.609
2158	1527.78	122.216
2159	1549.84	127.81
2160	1527.59	116.812
2161	1547.89	131.485
2162	1549.1	117.653
2163	1540.34	115.605
2164	1543.27	113.316
2165	1546.95	126.002
2166	1541.31	124.295
2167	1435.81	120.081
2168	1518.39	115.368
2169	1724.3	143.404
2170	1521.21	131.314
2171	1559.44	129.84
2172	1456.87	145.065
2173	1051.82	89.178
2174	625.841	60.7195
2175	898.203	75.552
2176	998.767	82.8359
2177	1183.11	105.6
2178	776.664	71.0292
2179	781.271	72.7024
2180	939.566	77.0435
2181	962.963	87.9484
2182	1132.5	93.5561
2183	965.498	85.759
2184	1199.02	104.303
2185	1054.22	88.9323
2186	1534.47	135.903
2187	918.049	77.9431
2188	1011.84	91.8206
2189	628.677	60.1006
2190	1502.88	115.655
2191	755.607	60.443
2192	1572.62	117.593
2193	1568.17	127.997
2194	1547.84	124.437
2195	1569.39	123.964
2196	1493.21	110.806
2197	1563.49	125.305
2198	1548.36	135.893
2199	1547.28	113.984
2200	2245.81	172.354
2201	1529.55	126.208
2202	1508.33	105.108
2203	1555.55	136.202
2204	1517.28	114.505
2205	1544.51	112.962
2206	1535.8	118.938
2207	1542.11	117.354
2208	1523.93	110.124
2209	1535.48	122.707
2210	1537.1	111.857
2211	1565.76	113.638
2212	1518.35	115.334
2213	1547.3	125.555
2214	1537.67	118.029
2215	1602.04	136.34
2216	1587.81	127.128
2217	1531.29	117.785
2218	1523.97	114.988
2219	1545.81	123.428
2220	1123.93	108.198
2221	589.067	54.8777
2222	1508.12	110.37
2223	1541.28	119.777
2224	904.453	77.5627
2225	957.36	80.8718
2226	705.546	61.1117
2227	1156.11	96.3389
2228	782.466	71.1487
2229	1254.97	103.998
2230	941.173	77.694
2231	864.814	80.6436
2232	1186.26	106.754
2233	1189.42	107.652
2234	1012.36	90.1674
2235	1035.95	88.924
2236	815.685	79.1593
2237	1004.11	81.9017
2238	947.429	80.4164
2239	755.074	60.5829
2360	1540.17	109.105
2361	1438.14	101.893
2362	1586.9	117.461
2363	1193.82	89.3836
2364	1496.7	107.041
2365	1546.95	108.808
2366	1538.76	113.057
2367	1208.21	88.7707
2368	1287.06	106.926
2369	1189.04	87.9609
2370	1545.44	121.95
2371	1538.87	113.091
2372	1532.81	112.264
2373	1571.84	115.699
2374	1456.39	101.898
2375	1250.76	94.4985
2376	1297.19	96.3821
2377	1220.88	88.6707
2378	1488.46	111.437
2379	1517.17	106.309
2380	1523.09	111.679
2381	1547.74	116.68
2382	1186.16	87.5906
2383	1199.96	96.1217
2384	1146.77	85.1248
2385	1199.78	83.6284
2386	1505.73	104.185
2387	1527.46	107.941
2388	1530.46	121.498
2389	1505.57	107.433
2390	1553.22	118.215
2391	1266.8	91.0656
2392	1379.37	105.997
2393	1201.05	83.5351
2394	1349.81	104.608
2395	1179.97	82.7731
2396	1538.56	109.782
2397	1680.26	115.997
2398	1479.68	104.841
2399	1540.4	105.046
2400	1523.92	115.722
2401	1187.09	91.6472
2402	1200.96	89.9277
2403	1189.6	88.712
2404	1262.37	99.4732
2405	1392.71	98.7983
2406	1526.01	99.8862
2407	1547.75	117.533
2408	1519.48	113.321
2409	1508.69	111.924
2410	1552.19	123.918
2411	1516.17	115.023
2412	1288.57	100.605
2413	1181.46	93.706
2414	1604	117.029
2415	1582.32	113.714
2416	1189.65	96.7853
2417	1717.46	120.161
2418	1511.08	105.466
2419	1534.72	118.675
2420	1512.45	106.691
2421	1538.63	122.834
2422	1909.14	144.666
2423	1515.02	115.693
2424	1313.62	97.8186
2425	1303.5	91.4495
2426	1344.31	103.853
2427	1289.86	99.5343
2428	1899.73	130.426
2429	1769.59	127.632
2430	1514.89	118.369
2431	1541.16	115.308
2432	1530.61	113.758
2433	1511	110.6
2434	1702.85	131.757
2435	1386.97	92.2115
2436	1204.68	90.3422
2437	1463.07	115.46
2438	1160.85	88.4436
2439	1176.9	84.4011
2440	1455.85	104.039
2441	1196.63	84.7179
2442	1542.01	111.829
2443	1505.74	118.272
2444	1526.87	108.382
2445	1528.27	118.256
2446	1549.16	109.732
2447	1536.57	110.91
2448	1171.61	87.4665
2449	1222.86	95.7585
2450	1187.99	89.5622
2451	1179.02	86.4056
2452	1396.97	103.36
2453	1182.49	77.2577
2454	1513.24	108.365
2455	1500.0	10.0
2456	1644.78	110.067
2457	1668.67	125.691
2458	1507.83	118.308
2459	1518.4	108.665
2460	1183.27	93.7297
2461	1178.41	92.0742
2462	1160.72	87.5741
2463	1197.97	85.8617
2464	1157.19	87.7532
2465	1215.82	82.4068
2466	1501.1	114.073
2467	1523.03	116.723
2468	1546.43	108.205
2469	1527.28	108.275
2470	1555.97	117.322
2471	1517.35	111.441
2472	1569.02	120.352
2473	1557.83	124.586
2474	1848.43	139.487
2475	1360.61	99.9504
2476	1363.31	96.5734
2477	1165.71	91.035
2478	1567.85	106.568
2479	1513.1	112.952
2480	1528.21	107.598
2481	1523.09	105.298
2482	1527.84	113.452
2483	1514.83	115.544
2484	1190.44	90.1935
2485	1149.52	85.9339
2486	1183.61	81.1166
2487	1459.72	105.377
2488	1239.85	82.8191
2489	1197.73	83.292
2490	1521.33	118.545
2491	1530.24	113.526
2492	1511.23	106.397
2493	1562.27	116.175
2494	1521.3	119.856
2495	1516.12	112.44
2496	1183.14	91.4554
2497	1188.15	91.418
2498	1243.37	90.4932
2499	1188.41	93.3003
2500	1574.54	117.172
2501	1369.7	99.1801
2502	1505.55	104.198
2503	1557.36	118.961
2504	1512.71	118.146
2505	1465.93	100.823
2506	1545.49	124.065
2507	1506.57	117.132
2508	1138.94	78.7294
2509	1212.68	91.9313
2510	1179.38	89.0761
2511	1156.46	84.2131
2512	1206.45	88.2232
2513	1164.58	82.9192
2514	1523.59	99.908
2515	1532.72	108.07
2516	1518.37	100.517
2517	1514.57	109.996
2518	1540.75	112.227
2519	1559.39	117.841
2520	1185.26	84.7838
2521	1307.74	99.715
2522	1405.32	101.772
2523	1189.29	87.5442
2524	1348.36	95.2553
2525	1139.96	83.7551
2526	1297.61	89.2755
2527	1514.44	113.832
2528	1536.77	111.262
2529	1516.87	109.755
2530	1533.15	119.333
2531	1510.77	110.491
2532	1165.02	92.2684
2533	1179.93	83.7522
2534	1156.49	85.7131
2535	1124.53	75.7175
2536	1172.48	88.6062
2537	1216.75	85.8228
2538	1503.27	115.074
2539	1576.56	118.521
2540	1753.71	130.695
2541	1514.86	104.916
2542	1545.72	117.41
2543	1536.44	116.945
2544	1201.91	90.0838
2545	1265.54	98.4855
2546	1137.23	83.2648
2547	1380.67	100.264
2548	1171.31	83.4844
2549	1282.61	90.9256
2550	1319.07	97.7922
2551	1565.52	113.809
2552	1542.72	117.469
2553	1517.02	108.817
2554	1522.01	113.638
2555	1133.25	89.7568
2556	1391.48	104.23
2557	1182.5	86.2762
2558	1501.79	110.149
2559	1529.16	107.034
2560	1528.73	101.117
2561	1504.91	112.488
2562	1524.43	106.191
2563	1656.33	122.649
2564	1528.93	107.707
2565	1146.47	86.9343
2566	1154.03	81.9806
2567	1713.2	125.709
2568	1173.6	79.662
2569	1621.39	121.631
2570	1541.57	109.086
2571	1572.72	109.861
2572	1538.14	100.557
2573	1529.58	117.459
2574	1167.12	86.3545
2575	1210.74	88.6396
2576	1181.07	87.4168
2577	1205.72	84.5568
2578	1563.39	122.225
2579	1534.57	107.031
2580	1669.84	115.663
2581	1596.95	124.584
2582	1596.74	120.46
2583	1316.81	92.6827
2584	1194.48	87.405
2585	1190.49	83.6729
2586	1518.67	120.048
2587	1522.15	113.749
2588	1538.51	124.217
2589	1174.01	83.2146
2590	1159.45	82.9671
2591	1162.66	80.3139
2592	1545.76	110.611
2593	1572.88	123.759
2594	1387.76	105.424
2595	1214.29	88.2692
