32
0 9999.000000 9999.000000
1 9999.000000 9999.000000
2 9999.000000 9999.000000
3 9999.000000 9999.000000
4 9999.000000 9999.000000
5 9999.000000 9999.000000
6 9999.000000 9999.000000
7 9999.000000 9999.000000
8 9999.000000 9999.000000
9 9999.000000 9999.000000
10 9999.000000 9999.000000
11 9999.000000 9999.000000
12 9999.000000 9999.000000
13 9999.000000 9999.000000
14 9999.000000 9999.000000
15 9999.000000 9999.000000
16 9999.000000 9999.000000
17 9999.000000 9999.000000
18 9999.000000 9999.000000
19 9999.000000 9999.000000
20 9999.000000 9999.000000
21 9999.000000 9999.000000
22 9999.000000 9999.000000
23 9999.000000 9999.000000
24 9999.000000 9999.000000
25 9999.000000 9999.000000
26 9999.000000 9999.000000
27 9999.000000 9999.000000
28 9999.000000 9999.000000
29 9999.000000 9999.000000
30 9999.000000 9999.000000
31 9999.000000 9999.000000
