0	1176.46	143.831
1	1131.18	108.059
2	1910.41	172.142
3	1191.54	122.023
4	1516.75	183.599
5	1215.01	140.089
6	409.88	63.8807
7	1362.18	126.402
8	1208.96	122.121
9	795.37	83.2958
10	1225.46	163.686
11	747.833	192.684
12	1287.23	158.889
13	1651.94	195.712
14	1383.7	158.515
15	1227.16	157.416
16	1609.76	158.372
17	1371.8	179.587
18	1014.26	155.14
19	1441.37	154.808
20	1664.31	151.51
21	1178.66	140.873
22	1061.87	94.8201
23	907.54	115.785
24	815.016	90.2876
25	1290.49	147.674
26	1064.82	151.755
27	907.328	113.717
28	1312.5	144.208
29	1081.68	127.384
30	1030.41	122.672
31	930.502	106.643
32	1225	140.385
33	1026.92	98.25
34	1260.47	162.142
35	1196.53	141.198
36	796.581	110.09
37	1142.36	150.886
38	1003.18	117.786
39	960.11	99.3267
40	965.851	95.1777
41	932.741	98.05
42	1114.62	147.455
43	878.362	89.3419
44	808.218	109.265
45	775.521	66.023
46	744.337	121.768
47	2015.16	193.533
48	1149.57	94.1788
49	1211.3	128.469
50	981.282	80.7819
51	1318.43	140.892
52	1232.42	125.813
53	1432.17	154.387
54	1788.32	209.818
55	1148.09	163.935
56	1195.31	129.207
57	1408.21	170.943
58	1265.83	178.61
59	1735.46	163.042
60	1312.05	110.077
61	1552.42	155.394
62	1205.93	133.6
63	1356.92	157.021
64	1231.88	129.443
65	1549.13	185.644
66	1436.78	154.867
67	1469.51	149.353
68	1185.4	107.87
69	1076.82	109.738
70	1035.43	120.785
71	946.728	113.771
72	640.603	71.5474
73	1023.34	115.064
74	1017.32	127.572
75	1140.36	120.116
76	960.329	82.7679
77	1296.8	166.612
78	1403.65	215.914
79	787.335	92.7656
80	960.689	99.4832
81	784.524	104.686
82	993.075	113.402
83	1226.59	179.415
84	912.293	124.503
85	1118.47	175.343
86	1041.26	114.08
87	1182.67	119.618
88	794.379	88.1611
89	967.883	125.259
90	1054.33	136.65
91	1011.45	125.809
92	815.562	81.3767
93	1071.65	130.398
94	1013.81	128.772
95	1272.58	207.182
96	1359.8	148.458
97	1694.69	168.573
98	1751.68	149.579
99	1414.47	141.099
100	1143.98	125.922
101	1257.5	141.784
102	1161.36	98.8505
103	1675.88	202.746
104	1076.08	101.521
105	1037.9	108.797
106	1499.34	196.524
107	1924.67	219.222
108	1491.83	168.743
109	1105.2	98.632
110	1149.41	93.1474
111	2120.71	187.931
112	1386.65	166.633
113	1277.93	185.185
114	1169.79	117.496
115	1325.73	138.812
116	1239.25	160.043
117	981.273	96.3486
118	1594.46	191.694
119	1032.56	122.75
120	933.766	104.991
121	1028.6	137.509
122	1449.43	135.328
123	1269.93	159.57
124	923.367	114.378
125	1032.92	147.51
126	1029.62	129.267
127	855.268	107.836
128	1048.87	106.01
129	668.029	64.6946
130	1088.11	109.476
131	863.119	110.639
132	793.875	82.1968
133	855.874	103.901
134	1056.62	207.392
135	2289.2	250.691
136	1208.4	126.902
137	1035.32	132.516
138	909.236	115.528
139	861.063	80.6339
140	1078.05	100.838
141	1230.93	159.89
142	1252.24	216.86
143	965.651	95.8964
144	1349.78	162.164
145	1224.33	139.292
146	1296.16	116.909
147	1545.98	153.612
148	1191.88	118.306
149	1564.58	177.701
150	1484.45	129.488
151	1213.93	157.017
152	1070.96	101.645
153	1656.58	138.386
154	1747.93	195.785
155	1332.73	138.526
156	1461.42	144.249
157	1599.48	176.541
158	2027.85	162.309
159	1429.68	168.877
160	1914.02	187.99
161	1750.96	180.779
162	1179.22	124.121
163	1181.86	135.458
164	1463.91	148.128
165	907.832	89.9072
166	958.278	153.217
167	786.932	84.2633
168	954.166	130.231
169	996.751	110.931
170	1093.98	98.5902
171	1348.06	148.042
172	1244.6	184.129
173	1612.44	204.859
174	1197.47	178.131
175	1245.56	236.351
176	905.592	104.808
177	898.687	110.911
178	1408.63	203.703
179	1078.4	93.136
180	883.636	97.6591
181	927.717	106.394
182	1101.02	115.588
183	1218.99	138.702
184	1203.01	123.834
185	714.485	108.685
186	1217.37	121.627
187	964.69	95.0048
188	1142.05	107.765
189	1079.12	97.9427
190	897.609	108.034
191	335.812	31.6224
192	1810.31	149.572
193	1175.34	100.909
194	1225.55	130.259
195	1196.53	125.772
196	1416.4	152.322
197	1236	128.685
198	1337.31	125.576
199	1416.99	118.352
200	1775.69	197.721
201	1335.92	129.698
202	1455.07	165.951
203	1325	131.832
204	1292.68	119.208
205	1378.79	170.463
206	1319.57	140.806
207	1389.07	156.358
208	1337.27	148.802
209	1343.84	196.007
210	1374.13	141.755
211	1277.01	134.437
212	2107.48	200.44
213	1471.02	171.522
214	993.496	99.9305
215	1090.28	190.576
216	918.376	128.5
217	871.809	95.8878
218	1163.94	124.875
219	1697.28	209.861
220	1247.37	131.394
221	991.765	92.8806
222	1088.68	120.141
223	995.702	126.778
224	1415.26	186.995
225	861.963	87.0559
226	809.902	93.9932
227	965.354	96.5493
228	971.876	96.6835
229	1221.53	141.392
230	825.09	88.6484
231	680.454	86.3079
232	858.553	97.911
233	862.037	114.821
234	1140	143.492
235	2104.61	296.055
236	846.562	121.359
237	797.948	87.0949
238	1257.67	162.481
239	959.972	118.278
240	1400.58	129.606
241	1181.64	98.405
242	1514.19	152.643
243	1381.89	146.472
244	1224.53	187.301
245	853.812	156.381
246	1330.07	110.3
247	1100.5	123.187
248	1657.54	153.665
249	1465.89	155.801
250	1699.83	172.797
251	1165.69	97.7881
252	1200.59	134.855
253	1098.57	100.735
254	1384.8	153.128
255	1272.35	138.685
256	1646.87	191.32
257	1155.74	113.899
258	1707.41	176.921
259	1121.68	113.258
260	2236.14	223.236
261	809.126	97.5706
262	1058.78	112.753
263	1430.85	167.702
264	1315.93	136.202
265	1138.39	103.56
266	808.648	96.1087
267	1082.79	103.5
268	1062.79	96.5454
269	992.553	109.401
270	859.387	124.404
271	774.207	80.813
272	1069.8	125.019
273	878.743	118.038
274	1277.19	190.597
275	1397.6	125.457
276	952.51	119.574
277	1075.95	134.624
278	904.641	108.022
279	789.788	103.444
280	1048.24	87.9369
281	1152.8	97.0236
282	753.822	75.3325
283	942.747	81.6288
284	928.238	99.6763
285	836.075	94.9638
286	1160.43	113.413
287	936.047	126.743
288	1391.16	144.438
289	1443.54	140.164
290	1654.43	157.447
291	1286.38	168.063
292	1058.39	95.0677
293	1174.1	106.399
294	954.302	73.5266
295	1388.44	130.241
296	1194.74	107.835
297	1232.39	123.305
298	1199.7	113.368
299	1520.58	163.435
300	915.299	93.5273
301	1456.79	130.632
302	1048.57	98.845
303	1016.09	104.329
304	1246.53	129.585
305	1241.3	143.37
306	1119.71	84.7506
307	1325.93	139.882
308	1159	103.506
309	1153.82	134.162
310	1017.12	128.766
311	1560.67	227.875
312	907.415	116.705
313	2424.94	276.913
314	938.081	90.1428
315	1007.62	127.243
316	985.292	117.593
317	3323.06	347.478
318	962.185	91.7796
319	806.834	75.9304
320	1189.97	107.183
321	996.637	124.664
322	1054.81	88.3491
323	999.38	99.1975
324	986.211	106.983
325	1365.78	216.099
326	994.495	142.7
327	891.798	132.465
328	978.221	126.68
329	1445.82	148.054
330	1111.67	132.61
331	966.96	145.819
332	1338.51	181.703
333	1392.76	129.959
334	842.582	100.001
335	871.032	128.863
336	1278.01	121.369
337	1245.69	128.015
338	1404.92	146.187
339	1711	136.333
340	1274.31	124.108
341	1460.34	156.965
342	1237.77	130.212
343	1527.5	147.01
344	1299.62	127.488
345	1551.72	170.114
346	1199.12	107.462
347	1256.9	141.938
348	1796.32	191.623
349	1303.65	129.75
350	1173.41	104.203
351	1206.46	129.89
352	1208.54	125.195
353	1346.55	162.972
354	1690.94	176.71
355	1304.64	122.265
356	1742.41	145.659
357	498.853	48.3547
358	1028.4	113.929
359	1249.41	167.024
360	1345.06	195.41
361	1047.9	105.768
362	1046.13	98.0988
363	4414.39	354.881
364	1326.98	146.421
365	1455.97	225.899
366	889.635	148.944
367	1189.75	175.609
368	1536.12	219.394
369	1024.64	145.973
370	987.145	96.1856
371	1159.58	135.8
372	1021.31	110.932
373	1039.64	112.741
374	828.074	100.766
375	3516.17	290.293
376	1345.43	128.376
377	1096.62	112.875
378	809.674	79.5056
379	1148.85	100.327
380	1448.64	153.847
381	1182.15	135.565
382	1065.34	99.9767
383	994.039	102.722
384	1294.52	141.573
385	1561.32	158.77
386	1599.01	138.783
387	1206.64	93.1438
388	1545.43	128.686
389	1486.87	150.723
390	1358.06	129.785
391	1306.4	140.617
392	1240.07	161.612
393	1340.18	137.569
394	1249.9	124.863
395	1279.73	129.113
396	1370.36	144.443
397	1418.52	145.845
398	1032.85	132.669
399	1330.34	152.142
400	1208.83	123.48
401	1386.98	134.567
402	1503.77	149.095
403	1070.29	97.1926
404	976.315	103.282
405	976.289	103.491
406	918.066	141.705
407	1095.98	127.086
408	1093.99	112.393
409	951.418	114.338
410	957.917	95.2865
411	917.409	118.666
412	865.675	115.313
413	920.885	102.894
414	821.771	107.488
415	1413.91	171.113
416	929.697	107.864
417	890.869	103.187
418	1073.02	102.208
419	373.973	45.5587
420	879.311	109.007
421	1003.27	117.267
422	922.896	118.458
423	1075.87	137.918
424	1194.26	160.992
425	933.164	109.104
426	1307.87	130.273
427	1009.53	149.423
428	1035.65	88.2558
429	869.197	85.2417
430	1081.73	126.966
431	1002.11	113.482
432	1144.5	91.2524
433	1517.46	169.806
434	1177.7	102.165
435	1346.26	140.295
436	1219.08	127.694
437	852.759	84.7145
438	1727.26	140.074
439	1441.96	164.91
440	1527.84	130.038
441	1664.59	165.731
442	1234.8	113.761
443	1544.51	133.485
444	1327.81	145.695
445	1304.08	143.197
446	1448.62	162.101
447	1189.96	124.959
448	1206.47	119.576
449	1103.65	121.712
450	1644	164.684
451	1202.7	109.688
452	1357.31	175.89
453	757.997	69.3475
454	1024.78	114.006
455	1290.81	137.804
456	1108.07	130.24
457	953.573	80.7641
458	1037.83	119.573
459	822.414	107.985
460	815.777	96.0466
461	1000.21	99.9335
462	1025.09	126.656
463	1289.15	143.807
464	931.851	105.41
465	892.965	139.154
466	973.498	106.046
467	964.011	108.997
468	1380.71	149.549
469	988.714	103.105
470	1096.44	202.263
471	388.473	54.6741
472	875.719	93.7152
473	989.837	107.267
474	1495.83	168.424
475	972.588	126.602
476	1073.22	149.882
477	927.901	95.58
478	1169.61	118.173
479	926.451	176.459
480	1454.41	125.539
481	1149.38	124.627
482	1495.85	133.537
483	1136.13	94.3121
484	968.371	101.997
485	1604.88	146.074
486	1345.16	118.003
487	1354.66	125.118
488	1306.92	130.148
489	1394.45	139.29
490	1636.33	177.914
491	1200.88	145.348
492	1287.11	123.326
493	1436.99	135.588
494	1811.02	190.249
495	1170.12	121.289
496	1327.78	148.197
497	1557.3	153.124
498	1355.36	157.793
499	1065.55	89.9465
500	1472.93	152.123
501	937.038	115.765
502	1092.23	121.505
503	1181.7	115.333
504	1243.49	140.367
505	844.748	104.164
506	509.434	67.2744
507	1099.25	115.949
508	1043.66	112.797
509	1264.44	168.663
510	1120.08	145.235
511	1032.19	134.428
512	869.55	118.138
513	1377.21	193.342
514	792.904	70.4435
515	1120.12	127.257
516	973.058	142.946
517	1152.3	128.977
518	1109.17	147.203
519	495.412	72.8833
520	485.238	48.1713
521	1309.52	152.663
522	1120.97	123.09
523	1093.37	121.89
524	1109.91	111.032
525	1192.19	149.523
526	1165.09	99.2873
527	1063.28	111.1
528	1351.41	114.599
529	1858.64	179.002
530	1251.65	126.301
531	1085.37	112.565
532	1422.26	122.015
533	1288.93	122.802
534	1321.04	134.961
535	1118.44	113.957
536	1228.14	118.101
537	1098.42	99.7943
538	1228.31	142.888
539	1178.18	114.42
540	1278.35	107.396
541	1276.89	153.892
542	695.827	194.867
543	1194.82	120.208
544	1411.91	151.718
545	1406.7	129.37
546	1465.49	131.234
547	1575.23	159.291
548	1171.07	115.104
549	1319.07	178.858
550	968.789	107.874
551	1042.01	120.273
552	945.991	136.654
553	389.69	73.9202
554	841.202	95.9206
555	927.395	94.3188
556	976.287	107.117
557	846.272	104.802
558	1716.36	224.167
559	854.19	145.461
560	886.319	100.095
561	846.058	100.533
562	776.306	79.5787
563	1026.43	120.15
564	915.554	114.786
565	1190.62	121.521
566	983.941	102.632
567	969.043	86.9673
568	1121.45	105.721
569	1433.64	203.134
570	839.148	93.4412
571	1178.4	153.576
572	1137.03	143.28
573	875.485	91.0168
574	1261.09	119.876
575	1077.44	123.998
576	1379.82	140.138
577	1671.73	160.065
578	1517.03	133.595
579	1256.72	102.459
580	1529.19	114.52
581	1350.5	126.428
582	1613.93	163.202
583	1488.82	165.525
584	1339.94	149.517
585	1215.96	130.037
586	1278.92	121.462
587	1381.65	149.148
588	1580.7	209.233
589	1538.16	126.676
590	1258.19	125.315
591	1008.67	103.109
592	1455.52	165.203
593	1318.06	129.208
594	1224.21	143.185
595	1147.51	104.714
596	1403.05	129.879
597	1099.22	148.362
598	1117.02	141.384
599	1293.69	237.797
600	3592.03	350.127
601	858.56	118.125
602	1185.8	119.981
603	1152.34	149.372
604	1068.72	205.89
605	866.631	142.895
606	977.591	119.393
607	704.586	88.4808
608	804.366	115.411
609	797.59	110.846
610	1120.75	132.935
611	896.493	97.9808
612	858.148	114.893
613	1295.02	227.186
614	1159.41	140.422
615	947.457	104.027
616	1111.78	167.59
617	964.019	91.8819
618	994.659	115.244
619	887.375	134.895
620	1075.52	94.4991
621	1083.2	107.857
622	1193.7	126.886
623	1094.64	169.87
624	1612.96	144.668
625	1282.38	119.111
626	1241.75	114.311
627	1297.92	133.471
628	1318.37	117.63
629	1317.14	118.861
630	1456.07	151.435
631	1387.38	176.2
632	1437.86	181.532
633	1219.17	116.951
634	1062.38	111.784
635	1277.12	126.468
636	1345.33	150.807
637	1485.23	136.551
638	1186.46	115.343
639	1364.83	138.28
640	1677.48	163.434
641	1378.68	135.538
642	1415.4	150.971
643	1348.39	141.934
644	1068.63	115.478
645	1011.04	125.358
646	820.447	126.862
647	737.067	132.809
648	1238.02	171.081
649	850.284	108.273
650	1427.22	185.362
651	1048.62	164.196
652	874.912	126.595
653	847.385	100.186
654	1141.82	122.993
655	1110.88	121.645
656	852.087	116.118
657	971.447	113.665
658	1200.46	113.041
659	1127.49	116.277
660	959.543	89.4858
661	1109.54	149.811
662	1191.51	147.967
663	1071.52	98.8498
664	1452.13	254.696
665	1351.24	162.444
666	942.278	122.827
667	1112.06	116.74
668	1199.49	124.874
669	947.75	98.6973
670	1072.9	110.658
671	1815.27	206.462
672	1315.76	122.347
673	1143.72	94.4523
674	1480.66	124.637
675	1558.99	144.682
676	1533.73	147.525
677	797.645	92.8223
678	1250.12	131.37
679	1286.53	114.16
680	1469.64	173.603
681	1545.31	167.701
682	1285.33	129.866
683	1407.68	163.487
684	1707.77	151.31
685	1645.05	189.788
686	1457.05	148.016
687	877.12	87.9619
688	1309.02	147.181
689	978.142	85.4605
690	1779.3	196.454
691	1179.23	130.459
692	1483.06	163.407
693	1036.46	152.784
694	1408.01	250.383
695	1304.79	279.595
696	1183.61	147.067
697	1023.21	110.68
698	1075.33	114.633
699	1174.23	145.33
700	1462.62	153.522
701	1021.29	130.768
702	856.239	152.635
703	1173.55	147.505
704	1121.02	161.729
705	1044.29	214.719
706	2364.19	243.241
707	1065.52	108.991
708	1248.85	148.215
709	973.749	101.055
710	1196.33	124.695
711	1157.69	119.973
712	1088.78	134.174
713	1137.16	98.2738
714	1177.08	123.861
715	1106.94	122.922
716	1195.3	148.608
717	1224.2	158.931
718	1183.06	118.099
719	855.518	102.958
720	1454.27	129.909
721	1337.88	115.646
722	1289.79	187.027
723	1456.94	149.279
724	1577.22	164.014
725	1220.16	144.399
726	1381.09	119.084
727	1389.88	128.708
728	1138.24	124.799
729	1436.5	161.314
730	1438.83	141.079
731	1552.63	144.767
732	1288.55	118.914
733	1288.42	114.94
734	1210.3	115.13
735	1354.55	134.815
736	1376.65	131.493
737	1305.57	133.372
738	1688.85	170.697
739	1338.67	125.415
740	1363.25	155.326
741	949.689	125.436
742	1064.93	111.115
743	1124.66	146.196
744	1256.78	152.812
745	854.658	104.728
746	676.713	94.2024
747	978.999	105.496
748	1327.57	168.459
749	1117.49	165.14
750	1330.56	143.877
751	936.627	143.836
752	921.996	117.003
753	1208.46	132.698
754	1398.93	173.848
755	912.775	136.103
756	850.107	108.033
757	940.427	151.046
758	956.173	160.6
759	1266.31	192.858
760	1230.28	175.897
761	1065.49	86.732
762	1217.38	144.559
763	1087.7	111.753
764	1026.94	138.637
765	800.336	110.925
766	1239.45	109.276
767	869.994	185.869
768	1438.17	153.672
769	1496.28	133.436
770	1585.29	122.911
771	1872.14	164.042
772	1442.15	116.973
773	1534.23	140.775
774	1276.27	186.024
775	1440.05	137.373
776	1442.64	116.985
777	1376.43	127.074
778	1413.4	143.343
779	1396.08	183.543
780	1406.47	173.252
781	1321.18	179.484
782	1259.74	123.698
783	1357.33	132.95
784	1469.19	136.171
785	1431.03	199.425
786	1755.46	153.368
787	1422.96	163.442
788	1557.82	189.934
789	1230.9	179.901
790	1328.87	205.412
791	1050.23	165.617
792	1488.44	143.598
793	805.799	107.852
794	899.24	109.047
795	1400.88	168.05
796	1244.81	152.735
797	1005.82	125.324
798	953.262	135.44
799	1092.44	128.706
800	1003.96	129.725
801	1125.98	125.985
802	916.46	117.589
803	1188.71	125.037
804	1557.38	260.341
805	785.152	107.317
806	1191.22	132.978
807	1140.5	93.7364
808	1255.31	128.5
809	1211.26	127.303
810	987.482	113.497
811	912.783	138.665
812	1032.69	120.418
813	1423.36	110.346
814	1708.06	214.556
815	973.282	98.8807
816	1212.21	111.698
817	1158.57	102.466
818	1522.48	163.092
819	1132.4	135.444
820	1403.36	134.015
821	1363.09	128.374
822	1342.92	148.171
823	1660.68	175.334
824	1599.93	166.574
825	1476.15	139.919
826	1376.59	139.892
827	1407.57	154.101
828	1313.17	136.797
829	995.914	91.683
830	1480.41	147.188
831	1129.1	118.464
832	1191.66	106.297
833	1201.94	108.465
834	1162.68	101.189
835	1243.24	165.05
836	1616.68	190.791
837	1089.3	142.369
838	1193.06	132.574
839	1066.59	164.685
840	883.94	81.0382
841	1461.13	196.093
842	1054.17	264.06
843	1156.9	95.8573
844	1081.42	115.324
845	1009.94	112.764
846	1275.66	160.236
847	815.79	129.276
848	1208.23	188.403
849	1044.91	97.5012
850	1044.69	145.641
851	1235.03	151.717
852	3133.23	304.201
853	900.164	129.133
854	921.167	134.022
855	972.52	151.746
856	900.288	90.3221
857	957.653	90.9658
858	1164.72	106.931
859	878.73	78.6012
860	1186.77	124.327
861	935.984	113.398
862	1184.12	116.938
863	1272.25	118.9
864	1294.5	114.528
865	1360.26	130.693
866	1474.01	132.805
867	1585.17	151.684
868	1270.65	104.926
869	1307.13	137.714
870	1286.37	115.887
871	1257.55	140.978
872	1269.69	124.82
873	1719.32	221.49
874	1211.77	128.114
875	1202.53	118.297
876	1636.11	147.368
877	1458.38	157.497
878	1328.22	141.263
879	1310.35	131.417
880	1455.04	156.967
881	600.534	69.5718
882	1399.66	115.923
883	1428.73	140.118
884	938.066	96.6042
885	1035.04	399.924
886	848.068	118.355
887	990.124	168.065
888	927.599	130.454
889	832.175	109.937
890	895.805	112.073
891	1246.42	168.73
892	777.896	79.6307
893	1290.71	177.617
894	676.388	66.639
895	883.64	129.189
896	1066.99	113.78
897	1143.11	91.7878
898	698.783	89.7796
899	1121.3	119.445
900	1002.81	122.906
901	724.502	121.969
902	1181.47	165.827
903	1073.33	108.178
904	822.964	104.068
905	973.994	113.762
906	769.291	94.5155
907	1154.92	208.772
908	979.253	96.5685
909	1250.48	137.647
910	1151.03	106.997
911	1103.99	109.355
912	1317.46	138.048
913	1457.65	140.106
914	1552.3	150.429
915	1478.61	140.736
916	1287.93	108.629
917	1368.78	146.88
918	1241.29	114.293
919	1258.71	137.741
920	1308.97	125.458
921	1170.92	115.063
922	1503.96	173.745
923	1498.85	141.129
924	1376.73	139.515
925	1356.76	187.497
926	1394.11	148.033
927	1281.71	124.979
928	1274.01	153.797
929	1547.87	174.394
930	1333.38	148.554
931	1148.32	95.8183
932	1620.2	312.502
933	590.992	72.7935
934	581.505	90.1809
935	1410.4	198.165
936	1054.75	253.248
937	817.442	100.687
938	2700.37	261.181
939	788.229	106.134
940	687.294	75.5963
941	604.424	66.2897
942	1083.5	147.909
943	788.495	98.6236
944	1337.89	174.512
945	1084.84	119.119
946	1003.71	108.954
947	976.634	106.582
948	1425.23	181.437
949	895.745	134.745
950	1263.27	167.595
951	1077.54	143.434
952	1020.6	128.322
953	1093.53	118.912
954	1463.95	136.327
955	1117.5	133.975
956	1175.73	115.235
957	1209.27	163.413
958	983.267	124.724
959	498.474	55.3813
960	1489.68	142.239
961	1816.4	152.106
962	1277.66	108.27
963	1235.6	133.933
964	1369.03	179.715
965	1681.88	178.062
966	1212.57	159.862
967	1309.1	129.523
968	1281.35	135.86
969	1611.03	176.094
970	1605.67	173.566
971	1536.03	124.368
972	1416.91	182.584
973	1346.9	159
974	1402.41	163.467
975	1636.06	167.901
976	1415.85	147.093
977	1178.41	153.906
978	1572.27	162.571
979	1451.22	142.465
980	3241.13	283.367
981	963.54	134.742
982	1287.23	184.812
983	769.666	72.7849
984	1077.23	150.183
985	796.308	100.994
986	1067.95	124.758
987	1041.42	164.947
988	1001.68	112.391
989	942.298	132.897
990	1352.02	164.838
991	963.317	130.374
992	1179.1	127.932
993	1289.49	155.819
994	1176.26	107.2
995	747.313	63.9858
996	1033.79	126.782
997	983.937	99.9525
998	1180.15	132.432
999	1008.12	136.73
1000	1372.76	147.173
1001	1282.45	129.882
1002	1516.56	208.812
1003	1325.08	115.793
1004	1299.04	127.817
1005	1353.37	130.978
1006	1431.58	148.631
1007	1625.19	131.526
1008	1416.19	177.588
1009	1286.65	154.863
1010	1561.46	180.229
1011	1240.96	127.976
1012	1343	120.779
1013	1454.7	178.93
1014	1425.76	165.176
1015	1422.86	155.041
1016	1495.28	197.112
1017	1563.58	137.578
1018	1626.08	169.247
1019	1870.01	177.952
1020	2681.78	254.2
1021	1020.94	123.292
1022	1027.59	114.991
1023	3346.22	270.973
1024	1214.55	164.277
1025	1204.62	117.458
1026	1146.11	99.366
1027	1183.18	114.519
1028	1290.74	158.333
1029	996.994	120.597
1030	1145.98	129.692
1031	1056.79	112.862
1032	1107.91	105.37
1033	1054.66	84.3221
1034	1617.52	191.815
1035	1141.77	97.1316
1036	864.372	81.7728
1037	1221.63	161.654
1038	1243.37	123.367
1039	960.361	105.397
1040	1433.49	127.851
1041	1148.8	114.634
1042	1739.21	161.609
1043	1467.77	154.803
1044	957.626	87.9149
1045	1189.99	130.911
1046	1264.53	100.174
1047	1516.24	153.479
1048	2275.33	166.262
1049	1375.16	140.064
1050	1496.97	135.097
1051	1226.81	115.058
1052	1300.84	131.899
1053	2010.25	181.358
1054	1276.31	149.163
1055	1989.68	200.369
1056	1400.4	133.733
1057	1287.2	134.708
1058	1644.76	219.423
1059	1891.14	221.509
1060	3175.38	275.383
1061	802.041	98.4045
1062	1009.73	148.871
1063	1167.91	128.444
1064	889.538	106.062
1065	984.684	121.715
1066	973.807	98.687
1067	1258.85	148.446
1068	1067.35	198.349
1069	1177.4	201.678
1070	1107.71	186.888
1071	1210.88	160.064
1072	1161.38	165.782
1073	1018.76	137.999
1074	843.801	99.9201
1075	1203.55	138.982
1076	1108.78	128.103
1077	1057.38	101.747
1078	903.278	90.6141
1079	1116.71	118.139
1080	2016.29	166.37
1081	1498.31	184.059
1082	1156.67	96.7596
1083	1174.32	112.587
1084	1415.11	133.525
1085	1305.78	131.118
1086	1239.5	151.621
1087	1403.47	147.507
1088	1142.17	102.127
1089	1066	92.8941
1090	1357.75	129.664
1091	1622.53	188.947
1092	1325.9	144.44
1093	1122.59	93.9274
1094	1199.05	114.496
1095	1501.09	192.871
1096	1419.02	147.551
1097	1103.17	108.71
1098	1298.41	145.029
1099	1153.98	104.53
1100	784.857	121.441
1101	624.903	97.0617
1102	982.973	134.978
1103	2797.4	277.588
1104	1072.18	119.958
1105	1115.53	165.883
1106	1347.3	179.028
1107	1023.21	123.252
1108	1490.66	157.487
1109	2381.12	195.917
1110	1150.79	141.972
1111	1043.69	243.845
1112	751.827	66.7468
1113	1054.63	97.7593
1114	755.927	62.7381
1115	1241.67	198.324
1116	795.441	100.186
1117	909.95	110.764
1118	1059.05	89.6559
1119	913.332	100.452
1120	1732.86	160.523
1121	1591.25	148.755
1122	1507.54	127.964
1123	1600.71	140.134
1124	1361.51	177.349
1125	1335.59	142.339
1126	1605.07	182.884
1127	1284.11	115.97
1128	1302.37	133.856
1129	1310.33	126.702
1130	1857.21	154.849
1131	1467.37	124.527
1132	1211.51	122.17
1133	1276.19	139.079
1134	1670.81	194.521
1135	1189.08	122.144
1136	1419.55	138.031
1137	1331.52	138.743
1138	1753.09	183.238
1139	1081.1	105.81
1140	888.154	79.8071
1141	1345.84	205.993
1142	1018.47	149.635
1143	1186.63	147.693
1144	701.413	87.2419
1145	1111.13	143.114
1146	798.508	82.4406
1147	1781.55	138.148
1148	914.616	116.358
1149	941.608	120.53
1150	1047.23	95.991
1151	905.262	102.551
1152	951.005	118.79
1153	1037.24	134.959
1154	1195.17	180.468
1155	1170.81	100.794
1156	1146.87	119.308
1157	1493.55	216.524
1158	1084.01	116.969
1159	1170.71	135.842
1160	1648.66	151.505
1161	1160.59	95.5014
1162	1194.01	104.724
1163	1356.52	113.531
1164	1216.06	141.73
1165	1259.5	126.737
1166	1343.86	126.989
1167	1414.89	151.226
1168	1194.09	114.276
1169	1222.82	124.903
1170	1341.08	169.763
1171	1017.29	90.4747
1172	1368.15	129.767
1173	1319.12	137.268
1174	1492.38	149.216
1175	1782.41	164.457
1176	1876.72	160.651
1177	1538.24	183.796
1178	1360.73	165.352
1179	1456.97	158.172
1180	2860.1	254.632
1181	995.143	106.289
1182	1712.8	251.36
1183	870.195	131.376
1184	1032.62	143.687
1185	1025.38	122.638
1186	1239.44	186.126
1187	979.47	99.3137
1188	1048.96	124.545
1189	1026.22	109.608
1190	2503.6	274.533
1191	678.544	79.5698
1192	1195.96	173.927
1193	1248.96	143.888
1194	1185.77	143.448
1195	989.892	106.235
1196	1149.21	144.917
1197	827.96	98.7168
1198	965.33	78.6558
1199	884.919	101.968
1200	1206.04	110.593
1201	1571.78	123.102
1202	1681.11	180.282
1203	1486.81	149.357
1204	1617.31	159.414
1205	1584.52	172.122
1206	1410.16	126.942
1207	1350.35	119.331
1208	1505.3	127.193
1209	1270.4	115.875
1210	1513.92	153.819
1211	1482.12	148.65
1212	1145.75	119.864
1213	1764.37	170.485
1214	1502.8	162.208
1215	1531.99	128.094
1216	1988.51	346.928
1217	1595.18	183.652
1218	1423.18	106.224
1219	1197.12	114.257
1220	2595.05	264.304
1221	1359.33	203.413
1222	1364.1	151.592
1223	1109.05	122.249
1224	1464.47	154.528
1225	805.696	95.6457
1226	1171.9	133.737
1227	2117.53	196.219
1228	1091.64	136.25
1229	1080.34	115.173
1230	1178.12	110.763
1231	1080.63	102.826
1232	1038.82	126.259
1233	934.751	88.8919
1234	924.151	103.541
1235	1136.2	146.085
1236	1339.08	160.047
1237	914.47	114.107
1238	870.533	81.3526
1239	874.288	113.238
1240	1584.21	133.173
1241	1212.22	106.086
1242	1356.26	119.495
1243	1192.83	111.542
1244	1383.5	117.856
1245	1095.8	87.7802
1246	1144.27	106.921
1247	1103.89	132.47
1248	1043.93	90.0966
1249	1786.78	158.87
1250	1288	137.523
1251	1470.07	134.951
1252	1384.29	150.146
1253	1478.03	148.586
1254	1305.09	147.233
1255	1347.28	108.295
1256	1446.93	121.672
1257	1573.35	158.298
1258	1625.84	181.887
1259	1592.79	155.575
1260	840.881	139.144
1261	973.77	157.138
1262	861.519	106.349
1263	815.037	88.9076
1264	1089.73	125.626
1265	878.062	90.7705
1266	1085.04	103.382
1267	1683.7	195.735
1268	1012.03	132.796
1269	1175.98	129.627
1270	929.656	121.167
1271	1194.58	148.43
1272	1102.8	133.446
1273	934.579	99.4246
1274	1007.58	116.896
1275	882.647	85.7162
1276	752.247	69.3208
1277	798.702	84.5936
1278	938.014	107.201
1279	850.19	100.417
1280	1562.17	134.362
1281	1483.85	171.038
1282	1647.66	132.067
1283	1322.9	111.156
1284	1321.7	117.369
1285	1578.14	170.807
1286	2016.15	222.761
1287	1616.88	163.902
1288	1560.88	132.121
1289	1424.12	180.907
1290	1469.2	116.601
1291	1544.26	177.802
1292	1549.15	137.31
1293	1420.68	149.029
1294	1312.1	164.345
1295	1681.57	168.149
1296	1244.92	138.67
1297	1681.62	168.024
1298	1240.34	142.12
1299	1243	110.205
1300	1292.74	146.733
1301	1279.28	125.364
1302	1613.49	161.045
1303	1305.38	115.584
1304	1305.39	205.335
1305	1450.55	185.764
1306	1108.45	159.267
1307	1292.45	144.52
1308	893.815	103.559
1309	1565.28	170.497
1310	1441.9	167.887
1311	875.665	126.319
1312	963.751	111.544
1313	1163.64	116.895
1314	935.164	99.6561
1315	866.125	149.346
1316	885.749	128.912
1317	1059.46	117.354
1318	1000.39	118.245
1319	991.33	111.171
1320	715.412	78.4744
1321	971.37	98.6387
1322	880.224	101.805
1323	721.138	97.5395
1324	897.901	102.076
1325	853.003	100.563
1326	2754.16	200.499
1327	763.73	76.5243
1328	1355.66	107.6
1329	1288.93	108.761
1330	1473.46	131.546
1331	1510.44	157.4
1332	1812.86	159.945
1333	1396.77	115.337
1334	1517.35	130.039
1335	1495.68	140.551
1336	1312.23	130.664
1337	1179.39	117.382
1338	1299.02	130.784
1339	1179.78	104.53
1340	1687.56	161.614
1341	1431.03	117.491
1342	1674.98	169.237
1343	1435.55	175.355
1344	1102.29	119.679
1345	1515.88	172.449
1346	1498.58	150.661
1347	1376.13	144.414
1348	1313.61	129.596
1349	1810.83	196.325
1350	1413.24	149.195
1351	1452.14	123.545
1352	1522.09	194.427
1353	1191.51	108.313
1354	1158.95	134.485
1355	1419.36	155.672
1356	856.072	105.911
1357	765.613	73.3243
1358	873.911	122.243
1359	762.927	67.0097
1360	856.045	108.637
1361	784.09	103.459
1362	1013.69	116.968
1363	1210.74	137.392
1364	876.158	123.204
1365	719.518	103.466
1366	950.772	88.9502
1367	692.92	84.1697
1368	789.716	72.7418
1369	589.241	62.3836
1370	1035.44	133.667
1371	1082.25	134.084
1372	1006.94	97.5673
1373	1200.06	201.211
1374	1118.12	94.9419
1375	726.061	100.782
1376	1615.78	135.866
1377	1293.33	107.482
1378	1385.94	124.513
1379	1258.65	122.962
1380	1628.13	139.581
1381	1434.43	121.344
1382	1325.74	106.592
1383	1187.83	111.504
1384	1302.53	124.069
1385	1564.39	127.801
1386	1430.64	146.213
1387	1421.4	159.204
1388	1471.82	156.545
1389	1099.94	118.111
1390	1148.36	125.852
1391	1415.27	143.999
1392	1315.86	123.7
1393	1235.1	111.163
1394	1226.1	119.711
1395	1290.83	114.674
1396	1453.94	153.348
1397	1593.05	147.053
1398	1211.12	142.954
1399	1236.02	147.265
1400	1214.43	133.025
1401	1081.71	120.2
1402	1395.67	145.427
1403	1294.04	132.78
1404	802.144	92.4074
1405	1069.61	172.231
1406	982.262	164.477
1407	812.148	98.0648
1408	999.085	126.125
1409	894.857	106.896
1410	1345.28	156.425
1411	1247.81	171.912
1412	1008.2	262.112
1413	868.902	107.763
1414	827.303	112.493
1415	947.379	118.36
1416	763.927	95.2668
1417	778.359	76.2952
1418	1093.27	119.551
1419	932.354	104.411
1420	1091.55	146.284
1421	1007.89	101.971
1422	1175.21	125.274
1423	963.678	88.0759
1424	1217.08	107.795
1425	1594.71	146.785
1426	1287.31	132.363
1427	1247.01	143.572
1428	1615.34	165.556
1429	1519.41	132.216
1430	1781.52	164.107
1431	1385.38	151.628
1432	1194.05	160.914
1433	1199.07	141.178
1434	1287.8	113.288
1435	1676.89	172.681
1436	1526.09	144.788
1437	1203.53	122.931
1438	1209.99	128.957
1439	1439.22	128.858
1440	1346.21	135.173
1441	1254.74	149.338
1442	1277.76	130.948
1443	1449.46	159.378
1444	1518.28	126.398
1445	1303.29	136.258
1446	1376.59	158.875
1447	1209.45	126.684
1448	1248.46	125.703
1449	1308.15	136.255
1450	1439.76	153.543
1451	1397.05	144.404
1452	2729.08	254.465
1453	988.496	104.844
1454	835.994	118.766
1455	1091.87	121.304
1456	817.872	96.3975
1457	1253.95	149.303
1458	965.409	116.392
1459	698.552	75.2485
1460	1304.02	154.351
1461	868.186	107.171
1462	918.189	127.682
1463	581.425	67.2743
1464	854.476	117.228
1465	1725.9	198.726
1466	916.452	93.2009
1467	957.05	83.3319
1468	864.147	97.8556
1469	968.003	91.0957
1470	1043.48	114.155
1471	776.229	90.0158
1472	1122.72	79.5932
1473	1363.25	156.894
1474	1216.26	129.007
1475	1270.89	113.035
1476	1744.74	138.723
1477	1328.08	127.106
1478	1420.31	113.429
1479	1586.07	143.847
1480	1126	125.89
1481	1345.6	169.353
1482	1438.91	113.209
1483	1438.64	129.457
1484	1368.32	113.878
1485	1677.75	157.075
1486	1411.14	156.368
1487	1563.88	150.24
1488	2221.33	199.917
1489	1576.97	137.364
1490	1235.28	125.669
1491	1208.58	123.902
1492	1581.06	133.823
1493	1184.24	112.742
1494	1198.72	120.237
1495	1337.44	195.38
1496	1231.98	159.334
1497	1196.12	122.641
1498	632.434	68.0312
1499	1224.76	130.383
1500	1211.95	132.243
1501	906.66	95.0601
1502	1185.48	169.129
1503	1026.87	135.429
1504	1722.32	191.876
1505	1411.74	165.558
1506	1146.73	182.584
1507	846.032	119.856
1508	1271.52	145.457
1509	999.293	122.253
1510	2565.37	255.837
1511	1032.49	148.395
1512	962.261	84.9343
1513	965.91	87.7138
1514	1059.61	148.906
1515	1051.67	196.91
1516	883.156	148.444
1517	1070.34	99.255
1518	1051.31	121.235
1519	960.29	106.078
1520	1385.99	114.926
1521	1651.87	137.703
1522	1490.76	144.654
1523	1374.98	148.74
1524	490.209	40.0657
1525	1325.31	128.163
1526	1324.06	129.664
1527	1571.75	120.914
1528	1555.41	147.301
1529	1446.85	152.57
1530	1723.01	170.947
1531	1432.34	149.389
1532	1287.02	107.723
1533	1593.71	167.355
1534	1448.92	124.442
1535	1734.78	168.687
1536	1461.98	134.954
1537	1413.2	162.612
1538	1266.61	144.147
1539	1360.44	156.8
1540	1393.45	130.692
1541	1733.09	197.813
1542	1224.54	121.528
1543	1080.59	115.184
1544	1296.61	159.605
1545	1444.9	140.072
1546	1389.68	126.117
1547	1183.39	129.721
1548	1368.01	162.662
1549	1190.03	135.699
1550	1235	152.574
1551	1115.15	118.132
1552	1239.17	139.133
1553	1186.89	134.707
1554	1242.43	119.093
1555	1210.03	133.218
1556	1079.32	113.712
1557	865.144	108.207
1558	1066.44	103.565
1559	1189.23	109.711
1560	1072.1	146.566
1561	1290.45	163.298
1562	1020.74	108.497
1563	1152.5	100.397
1564	1002.07	97.6499
1565	1047.1	186.869
1566	998.488	123.226
1567	1182.85	111.371
1568	1407.29	165.324
1569	1772.88	178.17
1570	1432.1	175.248
1571	1303.32	155.417
1572	1269.89	94.0881
1573	1567.83	167.936
1574	1105.51	129.989
1575	1356.47	98.5922
1576	1232.82	148.961
1577	1265.49	144.846
1578	1447.36	153.084
1579	1707.28	132.598
1580	1539.7	129.735
1581	1464.34	117.806
1582	1346.11	130.404
1583	1543.21	143.176
1584	1780.72	164.227
1585	1471.72	127.261
1586	1479.13	145.527
1587	1454.41	157.803
1588	1278.13	136.727
1589	1440.38	137.927
1590	1256.97	131.633
1591	1279.22	199.129
1592	1350.96	181.607
1593	1709.68	162.956
1594	1481.45	154.071
1595	1500.72	171.217
1596	1248	141.999
1597	1189.35	135.655
1598	1110.06	129.441
1599	1350.53	165.356
1600	993.547	113.306
1601	1018.26	115.299
1602	1577.78	176.059
1603	1103.23	143.019
1604	1036.66	115.905
1605	1343.53	153.883
1606	1140.33	126.164
1607	1185.95	104.469
1608	1040.84	107.671
1609	980.031	99.8957
1610	1050.86	122.321
1611	1101.07	113.853
1612	2510.25	197.176
1613	1097.37	112.921
1614	1048.04	111.426
1615	1052.48	107.233
1616	1548.37	182.968
1617	1523.02	119.263
1618	1510.46	109.224
1619	1559.87	142.337
1620	1735.87	135.243
1621	827.073	80.1933
1622	1630.02	139.156
1623	1724.37	163.874
1624	1324.51	129.544
1625	1302.61	134.892
1626	1537.98	175.573
1627	1362.85	145.372
1628	1598.52	165.107
1629	1314.76	155.293
1630	1387.61	125.275
1631	738.665	78.7424
1632	1126.1	100.558
1633	1198.63	105.443
1634	1402.26	141.859
1635	1665.5	138.542
1636	1540.79	136.74
1637	1360.1	113.193
1638	1482.77	162.212
1639	1241.96	137.442
1640	1413.23	203.128
1641	1327.51	115.234
1642	1285.97	154.141
1643	1310.86	115.085
1644	1127.19	125.456
1645	937.846	113.13
1646	1142.61	115.338
1647	1414.07	187.61
1648	1154.44	230.568
1649	809.486	72.0994
1650	1201.81	139.937
1651	990.598	106.151
1652	1109.84	152.684
1653	2920.21	271.621
1654	1124.62	131.948
1655	804.34	99.6072
1656	1095.79	192.814
1657	1203.63	121.249
1658	1071.28	116.081
1659	1258.18	129.25
1660	1176.67	136.816
1661	881.424	88.5369
1662	1244.39	149.355
1663	1041.88	84.3638
1664	1071.22	90.947
1665	1260.78	113.691
1666	1276.82	111.501
1667	1124.28	84.0388
1668	1273.35	96.4158
1669	1160.97	102.356
1670	1340.96	138.351
1671	1494.65	157.22
1672	1445.3	186.149
1673	1208.46	126.624
1674	1680.45	171.607
1675	1489.2	127.056
1676	1309.69	126.225
1677	1594.25	146.914
1678	1403.91	145.351
1679	1514.76	161.831
1680	1782.34	164.977
1681	1443.4	135.653
1682	1281.95	129.626
1683	2110.39	214.831
1684	1363.03	138.122
1685	1506.62	134.51
1686	1616.96	159.506
1687	1436.84	119.971
1688	-420.717	107.761
1689	1441.73	157.008
1690	1264.67	142.582
1691	1315.49	118.862
1692	1185.5	147.524
1693	1214.7	138.087
1694	1256.3	142.012
1695	1234.72	124.469
1696	1117.37	167.438
1697	1203.81	156.002
1698	1071.88	134.749
1699	915.473	97.773
1700	1115.84	127.627
1701	1207.21	149.208
1702	981.16	124.381
1703	976.141	127.672
1704	1109.58	141.493
1705	1094.11	105.287
1706	966.084	100.304
1707	1226.74	144.318
1708	1370.94	128.333
1709	1160.94	105.95
1710	1072.69	108.976
1711	1581.97	174.166
1712	1419.12	133.37
1713	1084.02	95.471
1714	1379.25	131.975
1715	1266.92	101.028
1716	1551.28	120.575
1717	1305.97	127.407
1718	1517.77	135.452
1719	1510.53	121.4
1720	1662.16	148.072
1721	1592.22	142.714
1722	1817.83	170.841
1723	1422.58	119.247
1724	1304.11	128.785
1725	1288.5	112.778
1726	1723.33	191.768
1727	1417.78	132.008
1728	1305.12	125.959
1729	1601.65	158.801
1730	1401.79	127.35
1731	1394.94	140.852
1732	1447.06	112.614
1733	1656.97	186.09
1734	1568.92	146.978
1735	1050.21	143.611
1736	1295.44	163.072
1737	1447.79	119.788
1738	1508.5	172.836
1739	1589.03	147.132
1740	1041.98	103.4
1741	1097.27	111.576
1742	1498.42	146.815
1743	1177.51	106.655
1744	975.476	119.634
1745	870.922	119.459
1746	822.173	81.6651
1747	978.696	83.9815
1748	1061.15	105.422
1749	951.207	123.155
1750	1225.03	155.222
1751	957.731	99.5465
1752	981.918	125.52
1753	891.418	120.408
1754	1097.85	141.105
1755	672.726	79.91
1756	959.563	110.133
1757	772.767	71.3485
1758	1162.51	106.652
1759	901.43	108.024
1760	1225.85	163.353
1761	1138.21	131.132
1762	1347.04	110.027
1763	1500.07	148.223
1764	1432.77	125.459
1765	1805.01	163.255
1766	1388.28	161.123
1767	1347.71	149.118
1768	1200.59	111.816
1769	1197.04	118.026
1770	1619.88	182.455
1771	1220.72	136.347
1772	1251.36	144.662
1773	1288.95	131.022
1774	1318.29	131.824
1775	1513.34	118.275
1776	1093.26	117.656
1777	1403.36	180.243
1778	1487.05	132.817
1779	1372.89	128.047
1780	1485.84	118.058
1781	1394.71	138.983
1782	1532.47	169.121
1783	1590.49	140.212
1784	2685.57	234.325
1785	1457.32	124.459
1786	1284.61	120.228
1787	1359.41	161.736
1788	986.669	95.2092
1789	1201.42	145.695
1790	392.054	51.7055
1791	1178.36	122.118
1792	1000.09	111.638
1793	1222.76	125.312
1794	842.321	86.2862
1795	1028.59	124.037
1796	1220.63	129.104
1797	1127.14	123.396
1798	1265.82	171.493
1799	494.033	50.5315
1800	889.711	100.698
1801	989.711	100.474
1802	1086.88	122.925
1803	1041.58	130.804
1804	1010.46	110.742
1805	978.227	91.0227
1806	1052.64	105.959
1807	998.116	105.997
1808	1641.12	154.383
1809	1431.5	105.324
1810	1327.51	134.792
1811	1444.86	120.109
1812	1571.91	152.419
1813	1316.78	117.094
1814	1226.92	127.363
1815	1206.21	116.286
1816	1499.96	132.098
1817	1282.83	131.521
1818	1339.06	117.871
1819	1114.31	120.293
1820	1245.08	123.969
1821	1372.79	115.34
1822	1368.45	140.312
1823	1197.54	124.698
1824	1113.2	116.195
1825	1196.7	100.117
1826	1443.17	146.195
1827	1165.35	109.112
1828	1232.2	137.004
1829	1502.29	135.466
1830	900.927	111.515
1831	1300.22	117.122
1832	1164.47	97.3634
1833	1392.09	115.85
1834	1268.75	146.692
1835	1590.69	155.778
1836	1068.43	93.2236
1837	1037.26	113.083
1838	1004.3	113.027
1839	1025.11	110.156
1840	971.005	85.8678
1841	1051.33	90.2659
1842	1107.12	124.13
1843	1005.37	114.97
1844	1322.31	171.528
1845	1039.53	144.176
1846	1160.31	117.502
1847	817.205	90.9319
1848	1135.91	140.576
1849	1044.25	103.289
1850	1408.87	173.843
1851	1005.16	114.717
1852	1166.78	126.489
1853	1119.34	88.6611
1854	1109.31	143.376
1855	1073.66	105.19
1856	1437.59	124.061
1857	1211.44	107.058
1858	1400.78	93.5867
1859	1457.55	127.861
1860	1312.27	126.113
1861	1292.19	111.468
1862	1037.97	113.573
1863	1225.43	108.459
1864	1692.1	160.06
1865	1244.06	138.742
1866	1215.95	130.715
1867	1267.75	142.421
1868	1280.4	117.038
1869	1653	151.224
1870	1448.77	124.635
1871	1231.01	127.809
1872	1145.49	105.788
1873	1298.48	116.686
1874	979.886	109.209
1875	1178.85	105.356
1876	1314.15	137.087
1877	1536.89	108.551
1878	1264.47	112.26
1879	1982.4	155.118
1880	1583.13	189.441
1881	1352.27	117.508
1882	1273.17	135.834
1883	1362.89	126.395
1884	1513.77	302.237
1885	954.574	85.7544
1886	978.564	104.292
1887	1099.08	137.513
1888	959.711	131.718
1889	793.034	89.5859
1890	873.066	111.206
1891	924.228	103.918
1892	804.863	80.4594
1893	891.642	92.3913
1894	964.532	163.438
1895	814	118.052
1896	939.467	160.64
1897	820.647	112.961
1898	352.314	38.3571
1899	373.494	50.1377
1900	868.487	102.443
1901	1063.94	124.392
1902	996.741	101.118
1903	2499.56	186.846
1904	1503.56	159.647
1905	1587.96	164.451
1906	1079.49	86.3619
1907	1545.29	171.906
1908	1345.75	138.345
1909	1279.98	117.785
1910	1370.46	117.331
1911	1485.7	149.904
1912	1522.16	157.757
1913	1268.75	151.165
1914	1684.45	154.784
1915	1288.65	138.776
1916	1155.6	113.381
1917	1274.84	132.889
1918	1451.06	129.784
1919	1455.17	151.685
1920	1265.4	142.012
1921	1174.84	103.109
1922	1313.87	130.787
1923	1225.06	117.281
1924	1160.4	101.507
1925	971.315	109.567
1926	1380.52	120.008
1927	767.906	61.5721
1928	1667.6	191.434
1929	1184.79	104.747
1930	1248.16	146.05
1931	1161.48	106.334
1932	765.774	84.314
1933	900.728	88.6903
1934	1073.61	111.182
1935	816.312	120.679
1936	919.437	91.4841
1937	931.293	106.645
1938	987.434	102.136
1939	829.091	96.5746
1940	1885.3	174.027
1941	1365.1	188.616
1942	1381.67	279.127
1943	776.464	79.2475
1944	1254.09	183.324
1945	1021.96	109.764
1946	798.916	84.327
1947	947.677	84.7811
1948	1159.5	122.746
1949	873.382	94.3557
1950	1010.31	116.966
1951	851.328	127.553
1952	1277.34	104.496
1953	1291	117.896
1954	1226.95	137.542
1955	1791.11	167.911
1956	1597.31	141.567
1957	1608.22	136.806
1958	1352.59	121.773
1959	1478.32	123.959
1960	1316.06	142.641
1961	1575.77	145.791
1962	1522	144.102
1963	1419.63	136.283
1964	2080.01	356.16
1965	1411.56	128.846
1966	1589.23	155.873
1967	1219.76	149.934
1968	1905.09	185.379
1969	1544.63	137.72
1970	1120.72	108.827
1971	1422.25	159.398
1972	1298.04	128.387
1973	1468.09	131.222
1974	1232.98	144.029
1975	1467.53	124.587
1976	1461.86	143.56
1977	1213.47	130.666
1978	1258.57	135.504
1979	1225.05	103.73
1980	966.613	85.9753
1981	964.667	97.0915
1982	1195.39	117.386
1983	1157.81	130.339
1984	984.761	110.191
1985	884.414	93.202
1986	3246.34	271.694
1987	2581	202.262
1988	909.988	112.439
1989	839.968	102.701
1990	905.224	91.7537
1991	891.303	75.4702
1992	1229.94	134.132
1993	951.028	125.364
1994	886.516	91.4848
1995	1043.41	78.7538
1996	1133.17	157.112
1997	1210.69	128.535
1998	847.779	108.717
1999	792.289	80.5466
2000	1197	116.488
2001	1171.6	109.478
2002	1185.94	105.641
2003	1295.38	139.8
2004	1615.57	150.795
2005	1342.22	117.853
2006	781.694	96.2216
2007	1154.94	102.072
2008	1312.47	110.211
2009	1471.99	148.226
2010	1344	124.588
2011	1291.73	115.797
2012	1304.38	130.39
2013	1004.87	97.2588
2014	1371.07	116.466
2015	1396.31	129.47
2016	1005	92.6268
2017	1416.69	96.9036
2018	1459.17	117.7
2019	1122.94	96.2479
2020	1152.35	102.712
2021	1403.08	151.231
2022	1314.15	126.709
2023	1443.98	128.885
2024	1792.91	158.043
2025	1395.33	135.822
2026	1020.37	100.679
2027	1056.66	128.739
2028	973.479	92.3827
2029	1036.26	129.662
2030	871.357	77.9376
2031	1063.18	108.147
2032	1008.41	108.936
2033	1086.03	115.695
2034	947.431	129.643
2035	1329.4	143.578
2036	996.781	103.368
2037	1026.87	131.4
2038	985.732	106.97
2039	783.361	125.472
2040	1324.73	149.479
2041	842.775	121.348
2042	1123.5	196.389
2043	1018.51	110.723
2044	1297.99	152.886
2045	1126.25	156.137
2046	1369.97	165.168
2047	861.826	107.936
2048	1304.02	124.084
2049	1317.69	126.139
2050	1565.3	192.724
2051	1365.11	112.351
2052	1392.25	141.877
2053	1253.59	129.775
2054	1258.12	160.243
2055	1288.07	125.241
2056	1385.28	146.551
2057	1269.65	139.513
2058	1276.3	124.51
2059	1031.39	79.6815
2060	1383.63	141.078
2061	1242.96	127.082
2062	1226.53	128.447
2063	1350.96	146.896
2064	1258.84	143.615
2065	1432.75	137.776
2066	1374.87	127.45
2067	1297.72	135.366
2068	1033.27	109.407
2069	1266.71	119.975
2070	1128.6	93.5087
2071	1486.36	152.398
2072	1840.89	158.546
2073	1303.11	144.611
2074	865.347	65.6027
2075	1286.85	125.151
2076	905.719	101.744
2077	915.623	90.0645
2078	914.284	111.945
2079	1253.62	122.165
2080	947.536	138.958
2081	1378.23	204.786
2082	1132.41	92.1918
2083	925.678	107.468
2084	1002.91	125.886
2085	706.602	80.6904
2086	875.072	87.9764
2087	860.897	84.5679
2088	803.241	98.7306
2089	834.945	141.433
2090	1147.62	127.578
2091	990.088	102.916
2092	928.442	114.422
2093	956.554	130.688
2094	845.01	100.473
2095	645.791	59.0427
2096	1108.02	92.3363
2097	1343.24	124.225
2098	845.725	109.101
2099	1368.6	144.487
2100	1377.95	142.019
2101	1187.85	121.179
2102	1334.69	104.359
2103	1328.55	143.82
2104	1329.46	139.099
2105	1182.1	101.16
2106	1367.29	134.546
2107	1401.67	147.452
2108	1623.61	172.034
2109	1140.56	96.6004
2110	1158.71	110.689
2111	1213.52	120.531
2112	1324.97	145.92
2113	313.316	26.6655
2114	1232.11	128.225
2115	1226.57	147.744
2116	1467.15	129.028
2117	1671.26	149.706
2118	879.54	94.0008
2119	1579.75	157.581
2120	1551.13	146.176
2121	1187.08	139.664
2122	1413.24	160.782
2123	1195.62	163.106
2124	1162.49	129.263
2125	1192.68	138.658
2126	949.17	106.225
2127	1187.25	142.692
2128	657.022	117.862
2129	1058.05	88.4705
2130	1006.88	113.768
2131	925.592	103.769
2132	971.148	119.578
2133	940.146	116.504
2134	881.316	114.868
2135	1009.77	100.346
2136	1112.99	148.28
2137	1058.97	107.484
2138	1079.4	141.871
2139	3624.49	295.227
2140	1102.14	113.58
2141	1259.95	135.349
2142	1179.58	179.436
2143	913.491	122.359
2144	1378.02	211.902
2145	1413.1	160.559
2146	1103.06	116.663
2147	1419.11	141.561
2148	1303.58	110.908
2149	1550.44	133.629
2150	1130.01	96.5812
2151	1068.91	101.783
2152	1225.67	117.955
2153	1100.88	105.575
2154	1493.22	130.031
2155	1178.68	110.82
2156	1037.34	88.416
2157	1323.04	139.905
2158	1364.29	159.765
2159	951.969	84.2676
2160	1446.48	114.725
2161	859.611	120.417
2162	1084.71	96.9568
2163	982.087	77.8826
2164	1287.5	126.429
2165	1208.74	129.591
2166	1300.7	111.722
2167	1216.6	120.129
2168	1220.66	120.401
2169	1961.41	198.513
2170	1183.58	113.49
2171	1304.54	109.816
2172	1421.38	182.753
2173	1097.3	124.214
2174	658.799	73.4709
2175	933.814	125.005
2176	995.782	122.941
2177	1217.3	157.383
2178	794.825	92.7701
2179	752.013	98.2312
2180	944.279	116.813
2181	989.365	131.31
2182	1159.73	130.163
2183	935.103	111.727
2184	1162.15	142.673
2185	1071.95	124.433
2186	1467.82	161.508
2187	919.145	117.808
2188	1014.59	126.458
2189	636.035	137.317
2190	2955.44	210.183
2191	716.874	123.914
2192	1154.09	100.067
2193	1376.52	114.831
2194	1194.44	117.366
2195	1250.65	130.653
2196	1060.35	83.6999
2197	1417.71	131.615
2198	1195.81	130.586
2199	1262.6	110.849
2200	2487	214.19
2201	1589.62	144.633
2202	1177.73	102.212
2203	1092.6	101.605
2204	1175.03	103.346
2205	1299.46	117.305
2206	1173.62	118.008
2207	1186.87	114.753
2208	1024.31	91.8522
2209	1163.32	103.764
2210	1423.19	132.688
2211	1136.6	91.0704
2212	1554.8	155.858
2213	1486.76	143.22
2214	1057.86	108.7
2215	1433.49	134.075
2216	1477.85	155.611
2217	1518.86	124.997
2218	1206.49	108.033
2219	1043.97	83.1378
2220	1192.73	119.525
2221	524.208	99.134
2222	2272.53	178.448
2223	2611.8	197.643
2224	934.45	113.784
2225	947.621	114.375
2226	691.586	67.0154
2227	1186.77	188.194
2228	769.616	151.4
2229	1227.66	150.677
2230	948.223	107.229
2231	816.035	126.361
2232	1198.65	112.534
2233	1200.23	138.732
2234	996.328	117.7
2235	1016.99	118.821
2236	820.749	88.8421
2237	967.898	95.3859
2238	934.822	111.263
2239	713.026	97.0999
2360	2181.49	180.53
2361	1254.13	103.469
2362	3526.06	318.253
2363	1848.74	146.019
2364	2260.63	180.36
2365	2681.44	220.386
2366	2360.21	172.083
2367	2059.01	164.565
2368	2865.28	246.381
2369	2272.74	178.917
2370	2803.99	250.338
2371	2200.51	164.342
2372	2833.78	212.139
2373	3533.14	275.406
2374	3377.05	251.955
2375	2830.8	224.636
2376	2833.83	192.561
2377	2819.45	217.241
2378	3227.58	263.546
2379	2504.41	169.709
2380	3135.83	232.694
2381	2712.25	219.782
2382	2276.3	172.765
2383	2083.44	177.87
2384	2391.52	174.906
2385	2786.58	216.938
2386	3432	251.58
2387	2889.29	228.283
2388	2990.8	226.875
2389	3178.98	287.659
2390	1742.46	134.591
2391	2932.75	205.077
2392	3176.28	237.645
2393	2819.27	219.122
2394	3054.48	198.186
2395	2276.35	157.052
2396	2860.43	194.936
2397	3910.36	289.24
2398	3165.51	240.975
2399	1927	133.002
2400	2454.8	216.1
2401	1943.02	167.779
2402	2573.51	167.694
2403	2558.84	179.43
2404	2854.11	227.835
2405	3223.17	256.549
2406	2808.41	198.616
2407	2642.83	210.325
2408	2673.29	190.958
2409	2761.57	206.767
2410	2910.67	246.138
2411	1965.39	176.202
2412	2967.35	239.717
2413	2287.83	196.121
2414	3676.97	278.972
2415	3619.41	186.828
2416	2248.97	161.484
2417	3960.61	313.877
2418	3299.65	228.419
2419	3539.98	270.503
2420	3018.39	240.107
2421	2496.57	184.216
2422	4353.27	301.898
2423	2389.16	176.379
2424	2989.62	231.485
2425	3018.25	260.604
2426	3155.13	234.602
2427	2925.78	188.496
2428	4277.13	329.847
2429	3920.41	265.423
2430	2268.39	189.909
2431	2366.58	182.088
2432	2944.22	248.265
2433	2653.6	193.311
2434	2333.2	212.473
2435	3049.12	232.88
2436	2768.1	236.667
2437	3260.82	270.308
2438	2634.64	209.56
2439	2376.23	191.657
2440	3347.66	240.451
2441	2563.42	182.252
2442	2775.38	219.488
2443	2814.37	205.183
2444	2308.08	172.009
2445	2084.58	150.512
2446	3017.07	237.644
2447	1633.55	153.788
2448	1776.93	146.384
2449	2845.35	198.883
2450	1539.72	128.538
2451	2644.32	199.848
2452	3254.1	253.44
2453	2617.36	192.034
2454	2529.07	179.739
2455	54.6791	6.32187
2456	3852.57	280.736
2457	3935.89	331.938
2458	2570.9	243.079
2459	2005.27	151.894
2460	1814.83	159.902
2461	2716.84	192.053
2462	2234.01	145.49
2463	2485.79	187.344
2464	2650.28	199.766
2465	2436.66	168.399
2466	2486.99	243.446
2467	1991.91	166.742
2468	2048.57	157.614
2469	2971.36	218.439
2470	1873.63	159.741
2471	2313.92	206.573
2472	3555.34	244.68
2473	3661.52	242.891
2474	4250.24	319.107
2475	3154.11	208.568
2476	3213.69	218.029
2477	1802.02	137.376
2478	2903.91	243.903
2479	3080.28	251.063
2480	2168.51	171.08
2481	2360.6	202.761
2482	2508.68	189.952
2483	2809.72	248.801
2484	2188.97	181.642
2485	2296.71	166.586
2486	2230.97	163.639
2487	3337.05	265.097
2488	2794.27	185.058
2489	2106.36	133.768
2490	2318.38	188.141
2491	3192.84	230.224
2492	1713.73	144.458
2493	3393.32	236.406
2494	3354.8	253.861
2495	2447.91	212.464
2496	2416.06	196.108
2497	1949.99	171.932
2498	2871.1	217.646
2499	2679.59	196.865
2500	3602.09	247.976
2501	3135.18	266.466
2502	1857.76	141.803
2503	3272.74	219.45
2504	2507.44	207.526
2505	2803.72	216.436
2506	2260.55	163.398
2507	3397.47	286.584
2508	2640.77	184.127
2509	2634.42	210.606
2510	2775.45	218.007
2511	2109	200.193
2512	2529.8	171.608
2513	2295.03	168.518
2514	1837.32	138.524
2515	2317.4	179.959
2516	3126.17	224.918
2517	2180.09	173.173
2518	1965.42	180.828
2519	2266.48	191.494
2520	2197.47	178.718
2521	2992.92	257.767
2522	3580.97	277.579
2523	1842.8	160.352
2524	3214.39	215.645
2525	2408.13	177.078
2526	2456.62	217.885
2528	2373.38	165.709
2529	2836.92	232.565
2530	2788.45	253.526
2531	2839.92	223.635
2532	2291.22	172.235
2533	2392.76	157.902
2534	2583.62	194.794
2535	2722.34	161.396
2536	2162.01	134.678
2537	1842.84	134.323
2538	2467.06	207.497
2539	1343.68	102.972
2540	4012.77	305.961
2541	3130.94	248.677
2542	2745.14	264.452
2543	2176.78	194.183
2544	2782.88	226.232
2545	2928.91	249.283
2546	2660.97	216.713
2547	3102.26	218.417
2548	2325.56	196.526
2549	3016.51	221.445
2550	1158.32	117.037
2551	3632.69	271.116
2552	2407.22	166.748
2553	1980.38	153.005
2554	2464.35	218.025
2555	2146.21	187.649
2556	3238.17	250.759
2557	2216.86	173.076
2558	3438.55	211.467
2559	3513.67	256.242
2560	2191.1	223.951
2561	2194.51	185.881
2562	2902.51	256.903
2563	3944.52	263.187
2564	2360.8	183.868
2565	2647.47	198.67
2566	2263.61	178.12
2567	4140.32	323.204
2568	2309.93	172.937
2569	3628.13	235.362
2570	2475.36	220.569
2571	2579.28	193.118
2572	1840.94	131.45
2573	2728.8	199.667
2574	2507.11	162.954
2575	2800.17	222.818
2576	2608.95	241.623
2577	2506.92	192.607
2578	2001.72	144.49
2579	1694.9	140.467
2580	3786.75	269.979
2581	1817.59	140.106
2582	3689.22	264.169
2583	2970.81	269.858
2584	2352.66	196.964
2585	2395.59	202.59
2586	2192.07	169.155
2587	1730.17	137.598
2588	1994.66	179.331
2589	2740.84	233.217
2590	1944.81	141.906
2591	2164.27	168.964
2592	2703.81	216.907
2593	2187.64	161.17
2594	3085.59	252.47
2595	2761.82	231.023
