2716
0 1 11 0 2
1 1 11 1 2
2 1 10 0 2
3 1 10 1 2
4 1 9 0 2
5 1 9 1 2
6 1 8 0 2
7 1 8 1 2
8 1 7 0 2
9 1 7 1 2
10 1 6 0 2
11 1 6 1 2
12 1 5 0 2
13 1 5 1 2
14 1 4 0 2
15 1 4 1 2
16 1 3 0 2
17 1 3 1 2
18 1 2 0 2
19 1 2 1 2
20 1 1 4 2
21 1 1 5 2
22 1 0 4 2
23 1 0 5 2
24 8 7 4 9
25 8 7 5 9
26 8 6 4 9
27 8 6 5 9
28 8 5 0 9
29 8 5 1 9
30 8 4 0 9
31 8 4 1 9
32 8 3 0 9
33 8 3 1 9
34 8 2 0 9
35 8 2 1 9
36 8 1 0 9
37 8 1 1 9
38 8 0 0 9
39 8 0 1 9
40 7 15 0 6
41 7 15 1 6
42 7 14 0 6
43 7 14 1 6
44 7 13 0 6
45 7 13 1 6
46 7 12 0 6
47 7 12 1 6
48 1 11 2 2
49 1 11 3 2
50 1 10 2 2
51 1 10 3 2
52 1 9 2 2
53 1 9 3 2
54 1 8 2 2
55 1 8 3 2
56 1 7 2 2
57 1 7 3 2
58 1 6 2 2
59 1 6 3 2
60 1 5 2 2
61 1 5 3 2
62 1 4 2 2
63 1 4 3 2
64 1 3 2 2
65 1 3 3 2
66 1 2 2 2
67 1 2 3 2
68 1 1 6 2
69 1 1 7 2
70 1 0 6 2
71 1 0 7 2
72 8 7 6 9
73 8 7 7 9
74 8 6 6 9
75 8 6 7 9
76 8 5 2 9
77 8 5 3 9
78 8 4 2 9
79 8 4 3 9
80 8 3 2 9
81 8 3 3 9
82 8 2 2 9
83 8 2 3 9
84 8 1 2 9
85 8 1 3 9
86 8 0 2 9
87 8 0 3 9
88 7 15 2 6
89 7 15 3 6
90 7 14 2 6
91 7 14 3 6
92 7 13 2 6
93 7 13 3 6
94 7 12 2 6
95 7 12 3 6
96 1 11 4 2
97 1 11 5 2
98 1 10 4 2
99 1 10 5 2
100 1 9 4 2
101 1 9 5 2
102 1 8 4 2
103 1 8 5 2
104 1 7 4 2
105 1 7 5 2
106 1 6 4 2
107 1 6 5 2
108 1 5 4 2
109 1 5 5 2
110 1 4 4 2
111 1 4 5 2
112 1 3 4 2
113 1 3 5 2
114 1 2 4 2
115 1 2 5 2
116 1 1 8 2
117 1 1 9 2
118 1 0 8 2
119 1 0 9 2
120 8 7 8 9
121 8 7 9 9
122 8 6 8 9
123 8 6 9 9
124 8 5 4 9
125 8 5 5 9
126 8 4 4 9
127 8 4 5 9
128 8 3 4 9
129 8 3 5 9
130 8 2 4 9
131 8 2 5 9
132 8 1 4 9
133 8 1 5 9
134 8 0 4 9
135 8 0 5 9
136 7 15 4 6
137 7 15 5 6
138 7 14 4 6
139 7 14 5 6
140 7 13 4 6
141 7 13 5 6
142 7 12 4 6
143 7 12 5 6
144 1 11 6 2
145 1 11 7 2
146 1 10 6 2
147 1 10 7 2
148 1 9 6 2
149 1 9 7 2
150 1 8 6 2
151 1 8 7 2
152 1 7 6 2
153 1 7 7 2
154 1 6 6 2
155 1 6 7 2
156 1 5 6 2
157 1 5 7 2
158 1 4 6 2
159 1 4 7 2
160 1 3 6 2
161 1 3 7 2
162 1 2 6 2
163 1 2 7 2
164 1 1 10 2
165 1 1 11 2
166 1 0 10 2
167 1 0 11 2
168 8 7 10 9
169 8 7 11 9
170 8 6 10 9
171 8 6 11 9
172 8 5 6 9
173 8 5 7 9
174 8 4 6 9
175 8 4 7 9
176 8 3 6 9
177 8 3 7 9
178 8 2 6 9
179 8 2 7 9
180 8 1 6 9
181 8 1 7 9
182 8 0 6 9
183 8 0 7 9
184 7 15 6 6
185 7 15 7 6
186 7 14 6 6
187 7 14 7 6
188 7 13 6 6
189 7 13 7 6
190 7 12 6 6
191 7 12 7 6
192 1 11 8 2
193 1 11 9 2
194 1 10 8 2
195 1 10 9 2
196 1 9 8 2
197 1 9 9 2
198 1 8 8 2
199 1 8 9 2
200 1 7 8 2
201 1 7 9 2
202 1 6 8 2
203 1 6 9 2
204 1 5 8 2
205 1 5 9 2
206 1 4 8 2
207 1 4 9 2
208 1 3 8 2
209 1 3 9 2
210 1 2 8 2
211 1 2 9 2
212 1 1 12 2
213 1 1 13 2
214 1 0 12 2
215 1 0 13 2
216 8 7 12 9
217 8 7 13 9
218 8 6 12 9
219 8 6 13 9
220 8 5 8 9
221 8 5 9 9
222 8 4 8 9
223 8 4 9 9
224 8 3 8 9
225 8 3 9 9
226 8 2 8 9
227 8 2 9 9
228 8 1 8 9
229 8 1 9 9
230 8 0 8 9
231 8 0 9 9
232 7 15 8 6
233 7 15 9 6
234 7 14 8 6
235 7 14 9 6
236 7 13 8 6
237 7 13 9 6
238 7 12 8 6
239 7 12 9 6
240 1 11 10 2
241 1 11 11 2
242 1 10 10 2
243 1 10 11 2
244 1 9 10 2
245 1 9 11 2
246 1 8 10 2
247 1 8 11 2
248 1 7 10 2
249 1 7 11 2
250 1 6 10 2
251 1 6 11 2
252 1 5 10 2
253 1 5 11 2
254 1 4 10 2
255 1 4 11 2
256 1 3 10 2
257 1 3 11 2
258 1 2 10 2
259 1 2 11 2
260 1 1 14 2
261 1 1 15 2
262 1 0 14 2
263 1 0 15 2
264 8 7 14 9
265 8 7 15 9
266 8 6 14 9
267 8 6 15 9
268 8 5 10 9
269 8 5 11 9
270 8 4 10 9
271 8 4 11 9
272 8 3 10 9
273 8 3 11 9
274 8 2 10 9
275 8 2 11 9
276 8 1 10 9
277 8 1 11 9
278 8 0 10 9
279 8 0 11 9
280 7 15 10 6
281 7 15 11 6
282 7 14 10 6
283 7 14 11 6
284 7 13 10 6
285 7 13 11 6
286 7 12 10 6
287 7 12 11 6
288 1 11 12 2
289 1 11 13 2
290 1 10 12 2
291 1 10 13 2
292 1 9 12 2
293 1 9 13 2
294 1 8 12 2
295 1 8 13 2
296 1 7 12 2
297 1 7 13 2
298 1 6 12 2
299 1 6 13 2
300 1 5 12 2
301 1 5 13 2
302 1 4 12 2
303 1 4 13 2
304 1 3 12 2
305 1 3 13 2
306 1 2 12 2
307 1 2 13 2
308 1 13 0 2
309 1 13 1 2
310 1 12 0 2
311 1 12 1 2
312 9 2 0 10
313 9 2 1 10
314 9 3 0 10
315 9 3 1 10
316 8 5 12 9
317 8 5 13 9
318 8 4 12 9
319 8 4 13 9
320 8 3 12 9
321 8 3 13 9
322 8 2 12 9
323 8 2 13 9
324 8 1 12 9
325 8 1 13 9
326 8 0 12 9
327 8 0 13 9
328 7 15 12 6
329 7 15 13 6
330 7 14 12 6
331 7 14 13 6
332 7 13 12 6
333 7 13 13 6
334 7 12 12 6
335 7 12 13 6
336 1 11 14 2
337 1 11 15 2
338 1 10 14 2
339 1 10 15 2
340 1 9 14 2
341 1 9 15 2
342 1 8 14 2
343 1 8 15 2
344 1 7 14 2
345 1 7 15 2
346 1 6 14 2
347 1 6 15 2
348 1 5 14 2
349 1 5 15 2
350 1 4 14 2
351 1 4 15 2
352 1 3 14 2
353 1 3 15 2
354 1 2 14 2
355 1 2 15 2
356 1 13 2 2
357 1 13 3 2
358 1 12 2 2
359 1 12 3 2
360 9 2 2 10
361 9 2 3 10
362 9 3 2 10
363 9 3 3 10
364 8 5 14 9
365 8 5 15 9
366 8 4 14 9
367 8 4 15 9
368 8 3 14 9
369 8 3 15 9
370 8 2 14 9
371 8 2 15 9
372 8 1 14 9
373 8 1 15 9
374 8 0 14 9
375 8 0 15 9
376 7 15 14 6
377 7 15 15 6
378 7 14 14 6
379 7 14 15 6
380 7 13 14 6
381 7 13 15 6
382 7 12 14 6
383 7 12 15 6
384 2 7 0 3
385 2 7 1 3
386 2 6 0 3
387 2 6 1 3
388 2 5 0 3
389 2 5 1 3
390 2 4 0 3
391 2 4 1 3
392 2 3 0 3
393 2 3 1 3
394 2 2 0 3
395 2 2 1 3
396 2 1 0 3
397 2 1 1 3
398 2 0 0 3
399 2 0 1 3
400 1 15 0 2
401 1 15 1 2
402 1 14 0 2
403 1 14 1 2
404 1 13 4 2
405 1 13 5 2
406 1 12 4 2
407 1 12 5 2
408 9 2 4 10
409 9 2 5 10
410 9 3 4 10
411 9 3 5 10
412 9 1 0 10
413 9 1 1 10
414 9 0 0 10
415 9 0 1 10
416 8 15 0 9
417 8 15 1 9
418 8 14 0 9
419 8 14 1 9
420 8 13 0 9
421 8 13 1 9
422 8 12 0 9
423 8 12 1 9
424 8 11 0 9
425 8 11 1 9
426 8 10 0 9
427 8 10 1 9
428 8 9 0 9
429 8 9 1 9
430 8 8 0 9
431 8 8 1 9
432 2 7 2 3
433 2 7 3 3
434 2 6 2 3
435 2 6 3 3
436 2 5 2 3
437 2 5 3 3
438 2 4 2 3
439 2 4 3 3
440 2 3 2 3
441 2 3 3 3
442 2 2 2 3
443 2 2 3 3
444 2 1 2 3
445 2 1 3 3
446 2 0 2 3
447 2 0 3 3
448 1 15 2 2
449 1 15 3 2
450 1 14 2 2
451 1 14 3 2
452 1 13 6 2
453 1 13 7 2
454 1 12 6 2
455 1 12 7 2
456 9 2 6 10
457 9 2 7 10
458 9 3 6 10
459 9 3 7 10
460 9 1 2 10
461 9 1 3 10
462 9 0 2 10
463 9 0 3 10
464 8 15 2 9
465 8 15 3 9
466 8 14 2 9
467 8 14 3 9
468 8 13 2 9
469 8 13 3 9
470 8 12 2 9
471 8 12 3 9
472 8 11 2 9
473 8 11 3 9
474 8 10 2 9
475 8 10 3 9
476 8 9 2 9
477 8 9 3 9
478 8 8 2 9
479 8 8 3 9
480 2 7 4 3
481 2 7 5 3
482 2 6 4 3
483 2 6 5 3
484 2 5 4 3
485 2 5 5 3
486 2 4 4 3
487 2 4 5 3
488 2 3 4 3
489 2 3 5 3
490 2 2 4 3
491 2 2 5 3
492 2 1 4 3
493 2 1 5 3
494 2 0 4 3
495 2 0 5 3
496 1 15 4 2
497 1 15 5 2
498 1 14 4 2
499 1 14 5 2
500 1 13 8 2
501 1 13 9 2
502 1 12 8 2
503 1 12 9 2
504 9 2 8 10
505 9 2 9 10
506 9 3 8 10
507 9 3 9 10
508 9 1 4 10
509 9 1 5 10
510 9 0 4 10
511 9 0 5 10
512 8 15 4 9
513 8 15 5 9
514 8 14 4 9
515 8 14 5 9
516 8 13 4 9
517 8 13 5 9
518 8 12 4 9
519 8 12 5 9
520 8 11 4 9
521 8 11 5 9
522 8 10 4 9
523 8 10 5 9
524 8 9 4 9
525 8 9 5 9
526 8 8 4 9
527 8 8 5 9
528 2 7 6 3
529 2 7 7 3
530 2 6 6 3
531 2 6 7 3
532 2 5 6 3
533 2 5 7 3
534 2 4 6 3
535 2 4 7 3
536 2 3 6 3
537 2 3 7 3
538 2 2 6 3
539 2 2 7 3
540 2 1 6 3
541 2 1 7 3
542 2 0 6 3
543 2 0 7 3
544 1 15 6 2
545 1 15 7 2
546 1 14 6 2
547 1 14 7 2
548 1 13 12 2
549 1 13 13 2
550 1 12 12 2
551 1 12 13 2
552 9 2 12 10
553 9 2 13 10
554 9 3 12 10
555 9 3 13 10
556 9 1 6 10
557 9 1 7 10
558 9 0 6 10
559 9 0 7 10
560 8 15 6 9
561 8 15 7 9
562 8 14 6 9
563 8 14 7 9
564 8 13 6 9
565 8 13 7 9
566 8 12 6 9
567 8 12 7 9
568 8 11 6 9
569 8 11 7 9
570 8 10 6 9
571 8 10 7 9
572 8 9 6 9
573 8 9 7 9
574 8 8 6 9
575 8 8 7 9
576 2 7 8 3
577 2 7 9 3
578 2 6 8 3
579 2 6 9 3
580 2 5 8 3
581 2 5 9 3
582 2 4 8 3
583 2 4 9 3
584 2 3 8 3
585 2 3 9 3
586 2 2 8 3
587 2 2 9 3
588 2 1 8 3
589 2 1 9 3
590 2 0 8 3
591 2 0 9 3
592 1 15 8 2
593 1 15 9 2
594 1 14 8 2
595 1 14 9 2
596 1 13 14 2
597 1 13 15 2
598 1 12 14 2
599 1 12 15 2
600 9 2 14 10
601 9 2 15 10
602 9 3 14 10
603 9 3 15 10
604 9 1 8 10
605 9 1 9 10
606 9 0 8 10
607 9 0 9 10
608 8 15 8 9
609 8 15 9 9
610 8 14 8 9
611 8 14 9 9
612 8 13 8 9
613 8 13 9 9
614 8 12 8 9
615 8 12 9 9
616 8 11 8 9
617 8 11 9 9
618 8 10 8 9
619 8 10 9 9
620 8 9 8 9
621 8 9 9 9
622 8 8 8 9
623 8 8 9 9
624 2 7 10 3
625 2 7 11 3
626 2 6 10 3
627 2 6 11 3
628 2 5 10 3
629 2 5 11 3
630 2 4 10 3
631 2 4 11 3
632 2 3 10 3
633 2 3 11 3
634 2 2 10 3
635 2 2 11 3
636 2 1 10 3
637 2 1 11 3
638 2 0 10 3
639 2 0 11 3
640 1 15 10 2
641 1 15 11 2
642 1 14 10 2
643 1 14 11 2
644 2 9 0 3
645 2 9 1 3
646 2 8 0 3
647 2 8 1 3
648 9 15 0 10
649 9 15 1 10
650 9 14 0 10
651 9 14 1 10
652 9 1 10 10
653 9 1 11 10
654 9 0 10 10
655 9 0 11 10
656 8 15 10 9
657 8 15 11 9
658 8 14 10 9
659 8 14 11 9
660 8 13 10 9
661 8 13 11 9
662 8 12 10 9
663 8 12 11 9
664 8 11 10 9
665 8 11 11 9
666 8 10 10 9
667 8 10 11 9
668 8 9 10 9
669 8 9 11 9
670 8 8 10 9
671 8 8 11 9
672 2 7 12 3
673 2 7 13 3
674 2 6 12 3
675 2 6 13 3
676 2 5 12 3
677 2 5 13 3
678 2 4 12 3
679 2 4 13 3
680 2 3 12 3
681 2 3 13 3
682 2 2 12 3
683 2 2 13 3
684 2 1 12 3
685 2 1 13 3
686 2 0 12 3
687 2 0 13 3
688 1 15 12 2
689 1 15 13 2
690 1 14 12 2
691 1 14 13 2
692 2 9 2 3
693 2 9 3 3
694 2 8 2 3
695 2 8 3 3
696 9 15 2 10
697 9 15 3 10
698 9 14 2 10
699 9 14 3 10
700 9 1 12 10
701 9 1 13 10
702 9 0 12 10
703 9 0 13 10
704 8 15 12 9
705 8 15 13 9
706 8 14 12 9
707 8 14 13 9
708 8 13 12 9
709 8 13 13 9
710 8 12 12 9
711 8 12 13 9
712 8 11 12 9
713 8 11 13 9
714 8 10 12 9
715 8 10 13 9
716 8 9 12 9
717 8 9 13 9
718 8 8 12 9
719 8 8 13 9
720 2 7 14 3
721 2 7 15 3
722 2 6 14 3
723 2 6 15 3
724 2 5 14 3
725 2 5 15 3
726 2 4 14 3
727 2 4 15 3
728 2 3 14 3
729 2 3 15 3
730 2 2 14 3
731 2 2 15 3
732 2 1 14 3
733 2 1 15 3
734 2 0 14 3
735 2 0 15 3
736 1 15 14 2
737 1 15 15 2
738 1 14 14 2
739 1 14 15 2
740 2 9 4 3
741 2 9 5 3
742 2 8 4 3
743 2 8 5 3
744 9 15 4 10
745 9 15 5 10
746 9 14 4 10
747 9 14 5 10
748 9 1 14 10
749 9 1 15 10
750 9 0 14 10
751 9 0 15 10
752 8 15 14 9
753 8 15 15 9
754 8 14 14 9
755 8 14 15 9
756 8 13 14 9
757 8 13 15 9
758 8 12 14 9
759 8 12 15 9
760 8 11 14 9
761 8 11 15 9
762 8 10 14 9
763 8 10 15 9
764 8 9 14 9
765 8 9 15 9
766 8 8 14 9
767 8 8 15 9
768 3 3 0 4
769 3 3 1 4
770 3 2 0 4
771 3 2 1 4
772 3 1 0 4
773 3 1 1 4
774 3 0 0 4
775 3 0 1 4
776 2 15 0 3
777 2 15 1 3
778 2 14 0 3
779 2 14 1 3
780 2 13 0 3
781 2 13 1 3
782 2 12 0 3
783 2 12 1 3
784 2 11 0 3
785 2 11 1 3
786 2 10 0 3
787 2 10 1 3
788 2 9 6 3
789 2 9 7 3
790 2 8 6 3
791 2 8 7 3
792 9 15 6 10
793 9 15 7 10
794 9 14 6 10
795 9 14 7 10
796 9 13 0 10
797 9 13 1 10
798 9 12 0 10
799 9 12 1 10
800 9 11 0 10
801 9 11 1 10
802 9 10 0 10
803 9 10 1 10
804 9 9 0 10
805 9 9 1 10
806 9 8 0 10
807 9 8 1 10
808 9 7 0 10
809 9 7 1 10
810 9 6 0 10
811 9 6 1 10
812 9 5 0 10
813 9 5 1 10
814 9 4 0 10
815 9 4 1 10
816 3 3 2 4
817 3 3 3 4
818 3 2 2 4
819 3 2 3 4
820 3 1 2 4
821 3 1 3 4
822 3 0 2 4
823 3 0 3 4
824 2 15 2 3
825 2 15 3 3
826 2 14 2 3
827 2 14 3 3
828 2 13 2 3
829 2 13 3 3
830 2 12 2 3
831 2 12 3 3
832 2 11 2 3
833 2 11 3 3
834 2 10 2 3
835 2 10 3 3
836 2 9 8 3
837 2 9 9 3
838 2 8 8 3
839 2 8 9 3
840 9 15 8 10
841 9 15 9 10
842 9 14 8 10
843 9 14 9 10
844 9 13 2 10
845 9 13 3 10
846 9 12 2 10
847 9 12 3 10
848 9 11 2 10
849 9 11 3 10
850 9 10 2 10
851 9 10 3 10
852 9 9 2 10
853 9 9 3 10
854 9 8 2 10
855 9 8 3 10
856 9 7 2 10
857 9 7 3 10
858 9 6 2 10
859 9 6 3 10
860 9 5 2 10
861 9 5 3 10
862 9 4 2 10
863 9 4 3 10
864 3 3 4 4
865 3 3 5 4
866 3 2 4 4
867 3 2 5 4
868 3 1 4 4
869 3 1 5 4
870 3 0 4 4
871 3 0 5 4
872 2 15 4 3
873 2 15 5 3
874 2 14 4 3
875 2 14 5 3
876 2 13 4 3
877 2 13 5 3
878 2 12 4 3
879 2 12 5 3
880 2 11 4 3
881 2 11 5 3
882 2 10 4 3
883 2 10 5 3
884 2 9 10 3
885 2 9 11 3
886 2 8 10 3
887 2 8 11 3
888 9 15 10 10
889 9 15 11 10
890 9 14 10 10
891 9 14 11 10
892 9 13 4 10
893 9 13 5 10
894 9 12 4 10
895 9 12 5 10
896 9 11 4 10
897 9 11 5 10
898 9 10 4 10
899 9 10 5 10
900 9 9 4 10
901 9 9 5 10
902 9 8 4 10
903 9 8 5 10
904 9 7 4 10
905 9 7 5 10
906 9 6 4 10
907 9 6 5 10
908 9 5 4 10
909 9 5 5 10
910 9 4 4 10
911 9 4 5 10
912 3 3 6 4
913 3 3 7 4
914 3 2 6 4
915 3 2 7 4
916 3 1 6 4
917 3 1 7 4
918 3 0 6 4
919 3 0 7 4
920 2 15 6 3
921 2 15 7 3
922 2 14 6 3
923 2 14 7 3
924 2 13 6 3
925 2 13 7 3
926 2 12 6 3
927 2 12 7 3
928 2 11 6 3
929 2 11 7 3
930 2 10 6 3
931 2 10 7 3
932 2 9 12 3
933 2 9 13 3
934 2 8 12 3
935 2 8 13 3
936 9 15 12 10
937 9 15 13 10
938 9 14 12 10
939 9 14 13 10
940 9 13 6 10
941 9 13 7 10
942 9 12 6 10
943 9 12 7 10
944 9 11 6 10
945 9 11 7 10
946 9 10 6 10
947 9 10 7 10
948 9 9 6 10
949 9 9 7 10
950 9 8 6 10
951 9 8 7 10
952 9 7 6 10
953 9 7 7 10
954 9 6 6 10
955 9 6 7 10
956 9 5 6 10
957 9 5 7 10
958 9 4 6 10
959 9 4 7 10
960 3 3 8 4
961 3 3 9 4
962 3 2 8 4
963 3 2 9 4
964 3 1 8 4
965 3 1 9 4
966 3 0 8 4
967 3 0 9 4
968 2 15 8 3
969 2 15 9 3
970 2 14 8 3
971 2 14 9 3
972 2 13 8 3
973 2 13 9 3
974 2 12 8 3
975 2 12 9 3
976 2 11 8 3
977 2 11 9 3
978 2 10 8 3
979 2 10 9 3
980 9 13 8 10
981 9 13 9 10
982 9 12 8 10
983 9 12 9 10
984 9 11 8 10
985 9 11 9 10
986 9 10 8 10
987 9 10 9 10
988 9 9 8 10
989 9 9 9 10
990 9 8 8 10
991 9 8 9 10
992 9 7 8 10
993 9 7 9 10
994 9 6 8 10
995 9 6 9 10
996 9 5 8 10
997 9 5 9 10
998 9 4 8 10
999 9 4 9 10
1000 3 3 10 4
1001 3 3 11 4
1002 3 2 10 4
1003 3 2 11 4
1004 3 1 10 4
1005 3 1 11 4
1006 3 0 10 4
1007 3 0 11 4
1008 2 15 10 3
1009 2 15 11 3
1010 2 14 10 3
1011 2 14 11 3
1012 2 13 10 3
1013 2 13 11 3
1014 2 12 10 3
1015 2 12 11 3
1016 2 11 10 3
1017 2 11 11 3
1018 2 10 10 3
1019 2 10 11 3
1020 9 13 10 10
1021 9 13 11 10
1022 9 12 10 10
1023 9 12 11 10
1024 9 11 10 10
1025 9 11 11 10
1026 9 10 10 10
1027 9 10 11 10
1028 9 9 10 10
1029 9 9 11 10
1030 9 8 10 10
1031 9 8 11 10
1032 9 7 10 10
1033 9 7 11 10
1034 9 6 10 10
1035 9 6 11 10
1036 9 5 10 10
1037 9 5 11 10
1038 9 4 10 10
1039 9 4 11 10
1040 3 3 12 4
1041 3 3 13 4
1042 3 2 12 4
1043 3 2 13 4
1044 3 1 12 4
1045 3 1 13 4
1046 3 0 12 4
1047 3 0 13 4
1048 2 15 12 3
1049 2 15 13 3
1050 2 14 12 3
1051 2 14 13 3
1052 2 13 12 3
1053 2 13 13 3
1054 2 12 12 3
1055 2 12 13 3
1056 2 11 12 3
1057 2 11 13 3
1058 2 10 12 3
1059 2 10 13 3
1060 9 13 12 10
1061 9 13 13 10
1062 9 12 12 10
1063 9 12 13 10
1064 9 11 12 10
1065 9 11 13 10
1066 9 10 12 10
1067 9 10 13 10
1068 9 9 12 10
1069 9 9 13 10
1070 9 8 12 10
1071 9 8 13 10
1072 9 7 12 10
1073 9 7 13 10
1074 9 6 12 10
1075 9 6 13 10
1076 9 5 12 10
1077 9 5 13 10
1078 9 4 12 10
1079 9 4 13 10
1080 3 3 14 4
1081 3 3 15 4
1082 3 2 14 4
1083 3 2 15 4
1084 3 1 14 4
1085 3 1 15 4
1086 3 0 14 4
1087 3 0 15 4
1088 2 15 14 3
1089 2 15 15 3
1090 2 14 14 3
1091 2 14 15 3
1092 2 13 14 3
1093 2 13 15 3
1094 2 12 14 3
1095 2 12 15 3
1096 2 11 14 3
1097 2 11 15 3
1098 2 10 14 3
1099 2 10 15 3
1100 9 13 14 10
1101 9 13 15 10
1102 9 12 14 10
1103 9 12 15 10
1104 9 11 14 10
1105 9 11 15 10
1106 9 10 14 10
1107 9 10 15 10
1108 9 9 14 10
1109 9 9 15 10
1110 9 8 14 10
1111 9 8 15 10
1112 9 7 14 10
1113 9 7 15 10
1114 9 6 14 10
1115 9 6 15 10
1116 9 5 14 10
1117 9 5 15 10
1118 9 4 14 10
1119 9 4 15 10
1120 3 15 15 4
1121 3 15 14 4
1122 3 14 15 4
1123 3 14 14 4
1124 3 13 15 4
1125 3 13 14 4
1126 3 12 15 4
1127 3 12 14 4
1128 3 11 15 4
1129 3 11 14 4
1130 3 10 15 4
1131 3 10 14 4
1132 3 9 15 4
1133 3 9 14 4
1134 3 8 15 4
1135 3 8 14 4
1136 3 7 15 4
1137 3 7 14 4
1138 3 6 15 4
1139 3 6 14 4
1140 6 1 15 7
1141 6 1 14 7
1142 6 0 15 7
1143 6 0 14 7
1144 5 15 15 6
1145 5 15 14 6
1146 5 14 15 6
1147 5 14 14 6
1148 5 13 15 6
1149 5 13 14 6
1150 5 12 15 6
1151 5 12 14 6
1152 5 11 15 6
1153 5 11 14 6
1154 5 9 15 6
1155 5 9 14 6
1156 5 10 15 6
1157 5 10 14 6
1158 5 8 15 6
1159 5 8 14 6
1160 3 15 13 4
1161 3 15 12 4
1162 3 14 13 4
1163 3 14 12 4
1164 3 13 13 4
1165 3 13 12 4
1166 3 12 13 4
1167 3 12 12 4
1168 3 11 13 4
1169 3 11 12 4
1170 3 10 13 4
1171 3 10 12 4
1172 3 9 13 4
1173 3 9 12 4
1174 3 8 13 4
1175 3 8 12 4
1176 3 7 13 4
1177 3 7 12 4
1178 3 6 13 4
1179 3 6 12 4
1180 6 1 13 7
1181 6 1 12 7
1182 6 0 13 7
1183 6 0 12 7
1184 5 15 13 6
1185 5 15 12 6
1186 5 14 13 6
1187 5 14 12 6
1188 5 13 13 6
1189 5 13 12 6
1190 5 12 13 6
1191 5 12 12 6
1192 5 11 13 6
1193 5 11 12 6
1194 5 9 13 6
1195 5 9 12 6
1196 5 10 13 6
1197 5 10 12 6
1198 5 8 13 6
1199 5 8 12 6
1200 3 15 11 4
1201 3 15 10 4
1202 3 14 11 4
1203 3 14 10 4
1204 3 13 11 4
1205 3 13 10 4
1206 3 12 11 4
1207 3 12 10 4
1208 3 11 11 4
1209 3 11 10 4
1210 3 10 11 4
1211 3 10 10 4
1212 3 9 11 4
1213 3 9 10 4
1214 3 8 11 4
1215 3 8 10 4
1216 3 7 11 4
1217 3 7 10 4
1218 3 6 11 4
1219 3 6 10 4
1220 6 1 11 7
1221 6 1 10 7
1222 6 0 11 7
1223 6 0 10 7
1224 5 15 11 6
1225 5 15 10 6
1226 5 14 11 6
1227 5 14 10 6
1228 5 13 11 6
1229 5 13 10 6
1230 5 12 11 6
1231 5 12 10 6
1232 5 11 11 6
1233 5 11 10 6
1234 5 9 11 6
1235 5 9 10 6
1236 5 10 11 6
1237 5 10 10 6
1238 5 8 11 6
1239 5 8 10 6
1240 3 15 9 4
1241 3 15 8 4
1242 3 14 9 4
1243 3 14 8 4
1244 3 13 9 4
1245 3 13 8 4
1246 3 12 9 4
1247 3 12 8 4
1248 3 11 9 4
1249 3 11 8 4
1250 3 10 9 4
1251 3 10 8 4
1252 3 9 9 4
1253 3 9 8 4
1254 3 8 9 4
1255 3 8 8 4
1256 3 7 9 4
1257 3 7 8 4
1258 3 6 9 4
1259 3 6 8 4
1260 6 1 9 7
1261 6 1 8 7
1262 6 0 9 7
1263 6 0 8 7
1264 5 15 9 6
1265 5 15 8 6
1266 5 14 9 6
1267 5 14 8 6
1268 5 13 9 6
1269 5 13 8 6
1270 5 12 9 6
1271 5 12 8 6
1272 5 11 9 6
1273 5 11 8 6
1274 5 9 9 6
1275 5 9 8 6
1276 5 10 9 6
1277 5 10 8 6
1278 5 8 9 6
1279 5 8 8 6
1280 3 15 7 4
1281 3 15 6 4
1282 3 14 7 4
1283 3 14 6 4
1284 3 13 7 4
1285 3 13 6 4
1286 3 12 7 4
1287 3 12 6 4
1288 3 11 7 4
1289 3 11 6 4
1290 3 10 7 4
1291 3 10 6 4
1292 3 9 7 4
1293 3 9 6 4
1294 3 8 7 4
1295 3 8 6 4
1296 3 7 7 4
1297 3 7 6 4
1298 3 6 7 4
1299 3 6 6 4
1300 3 5 13 4
1301 3 5 12 4
1302 3 4 13 4
1303 3 4 12 4
1304 6 3 13 7
1305 6 3 12 7
1306 6 2 13 7
1307 6 2 12 7
1308 6 1 7 7
1309 6 1 6 7
1310 6 0 7 7
1311 6 0 6 7
1312 5 15 7 6
1313 5 15 6 6
1314 5 14 7 6
1315 5 14 6 6
1316 5 13 7 6
1317 5 13 6 6
1318 5 12 7 6
1319 5 12 6 6
1320 5 11 7 6
1321 5 11 6 6
1322 5 9 7 6
1323 5 9 6 6
1324 5 10 7 6
1325 5 10 6 6
1326 5 8 7 6
1327 5 8 6 6
1328 3 15 5 4
1329 3 15 4 4
1330 3 14 5 4
1331 3 14 4 4
1332 3 13 5 4
1333 3 13 4 4
1334 3 12 5 4
1335 3 12 4 4
1336 3 11 5 4
1337 3 11 4 4
1338 3 10 5 4
1339 3 10 4 4
1340 3 9 5 4
1341 3 9 4 4
1342 3 8 5 4
1343 3 8 4 4
1344 3 7 5 4
1345 3 7 4 4
1346 3 6 5 4
1347 3 6 4 4
1348 3 5 11 4
1349 3 5 10 4
1350 3 4 11 4
1351 3 4 10 4
1352 6 3 11 7
1353 6 3 10 7
1354 6 2 11 7
1355 6 2 10 7
1356 6 1 5 7
1357 6 1 4 7
1358 6 0 5 7
1359 6 0 4 7
1360 5 15 5 6
1361 5 15 4 6
1362 5 14 5 6
1363 5 14 4 6
1364 5 13 5 6
1365 5 13 4 6
1366 5 12 5 6
1367 5 12 4 6
1368 5 11 5 6
1369 5 11 4 6
1370 5 9 5 6
1371 5 9 4 6
1372 5 10 5 6
1373 5 10 4 6
1374 5 8 5 6
1375 5 8 4 6
1376 3 15 3 4
1377 3 15 2 4
1378 3 14 3 4
1379 3 14 2 4
1380 3 13 3 4
1381 3 13 2 4
1382 3 12 3 4
1383 3 12 2 4
1384 3 11 3 4
1385 3 11 2 4
1386 3 10 3 4
1387 3 10 2 4
1388 3 9 3 4
1389 3 9 2 4
1390 3 8 3 4
1391 3 8 2 4
1392 3 7 3 4
1393 3 7 2 4
1394 3 6 3 4
1395 3 6 2 4
1396 3 5 9 4
1397 3 5 8 4
1398 3 4 9 4
1399 3 4 8 4
1400 6 3 9 7
1401 6 3 8 7
1402 6 2 9 7
1403 6 2 8 7
1404 6 1 3 7
1405 6 1 2 7
1406 6 0 3 7
1407 6 0 2 7
1408 5 15 3 6
1409 5 15 2 6
1410 5 14 3 6
1411 5 14 2 6
1412 5 13 3 6
1413 5 13 2 6
1414 5 12 3 6
1415 5 12 2 6
1416 5 11 3 6
1417 5 11 2 6
1418 5 9 3 6
1419 5 9 2 6
1420 5 10 3 6
1421 5 10 2 6
1422 5 8 3 6
1423 5 8 2 6
1424 3 15 1 4
1425 3 15 0 4
1426 3 14 1 4
1427 3 14 0 4
1428 3 13 1 4
1429 3 13 0 4
1430 3 12 1 4
1431 3 12 0 4
1432 3 11 1 4
1433 3 11 0 4
1434 3 10 1 4
1435 3 10 0 4
1436 3 9 1 4
1437 3 9 0 4
1438 3 8 1 4
1439 3 8 0 4
1440 3 7 1 4
1441 3 7 0 4
1442 3 6 1 4
1443 3 6 0 4
1444 3 5 7 4
1445 3 5 6 4
1446 3 4 7 4
1447 3 4 6 4
1448 6 3 7 7
1449 6 3 6 7
1450 6 2 7 7
1451 6 2 6 7
1452 6 1 1 7
1453 6 1 0 7
1454 6 0 1 7
1455 6 0 0 7
1456 5 15 1 6
1457 5 15 0 6
1458 5 14 1 6
1459 5 14 0 6
1460 5 13 1 6
1461 5 13 0 6
1462 5 12 1 6
1463 5 12 0 6
1464 5 11 1 6
1465 5 11 0 6
1466 5 9 1 6
1467 5 9 0 6
1468 5 10 1 6
1469 5 10 0 6
1470 5 8 1 6
1471 5 8 0 6
1472 4 11 15 5
1473 4 11 14 5
1474 4 10 15 5
1475 4 10 14 5
1476 4 9 15 5
1477 4 9 14 5
1478 4 8 15 5
1479 4 8 14 5
1480 4 7 15 5
1481 4 7 14 5
1482 4 6 15 5
1483 4 6 14 5
1484 4 5 15 5
1485 4 5 14 5
1486 4 4 15 5
1487 4 4 14 5
1488 4 3 15 5
1489 4 3 14 5
1490 4 2 15 5
1491 4 2 14 5
1492 3 5 5 4
1493 3 5 4 4
1494 3 4 5 4
1495 3 4 4 4
1496 6 3 5 7
1497 6 3 4 7
1498 6 2 5 7
1499 6 2 4 7
1500 6 13 15 7
1501 6 13 14 7
1502 6 12 15 7
1503 6 12 14 7
1504 6 11 15 7
1505 6 11 14 7
1506 6 10 15 7
1507 6 10 14 7
1508 6 9 15 7
1509 6 9 14 7
1510 6 8 15 7
1511 6 8 14 7
1512 6 7 15 7
1513 6 7 14 7
1514 6 6 15 7
1515 6 6 14 7
1516 6 5 15 7
1517 6 5 14 7
1518 6 4 15 7
1519 6 4 14 7
1520 4 11 13 5
1521 4 11 12 5
1522 4 10 13 5
1523 4 10 12 5
1524 4 9 13 5
1525 4 9 12 5
1526 4 8 13 5
1527 4 8 12 5
1528 4 7 13 5
1529 4 7 12 5
1530 4 6 13 5
1531 4 6 12 5
1532 4 5 13 5
1533 4 5 12 5
1534 4 4 13 5
1535 4 4 12 5
1536 4 3 13 5
1537 4 3 12 5
1538 4 2 13 5
1539 4 2 12 5
1540 3 5 3 4
1541 3 5 2 4
1542 3 4 3 4
1543 3 4 2 4
1544 6 3 3 7
1545 6 3 2 7
1546 6 2 3 7
1547 6 2 2 7
1548 6 13 13 7
1549 6 13 12 7
1550 6 12 13 7
1551 6 12 12 7
1552 6 11 13 7
1553 6 11 12 7
1554 6 10 13 7
1555 6 10 12 7
1556 6 9 13 7
1557 6 9 12 7
1558 6 8 13 7
1559 6 8 12 7
1560 6 7 13 7
1561 6 7 12 7
1562 6 6 13 7
1563 6 6 12 7
1564 6 5 13 7
1565 6 5 12 7
1566 6 4 13 7
1567 6 4 12 7
1568 4 11 11 5
1569 4 11 10 5
1570 4 10 11 5
1571 4 10 10 5
1572 4 9 11 5
1573 4 9 10 5
1574 4 8 11 5
1575 4 8 10 5
1576 4 7 11 5
1577 4 7 10 5
1578 4 6 11 5
1579 4 6 10 5
1580 4 5 11 5
1581 4 5 10 5
1582 4 4 11 5
1583 4 4 10 5
1584 4 3 11 5
1585 4 3 10 5
1586 4 2 11 5
1587 4 2 10 5
1588 3 5 1 4
1589 3 5 0 4
1590 3 4 1 4
1591 3 4 0 4
1592 6 3 1 7
1593 6 3 0 7
1594 6 2 1 7
1595 6 2 0 7
1596 6 13 11 7
1597 6 13 10 7
1598 6 12 11 7
1599 6 12 10 7
1600 6 11 11 7
1601 6 11 10 7
1602 6 10 11 7
1603 6 10 10 7
1604 6 9 11 7
1605 6 9 10 7
1606 6 8 11 7
1607 6 8 10 7
1608 6 7 11 7
1609 6 7 10 7
1610 6 6 11 7
1611 6 6 10 7
1612 6 5 11 7
1613 6 5 10 7
1614 6 4 11 7
1615 6 4 10 7
1616 4 11 9 5
1617 4 11 8 5
1618 4 10 9 5
1619 4 10 8 5
1620 4 9 9 5
1621 4 9 8 5
1622 4 8 9 5
1623 4 8 8 5
1624 4 7 9 5
1625 4 7 8 5
1626 4 6 9 5
1627 4 6 8 5
1628 4 5 9 5
1629 4 5 8 5
1630 4 4 9 5
1631 4 4 8 5
1632 4 3 9 5
1633 4 3 8 5
1634 4 2 9 5
1635 4 2 8 5
1636 4 1 15 5
1637 4 1 14 5
1638 4 0 15 5
1639 4 0 14 5
1640 6 15 15 7
1641 6 15 14 7
1642 6 14 15 7
1643 6 14 14 7
1644 6 13 9 7
1645 6 13 8 7
1646 6 12 9 7
1647 6 12 8 7
1648 6 11 9 7
1649 6 11 8 7
1650 6 10 9 7
1651 6 10 8 7
1652 6 9 9 7
1653 6 9 8 7
1654 6 8 9 7
1655 6 8 8 7
1656 6 7 9 7
1657 6 7 8 7
1658 6 6 9 7
1659 6 6 8 7
1660 6 5 9 7
1661 6 5 8 7
1662 6 4 9 7
1663 6 4 8 7
1664 4 11 7 5
1665 4 11 6 5
1666 4 10 7 5
1667 4 10 6 5
1668 4 9 7 5
1669 4 9 6 5
1670 4 8 7 5
1671 4 8 6 5
1672 4 7 7 5
1673 4 7 6 5
1674 4 6 7 5
1675 4 6 6 5
1676 4 5 7 5
1677 4 5 6 5
1678 4 4 7 5
1679 4 4 6 5
1680 4 3 7 5
1681 4 3 6 5
1682 4 2 7 5
1683 4 2 6 5
1684 4 1 13 5
1685 4 1 12 5
1686 4 0 13 5
1687 4 0 12 5
1688 6 15 13 7
1689 6 15 12 7
1690 6 14 13 7
1691 6 14 12 7
1692 6 13 7 7
1693 6 13 6 7
1694 6 12 7 7
1695 6 12 6 7
1696 6 11 7 7
1697 6 11 6 7
1698 6 10 7 7
1699 6 10 6 7
1700 6 9 7 7
1701 6 9 6 7
1702 6 8 7 7
1703 6 8 6 7
1704 6 7 7 7
1705 6 7 6 7
1706 6 6 7 7
1707 6 6 6 7
1708 6 5 7 7
1709 6 5 6 7
1710 6 4 7 7
1711 6 4 6 7
1712 4 11 5 5
1713 4 11 4 5
1714 4 10 5 5
1715 4 10 4 5
1716 4 9 5 5
1717 4 9 4 5
1718 4 8 5 5
1719 4 8 4 5
1720 4 7 5 5
1721 4 7 4 5
1722 4 6 5 5
1723 4 6 4 5
1724 4 5 5 5
1725 4 5 4 5
1726 4 4 5 5
1727 4 4 4 5
1728 4 3 5 5
1729 4 3 4 5
1730 4 2 5 5
1731 4 2 4 5
1732 4 1 9 5
1733 4 1 8 5
1734 4 0 9 5
1735 4 0 8 5
1736 6 15 9 7
1737 6 15 8 7
1738 6 14 9 7
1739 6 14 8 7
1740 6 13 5 7
1741 6 13 4 7
1742 6 12 5 7
1743 6 12 4 7
1744 6 11 5 7
1745 6 11 4 7
1746 6 10 5 7
1747 6 10 4 7
1748 6 9 5 7
1749 6 9 4 7
1750 6 8 5 7
1751 6 8 4 7
1752 6 7 5 7
1753 6 7 4 7
1754 6 6 5 7
1755 6 6 4 7
1756 6 5 5 7
1757 6 5 4 7
1758 6 4 5 7
1759 6 4 4 7
1760 4 11 3 5
1761 4 11 2 5
1762 4 10 3 5
1763 4 10 2 5
1764 4 9 3 5
1765 4 9 2 5
1766 4 8 3 5
1767 4 8 2 5
1768 4 7 3 5
1769 4 7 2 5
1770 4 6 3 5
1771 4 6 2 5
1772 4 5 3 5
1773 4 5 2 5
1774 4 4 3 5
1775 4 4 2 5
1776 4 3 3 5
1777 4 3 2 5
1778 4 2 3 5
1779 4 2 2 5
1780 4 1 7 5
1781 4 1 6 5
1782 4 0 7 5
1783 4 0 6 5
1784 6 15 7 7
1785 6 15 6 7
1786 6 14 7 7
1787 6 14 6 7
1788 6 13 3 7
1789 6 13 2 7
1790 6 12 3 7
1791 6 12 2 7
1792 6 11 3 7
1793 6 11 2 7
1794 6 10 3 7
1795 6 10 2 7
1796 6 9 3 7
1797 6 9 2 7
1798 6 8 3 7
1799 6 8 2 7
1800 6 7 3 7
1801 6 7 2 7
1802 6 6 3 7
1803 6 6 2 7
1804 6 5 3 7
1805 6 5 2 7
1806 6 4 3 7
1807 6 4 2 7
1808 4 11 1 5
1809 4 11 0 5
1810 4 10 1 5
1811 4 10 0 5
1812 4 9 1 5
1813 4 9 0 5
1814 4 8 1 5
1815 4 8 0 5
1816 4 7 1 5
1817 4 7 0 5
1818 4 6 1 5
1819 4 6 0 5
1820 4 5 1 5
1821 4 5 0 5
1822 4 4 1 5
1823 4 4 0 5
1824 4 3 1 5
1825 4 3 0 5
1826 4 2 1 5
1827 4 2 0 5
1828 4 1 5 5
1829 4 1 4 5
1830 4 0 5 5
1831 4 0 4 5
1832 6 15 5 7
1833 6 15 4 7
1834 6 14 5 7
1835 6 14 4 7
1836 6 13 1 7
1837 6 13 0 7
1838 6 12 1 7
1839 6 12 0 7
1840 6 11 1 7
1841 6 11 0 7
1842 6 10 1 7
1843 6 10 0 7
1844 6 9 1 7
1845 6 9 0 7
1846 6 8 1 7
1847 6 8 0 7
1848 6 7 1 7
1849 6 7 0 7
1850 6 6 1 7
1851 6 6 0 7
1852 6 5 1 7
1853 6 5 0 7
1854 6 4 1 7
1855 6 4 0 7
1856 5 6 15 1
1857 5 6 14 1
1858 5 7 15 1
1859 5 7 14 1
1860 5 4 15 1
1861 5 4 14 1
1862 5 5 15 1
1863 5 5 14 1
1864 5 3 15 1
1865 5 3 14 1
1866 5 2 15 1
1867 5 2 14 1
1868 5 1 15 1
1869 5 1 14 1
1870 5 0 15 1
1871 5 0 14 1
1872 4 15 15 5
1873 4 15 14 5
1874 4 14 15 5
1875 4 14 14 5
1876 4 1 3 5
1877 4 1 2 5
1878 4 0 3 5
1879 4 0 2 5
1880 6 15 3 7
1881 6 15 2 7
1882 6 14 3 7
1883 6 14 2 7
1884 7 9 15 8
1885 7 9 14 8
1886 7 8 15 8
1887 7 8 14 8
1888 7 7 15 8
1889 7 7 14 8
1890 7 6 15 8
1891 7 6 14 8
1892 7 5 15 8
1893 7 5 14 8
1894 7 4 15 8
1895 7 4 14 8
1896 7 3 15 8
1897 7 3 14 8
1898 7 2 15 8
1899 7 2 14 8
1900 7 1 15 8
1901 7 1 14 8
1902 7 0 15 8
1903 7 0 14 8
1904 5 6 13 1
1905 5 6 12 1
1906 5 7 13 1
1907 5 7 12 1
1908 5 4 13 1
1909 5 4 12 1
1910 5 5 13 1
1911 5 5 12 1
1912 5 3 13 1
1913 5 3 12 1
1914 5 2 13 1
1915 5 2 12 1
1916 5 1 13 1
1917 5 1 12 1
1918 5 0 13 1
1919 5 0 12 1
1920 4 15 13 5
1921 4 15 12 5
1922 4 14 13 5
1923 4 14 12 5
1924 4 1 1 5
1925 4 1 0 5
1926 4 0 1 5
1927 4 0 0 5
1928 6 15 1 7
1929 6 15 0 7
1930 6 14 1 7
1931 6 14 0 7
1932 7 9 13 8
1933 7 9 12 8
1934 7 8 13 8
1935 7 8 12 8
1936 7 7 13 8
1937 7 7 12 8
1938 7 6 13 8
1939 7 6 12 8
1940 7 5 13 8
1941 7 5 12 8
1942 7 4 13 8
1943 7 4 12 8
1944 7 3 13 8
1945 7 3 12 8
1946 7 2 13 8
1947 7 2 12 8
1948 7 1 13 8
1949 7 1 12 8
1950 7 0 13 8
1951 7 0 12 8
1952 5 6 11 1
1953 5 6 10 1
1954 5 7 11 1
1955 5 7 10 1
1956 5 4 11 1
1957 5 4 10 1
1958 5 5 11 1
1959 5 5 10 1
1960 5 3 11 1
1961 5 3 10 1
1962 5 2 11 1
1963 5 2 10 1
1964 5 1 11 1
1965 5 1 10 1
1966 5 0 11 1
1967 5 0 10 1
1968 4 15 11 5
1969 4 15 10 5
1970 4 14 11 5
1971 4 14 10 5
1972 4 13 15 5
1973 4 13 14 5
1974 4 12 15 5
1975 4 12 14 5
1976 7 11 15 8
1977 7 11 14 8
1978 7 10 15 8
1979 7 10 14 8
1980 7 9 11 8
1981 7 9 10 8
1982 7 8 11 8
1983 7 8 10 8
1984 7 7 11 8
1985 7 7 10 8
1986 7 6 11 8
1987 7 6 10 8
1988 7 5 11 8
1989 7 5 10 8
1990 7 4 11 8
1991 7 4 10 8
1992 7 3 11 8
1993 7 3 10 8
1994 7 2 11 8
1995 7 2 10 8
1996 7 1 11 8
1997 7 1 10 8
1998 7 0 11 8
1999 7 0 10 8
2000 5 6 9 1
2001 5 6 8 1
2002 5 7 9 1
2003 5 7 8 1
2004 5 4 9 1
2005 5 4 8 1
2006 5 5 9 1
2007 5 5 8 1
2008 5 3 9 1
2009 5 3 8 1
2010 5 2 9 1
2011 5 2 8 1
2012 5 1 9 1
2013 5 1 8 1
2014 5 0 9 1
2015 5 0 8 1
2016 4 15 9 5
2017 4 15 8 5
2018 4 14 9 5
2019 4 14 8 5
2020 4 13 13 5
2021 4 13 12 5
2022 4 12 13 5
2023 4 12 12 5
2024 7 11 13 8
2025 7 11 12 8
2026 7 10 13 8
2027 7 10 12 8
2028 7 9 9 8
2029 7 9 8 8
2030 7 8 9 8
2031 7 8 8 8
2032 7 7 9 8
2033 7 7 8 8
2034 7 6 9 8
2035 7 6 8 8
2036 7 5 9 8
2037 7 5 8 8
2038 7 4 9 8
2039 7 4 8 8
2040 7 3 9 8
2041 7 3 8 8
2042 7 2 9 8
2043 7 2 8 8
2044 7 1 9 8
2045 7 1 8 8
2046 7 0 9 8
2047 7 0 8 8
2048 5 6 7 1
2049 5 6 6 1
2050 5 7 7 1
2051 5 7 6 1
2052 5 4 7 1
2053 5 4 6 1
2054 5 5 7 1
2055 5 5 6 1
2056 5 3 7 1
2057 5 3 6 1
2058 5 2 7 1
2059 5 2 6 1
2060 5 1 7 1
2061 5 1 6 1
2062 5 0 7 1
2063 5 0 6 1
2064 4 15 7 5
2065 4 15 6 5
2066 4 14 7 5
2067 4 14 6 5
2068 4 13 11 5
2069 4 13 10 5
2070 4 12 11 5
2071 4 12 10 5
2072 7 11 11 8
2073 7 11 10 8
2074 7 10 11 8
2075 7 10 10 8
2076 7 9 7 8
2077 7 9 6 8
2078 7 8 7 8
2079 7 8 6 8
2080 7 7 7 8
2081 7 7 6 8
2082 7 6 7 8
2083 7 6 6 8
2084 7 5 7 8
2085 7 5 6 8
2086 7 4 7 8
2087 7 4 6 8
2088 7 3 7 8
2089 7 3 6 8
2090 7 2 7 8
2091 7 2 6 8
2092 7 1 7 8
2093 7 1 6 8
2094 7 0 7 8
2095 7 0 6 8
2096 5 6 5 1
2097 5 6 4 1
2098 5 7 5 1
2099 5 7 4 1
2100 5 4 5 1
2101 5 4 4 1
2102 5 5 5 1
2103 5 5 4 1
2104 5 3 5 1
2105 5 3 4 1
2106 5 2 5 1
2107 5 2 4 1
2108 5 1 5 1
2109 5 1 4 1
2110 5 0 5 1
2111 5 0 4 1
2112 4 15 5 5
2113 4 15 4 5
2114 4 14 5 5
2115 4 14 4 5
2116 4 13 9 5
2117 4 13 8 5
2118 4 12 9 5
2119 4 12 8 5
2120 7 11 9 8
2121 7 11 8 8
2122 7 10 9 8
2123 7 10 8 8
2124 7 9 5 8
2125 7 9 4 8
2126 7 8 5 8
2127 7 8 4 8
2128 7 7 5 8
2129 7 7 4 8
2130 7 6 5 8
2131 7 6 4 8
2132 7 5 5 8
2133 7 5 4 8
2134 7 4 5 8
2135 7 4 4 8
2136 7 3 5 8
2137 7 3 4 8
2138 7 2 5 8
2139 7 2 4 8
2140 7 1 5 8
2141 7 1 4 8
2142 7 0 5 8
2143 7 0 4 8
2144 5 6 3 1
2145 5 6 2 1
2146 5 7 3 1
2147 5 7 2 1
2148 5 4 3 1
2149 5 4 2 1
2150 5 5 3 1
2151 5 5 2 1
2152 5 3 3 1
2153 5 3 2 1
2154 5 2 3 1
2155 5 2 2 1
2156 5 1 3 1
2157 5 1 2 1
2158 5 0 3 1
2159 5 0 2 1
2160 4 15 3 5
2161 4 15 2 5
2162 4 14 3 5
2163 4 14 2 5
2164 4 13 7 5
2165 4 13 6 5
2166 4 12 7 5
2167 4 12 6 5
2168 7 11 7 8
2169 7 11 6 8
2170 7 10 7 8
2171 7 10 6 8
2172 7 9 3 8
2173 7 9 2 8
2174 7 8 3 8
2175 7 8 2 8
2176 7 7 3 8
2177 7 7 2 8
2178 7 6 3 8
2179 7 6 2 8
2180 7 5 3 8
2181 7 5 2 8
2182 7 4 3 8
2183 7 4 2 8
2184 7 3 3 8
2185 7 3 2 8
2186 7 2 3 8
2187 7 2 2 8
2188 7 1 3 8
2189 7 1 2 8
2190 7 0 3 8
2191 7 0 2 8
2192 5 6 1 1
2193 5 6 0 1
2194 5 7 1 1
2195 5 7 0 1
2196 5 4 1 1
2197 5 4 0 1
2198 5 5 1 1
2199 5 5 0 1
2200 5 3 1 1
2201 5 3 0 1
2202 5 2 1 1
2203 5 2 0 1
2204 5 1 1 1
2205 5 1 0 1
2206 5 0 1 1
2207 5 0 0 1
2208 4 15 1 5
2209 4 15 0 5
2210 4 14 1 5
2211 4 14 0 5
2212 4 13 5 5
2213 4 13 4 5
2214 4 12 5 5
2215 4 12 4 5
2216 7 11 5 8
2217 7 11 4 8
2218 7 10 5 8
2219 7 10 4 8
2220 7 9 1 8
2221 7 9 0 8
2222 7 8 1 8
2223 7 8 0 8
2224 7 7 1 8
2225 7 7 0 8
2226 7 6 1 8
2227 7 6 0 8
2228 7 5 1 8
2229 7 5 0 8
2230 7 4 1 8
2231 7 4 0 8
2232 7 3 1 8
2233 7 3 0 8
2234 7 2 1 8
2235 7 2 0 8
2236 7 1 1 8
2237 7 1 0 8
2238 7 0 1 8
2239 7 0 0 8
2240 9999 9999 9999 10000
2241 9999 9999 9999 10000
2242 9999 9999 9999 10000
2243 9999 9999 9999 10000
2244 9999 9999 9999 10000
2245 9999 9999 9999 10000
2246 9999 9999 9999 10000
2247 9999 9999 9999 10000
2248 9999 9999 9999 10000
2249 9999 9999 9999 10000
2250 9999 9999 9999 10000
2251 9999 9999 9999 10000
2252 9999 9999 9999 10000
2253 9999 9999 9999 10000
2254 9999 9999 9999 10000
2255 9999 9999 9999 10000
2256 9999 9999 9999 10000
2257 9999 9999 9999 10000
2258 9999 9999 9999 10000
2259 9999 9999 9999 10000
2260 9999 9999 9999 10000
2261 9999 9999 9999 10000
2262 9999 9999 9999 10000
2263 9999 9999 9999 10000
2264 9999 9999 9999 10000
2265 9999 9999 9999 10000
2266 9999 9999 9999 10000
2267 9999 9999 9999 10000
2268 9999 9999 9999 10000
2269 9999 9999 9999 10000
2270 9999 9999 9999 10000
2271 9999 9999 9999 10000
2272 9999 9999 9999 10000
2273 9999 9999 9999 10000
2274 9999 9999 9999 10000
2275 9999 9999 9999 10000
2276 9999 9999 9999 10000
2277 9999 9999 9999 10000
2278 9999 9999 9999 10000
2279 9999 9999 9999 10000
2280 9999 9999 9999 10000
2281 9999 9999 9999 10000
2282 9999 9999 9999 10000
2283 9999 9999 9999 10000
2284 9999 9999 9999 10000
2285 9999 9999 9999 10000
2286 9999 9999 9999 10000
2287 9999 9999 9999 10000
2288 9999 9999 9999 10000
2289 9999 9999 9999 10000
2290 9999 9999 9999 10000
2291 9999 9999 9999 10000
2292 9999 9999 9999 10000
2293 9999 9999 9999 10000
2294 9999 9999 9999 10000
2295 9999 9999 9999 10000
2296 9999 9999 9999 10000
2297 9999 9999 9999 10000
2298 9999 9999 9999 10000
2299 9999 9999 9999 10000
2300 9999 9999 9999 10000
2301 9999 9999 9999 10000
2302 9999 9999 9999 10000
2303 9999 9999 9999 10000
2304 9999 9999 9999 10000
2305 9999 9999 9999 10000
2306 9999 9999 9999 10000
2307 9999 9999 9999 10000
2308 9999 9999 9999 10000
2309 9999 9999 9999 10000
2310 9999 9999 9999 10000
2311 9999 9999 9999 10000
2312 9999 9999 9999 10000
2313 9999 9999 9999 10000
2314 9999 9999 9999 10000
2315 9999 9999 9999 10000
2316 9999 9999 9999 10000
2317 9999 9999 9999 10000
2318 9999 9999 9999 10000
2319 9999 9999 9999 10000
2320 9999 9999 9999 10000
2321 9999 9999 9999 10000
2322 9999 9999 9999 10000
2323 9999 9999 9999 10000
2324 9999 9999 9999 10000
2325 9999 9999 9999 10000
2326 9999 9999 9999 10000
2327 9999 9999 9999 10000
2328 9999 9999 9999 10000
2329 9999 9999 9999 10000
2330 9999 9999 9999 10000
2331 9999 9999 9999 10000
2332 9999 9999 9999 10000
2333 9999 9999 9999 10000
2334 9999 9999 9999 10000
2335 9999 9999 9999 10000
2336 9999 9999 9999 10000
2337 9999 9999 9999 10000
2338 9999 9999 9999 10000
2339 9999 9999 9999 10000
2340 9999 9999 9999 10000
2341 9999 9999 9999 10000
2342 9999 9999 9999 10000
2343 9999 9999 9999 10000
2344 9999 9999 9999 10000
2345 9999 9999 9999 10000
2346 9999 9999 9999 10000
2347 9999 9999 9999 10000
2348 9999 9999 9999 10000
2349 9999 9999 9999 10000
2350 9999 9999 9999 10000
2351 9999 9999 9999 10000
2352 9999 9999 9999 10000
2353 9999 9999 9999 10000
2354 9999 9999 9999 10000
2355 9999 9999 9999 10000
2356 9999 9999 9999 10000
2357 9999 9999 9999 10000
2358 9999 9999 9999 10000
2359 9999 9999 9999 10000
2360 0 4 12 1
2361 0 4 10 1
2362 0 3 9 6
2363 0 3 11 6
2364 0 4 8 1
2365 0 4 6 1
2366 0 4 4 1
2367 0 3 3 6
2368 0 3 5 6
2369 0 3 7 6
2370 0 4 11 1
2371 0 4 9 1
2372 0 4 2 1
2373 0 4 0 1
2374 0 3 1 6
2375 0 3 8 6
2376 0 3 10 6
2377 0 3 12 6
2378 0 4 7 1
2379 0 4 5 1
2380 0 4 3 1
2381 0 4 1 1
2382 0 3 0 6
2383 0 3 2 6
2384 0 3 4 6
2385 0 3 6 6
2386 0 5 14 1
2387 0 5 12 1
2388 0 5 10 1
2389 0 5 8 1
2390 0 5 6 1
2391 0 2 7 6
2392 0 2 9 6
2393 0 2 11 6
2394 0 2 13 6
2395 0 2 15 6
2396 0 5 15 1
2397 0 5 13 1
2398 0 5 4 1
2399 0 5 2 1
2400 0 5 0 1
2401 0 2 1 6
2402 0 2 3 6
2403 0 2 5 6
2404 0 2 12 6
2405 0 2 14 6
2406 0 5 11 1
2407 0 5 9 1
2408 0 5 7 1
2409 0 5 5 1
2410 0 5 3 1
2411 0 5 1 1
2412 0 2 0 6
2413 0 2 2 6
2414 0 2 4 6
2415 0 2 6 6
2416 0 2 8 6
2417 0 2 10 6
2418 0 6 14 1
2419 0 6 12 1
2420 0 6 10 1
2421 0 6 8 1
2422 0 6 6 1
2423 0 6 4 1
2424 0 1 5 6
2425 0 1 7 6
2426 0 1 9 6
2427 0 1 11 6
2428 0 1 13 6
2429 0 1 15 6
2430 0 6 15 1
2431 0 6 13 1
2432 0 6 11 1
2433 0 6 9 1
2434 0 6 2 1
2435 0 6 0 1
2436 0 1 1 6
2437 0 1 3 6
2438 0 1 8 6
2439 0 1 10 6
2440 0 1 12 6
2441 0 1 14 6
2442 0 6 7 1
2443 0 6 5 1
2444 0 6 3 1
2445 0 6 1 1
2446 0 7 2 1
2447 0 7 0 1
2448 0 0 1 6
2449 0 0 3 6
2450 0 1 0 6
2451 0 1 2 6
2452 0 1 4 6
2453 0 1 6 6
2454 0 7 13 1
2455 0 7 12 1
2456 0 7 10 1
2457 0 7 8 1
2458 0 7 6 1
2459 0 7 4 1
2460 0 0 5 6
2461 0 0 7 6
2462 0 0 9 6
2463 0 0 11 6
2464 0 0 13 6
2465 0 0 12 6
2466 0 7 11 1
2467 0 7 9 1
2468 0 7 7 1
2469 0 7 5 1
2470 0 7 3 1
2471 0 7 1 1
2472 0 0 0 6
2473 0 0 2 6
2474 0 0 4 6
2475 0 0 6 6
2476 0 0 8 6
2477 0 0 10 6
2478 0 8 12 1
2479 0 8 10 1
2480 0 8 8 1
2481 0 8 6 1
2482 0 8 4 1
2483 0 8 2 1
2484 0 15 3 8
2485 0 15 5 8
2486 0 15 7 8
2487 0 15 9 8
2488 0 15 11 8
2489 0 15 13 8
2490 0 8 13 1
2491 0 8 11 1
2492 0 8 9 1
2493 0 8 7 1
2494 0 8 5 1
2495 0 8 0 1
2496 0 15 1 8
2497 0 15 4 8
2498 0 15 6 8
2499 0 15 8 8
2500 0 15 10 8
2501 0 15 12 8
2502 0 9 14 1
2503 0 9 12 1
2504 0 9 10 1
2505 0 9 8 1
2506 0 8 3 1
2507 0 8 1 1
2508 0 15 0 8
2509 0 15 2 8
2510 0 14 9 8
2511 0 14 11 8
2512 0 14 13 8
2513 0 14 15 8
2514 0 9 15 1
2515 0 9 13 1
2516 0 9 6 1
2517 0 9 4 1
2518 0 9 2 1
2519 0 9 0 1
2520 0 14 1 8
2521 0 14 3 8
2522 0 14 5 8
2523 0 14 7 8
2524 0 14 12 8
2525 0 14 14 8
2526 0 9 11 1
2527 0 9 9 1
2528 0 9 7 1
2529 0 9 5 1
2530 0 9 3 1
2531 0 9 1 1
2532 0 14 0 8
2533 0 14 2 8
2534 0 14 4 8
2535 0 14 6 8
2536 0 14 8 8
2537 0 14 10 8
2538 0 10 14 1
2539 0 10 12 1
2540 0 10 10 1
2541 0 10 8 1
2542 0 10 6 1
2543 0 10 4 1
2544 0 13 5 8
2545 0 13 7 8
2546 0 13 9 8
2547 0 13 11 8
2548 0 13 13 8
2549 0 13 15 8
2550 0 10 15 1
2551 0 10 13 1
2552 0 10 11 1
2553 0 10 2 1
2554 0 10 0 1
2555 0 13 1 8
2556 0 13 3 8
2557 0 13 10 8
2558 0 13 12 8
2559 0 13 14 8
2560 0 10 9 1
2561 0 10 7 1
2562 0 10 5 1
2563 0 10 3 1
2564 0 10 1 1
2565 0 13 0 8
2566 0 13 2 8
2567 0 13 4 8
2568 0 13 6 8
2569 0 13 8 8
2570 0 11 6 1
2571 0 11 4 1
2572 0 11 2 1
2573 0 11 0 1
2574 0 12 1 8
2575 0 12 3 8
2576 0 12 5 8
2577 0 12 7 8
2578 0 11 12 1
2579 0 11 10 1
2580 0 11 8 1
2581 0 11 1 1
2582 0 12 0 8
2583 0 12 2 8
2584 0 12 9 8
2585 0 12 11 8
2586 0 11 7 1
2587 0 11 5 1
2588 0 11 3 1
2589 0 12 4 8
2590 0 12 6 8
2591 0 12 8 8
2592 0 11 11 1
2593 0 11 9 1
2594 0 12 10 8
2595 0 12 12 8
2596 9999 9999 9999 10000
2597 9999 9999 9999 10000
2598 9999 9999 9999 10000
2599 9999 9999 9999 10000
2600 9999 9999 9999 10000
2601 9999 9999 9999 10000
2602 9999 9999 9999 10000
2603 9999 9999 9999 10000
2604 9999 9999 9999 10000
2605 9999 9999 9999 10000
2606 9999 9999 9999 10000
2607 9999 9999 9999 10000
2608 9999 9999 9999 10000
2609 9999 9999 9999 10000
2610 9999 9999 9999 10000
2611 9999 9999 9999 10000
2612 9999 9999 9999 10000
2613 9999 9999 9999 10000
2614 9999 9999 9999 10000
2615 9999 9999 9999 10000
2616 9999 9999 9999 10000
2617 9999 9999 9999 10000
2618 9999 9999 9999 10000
2619 9999 9999 9999 10000
2620 9999 9999 9999 10000
2621 9999 9999 9999 10000
2622 9999 9999 9999 10000
2623 9999 9999 9999 10000
2624 9999 9999 9999 10000
2625 9999 9999 9999 10000
2626 9999 9999 9999 10000
2627 9999 9999 9999 10000
2628 9999 9999 9999 10000
2629 9999 9999 9999 10000
2630 9999 9999 9999 10000
2631 9999 9999 9999 10000
2632 9999 9999 9999 10000
2633 9999 9999 9999 10000
2634 9999 9999 9999 10000
2635 9999 9999 9999 10000
2636 9999 9999 9999 10000
2637 9999 9999 9999 10000
2638 9999 9999 9999 10000
2639 9999 9999 9999 10000
2640 9999 9999 9999 10000
2641 9999 9999 9999 10000
2642 9999 9999 9999 10000
2643 9999 9999 9999 10000
2644 9999 9999 9999 10000
2645 9999 9999 9999 10000
2646 9999 9999 9999 10000
2647 9999 9999 9999 10000
2648 9999 9999 9999 10000
2649 9999 9999 9999 10000
2650 9999 9999 9999 10000
2651 9999 9999 9999 10000
2652 9999 9999 9999 10000
2653 9999 9999 9999 10000
2654 9999 9999 9999 10000
2655 9999 9999 9999 10000
2656 9999 9999 9999 10000
2657 9999 9999 9999 10000
2658 9999 9999 9999 10000
2659 9999 9999 9999 10000
2660 9999 9999 9999 10000
2661 9999 9999 9999 10000
2662 9999 9999 9999 10000
2663 9999 9999 9999 10000
2664 9999 9999 9999 10000
2665 9999 9999 9999 10000
2666 9999 9999 9999 10000
2667 9999 9999 9999 10000
2668 9999 9999 9999 10000
2669 9999 9999 9999 10000
2670 9999 9999 9999 10000
2671 9999 9999 9999 10000
2672 9999 9999 9999 10000
2673 9999 9999 9999 10000
2674 9999 9999 9999 10000
2675 9999 9999 9999 10000
2676 9999 9999 9999 10000
2677 9999 9999 9999 10000
2678 9999 9999 9999 10000
2679 9999 9999 9999 10000
2680 9999 9999 9999 10000
2681 9999 9999 9999 10000
2682 9999 9999 9999 10000
2683 9999 9999 9999 10000
2684 9999 9999 9999 10000
2685 9999 9999 9999 10000
2686 9999 9999 9999 10000
2687 9999 9999 9999 10000
2688 9999 9999 9999 10000
2689 9999 9999 9999 10000
2690 9999 9999 9999 10000
2691 9999 9999 9999 10000
2692 9999 9999 9999 10000
2693 9999 9999 9999 10000
2694 9999 9999 9999 10000
2695 9999 9999 9999 10000
2696 9999 9999 9999 10000
2697 9999 9999 9999 10000
2698 9999 9999 9999 10000
2699 9999 9999 9999 10000
2700 9999 9999 9999 10000
2701 9999 9999 9999 10000
2702 9999 9999 9999 10000
2703 9999 9999 9999 10000
2704 9999 9999 9999 10000
2705 9999 9999 9999 10000
2706 9999 9999 9999 10000
2707 9999 9999 9999 10000
2708 9999 9999 9999 10000
2709 9999 9999 9999 10000
2710 9999 9999 9999 10000
2711 9999 9999 9999 10000
2712 9999 9999 9999 10000
2713 9999 9999 9999 10000
2714 9999 9999 9999 10000
2715 9999 9999 9999 10000
