0	-587.5	-587.5
1	-562.5	-587.5
2	-537.5	-587.5
3	-512.5	-587.5
4	-487.5	-587.5
5	-462.5	-587.5
6	-437.5	-587.5
7	-412.5	-587.5
8	-387.5	-587.5
9	-362.5	-587.5
10	-337.5	-587.5
11	-312.5	-587.5
12	-287.5	-587.5
13	-262.5	-587.5
14	-237.5	-587.5
15	-212.5	-587.5
16	-187.5	-587.5
17	-162.5	-587.5
18	-137.5	-587.5
19	-112.5	-587.5
20	-87.5	-587.5
21	-62.5	-587.5
22	-37.5	-587.5
23	-12.5	-587.5
24	12.5	-587.5
25	37.5	-587.5
26	62.5	-587.5
27	87.5	-587.5
28	112.5	-587.5
29	137.5	-587.5
30	162.5	-587.5
31	187.5	-587.5
32	212.5	-587.5
33	237.5	-587.5
34	262.5	-587.5
35	287.5	-587.5
36	312.5	-587.5
37	337.5	-587.5
38	362.5	-587.5
39	387.5	-587.5
40	412.5	-587.5
41	437.5	-587.5
42	462.5	-587.5
43	487.5	-587.5
44	512.5	-587.5
45	537.5	-587.5
46	562.5	-587.5
47	587.5	-587.5
48	-587.5	-562.5
49	-562.5	-562.5
50	-537.5	-562.5
51	-512.5	-562.5
52	-487.5	-562.5
53	-462.5	-562.5
54	-437.5	-562.5
55	-412.5	-562.5
56	-387.5	-562.5
57	-362.5	-562.5
58	-337.5	-562.5
59	-312.5	-562.5
60	-287.5	-562.5
61	-262.5	-562.5
62	-237.5	-562.5
63	-212.5	-562.5
64	-187.5	-562.5
65	-162.5	-562.5
66	-137.5	-562.5
67	-112.5	-562.5
68	-87.5	-562.5
69	-62.5	-562.5
70	-37.5	-562.5
71	-12.5	-562.5
72	12.5	-562.5
73	37.5	-562.5
74	62.5	-562.5
75	87.5	-562.5
76	112.5	-562.5
77	137.5	-562.5
78	162.5	-562.5
79	187.5	-562.5
80	212.5	-562.5
81	237.5	-562.5
82	262.5	-562.5
83	287.5	-562.5
84	312.5	-562.5
85	337.5	-562.5
86	362.5	-562.5
87	387.5	-562.5
88	412.5	-562.5
89	437.5	-562.5
90	462.5	-562.5
91	487.5	-562.5
92	512.5	-562.5
93	537.5	-562.5
94	562.5	-562.5
95	587.5	-562.5
96	-587.5	-537.5
97	-562.5	-537.5
98	-537.5	-537.5
99	-512.5	-537.5
100	-487.5	-537.5
101	-462.5	-537.5
102	-437.5	-537.5
103	-412.5	-537.5
104	-387.5	-537.5
105	-362.5	-537.5
106	-337.5	-537.5
107	-312.5	-537.5
108	-287.5	-537.5
109	-262.5	-537.5
110	-237.5	-537.5
111	-212.5	-537.5
112	-187.5	-537.5
113	-162.5	-537.5
114	-137.5	-537.5
115	-112.5	-537.5
116	-87.5	-537.5
117	-62.5	-537.5
118	-37.5	-537.5
119	-12.5	-537.5
120	12.5	-537.5
121	37.5	-537.5
122	62.5	-537.5
123	87.5	-537.5
124	112.5	-537.5
125	137.5	-537.5
126	162.5	-537.5
127	187.5	-537.5
128	212.5	-537.5
129	237.5	-537.5
130	262.5	-537.5
131	287.5	-537.5
132	312.5	-537.5
133	337.5	-537.5
134	362.5	-537.5
135	387.5	-537.5
136	412.5	-537.5
137	437.5	-537.5
138	462.5	-537.5
139	487.5	-537.5
140	512.5	-537.5
141	537.5	-537.5
142	562.5	-537.5
143	587.5	-537.5
144	-587.5	-512.5
145	-562.5	-512.5
146	-537.5	-512.5
147	-512.5	-512.5
148	-487.5	-512.5
149	-462.5	-512.5
150	-437.5	-512.5
151	-412.5	-512.5
152	-387.5	-512.5
153	-362.5	-512.5
154	-337.5	-512.5
155	-312.5	-512.5
156	-287.5	-512.5
157	-262.5	-512.5
158	-237.5	-512.5
159	-212.5	-512.5
160	-187.5	-512.5
161	-162.5	-512.5
162	-137.5	-512.5
163	-112.5	-512.5
164	-87.5	-512.5
165	-62.5	-512.5
166	-37.5	-512.5
167	-12.5	-512.5
168	12.5	-512.5
169	37.5	-512.5
170	62.5	-512.5
171	87.5	-512.5
172	112.5	-512.5
173	137.5	-512.5
174	162.5	-512.5
175	187.5	-512.5
176	212.5	-512.5
177	237.5	-512.5
178	262.5	-512.5
179	287.5	-512.5
180	312.5	-512.5
181	337.5	-512.5
182	362.5	-512.5
183	387.5	-512.5
184	412.5	-512.5
185	437.5	-512.5
186	462.5	-512.5
187	487.5	-512.5
188	512.5	-512.5
189	537.5	-512.5
190	562.5	-512.5
191	587.5	-512.5
192	-587.5	-487.5
193	-562.5	-487.5
194	-537.5	-487.5
195	-512.5	-487.5
196	-487.5	-487.5
197	-462.5	-487.5
198	-437.5	-487.5
199	-412.5	-487.5
200	-387.5	-487.5
201	-362.5	-487.5
202	-337.5	-487.5
203	-312.5	-487.5
204	-287.5	-487.5
205	-262.5	-487.5
206	-237.5	-487.5
207	-212.5	-487.5
208	-187.5	-487.5
209	-162.5	-487.5
210	-137.5	-487.5
211	-112.5	-487.5
212	-87.5	-487.5
213	-62.5	-487.5
214	-37.5	-487.5
215	-12.5	-487.5
216	12.5	-487.5
217	37.5	-487.5
218	62.5	-487.5
219	87.5	-487.5
220	112.5	-487.5
221	137.5	-487.5
222	162.5	-487.5
223	187.5	-487.5
224	212.5	-487.5
225	237.5	-487.5
226	262.5	-487.5
227	287.5	-487.5
228	312.5	-487.5
229	337.5	-487.5
230	362.5	-487.5
231	387.5	-487.5
232	412.5	-487.5
233	437.5	-487.5
234	462.5	-487.5
235	487.5	-487.5
236	512.5	-487.5
237	537.5	-487.5
238	562.5	-487.5
239	587.5	-487.5
240	-587.5	-462.5
241	-562.5	-462.5
242	-537.5	-462.5
243	-512.5	-462.5
244	-487.5	-462.5
245	-462.5	-462.5
246	-437.5	-462.5
247	-412.5	-462.5
248	-387.5	-462.5
249	-362.5	-462.5
250	-337.5	-462.5
251	-312.5	-462.5
252	-287.5	-462.5
253	-262.5	-462.5
254	-237.5	-462.5
255	-212.5	-462.5
256	-187.5	-462.5
257	-162.5	-462.5
258	-137.5	-462.5
259	-112.5	-462.5
260	-87.5	-462.5
261	-62.5	-462.5
262	-37.5	-462.5
263	-12.5	-462.5
264	12.5	-462.5
265	37.5	-462.5
266	62.5	-462.5
267	87.5	-462.5
268	112.5	-462.5
269	137.5	-462.5
270	162.5	-462.5
271	187.5	-462.5
272	212.5	-462.5
273	237.5	-462.5
274	262.5	-462.5
275	287.5	-462.5
276	312.5	-462.5
277	337.5	-462.5
278	362.5	-462.5
279	387.5	-462.5
280	412.5	-462.5
281	437.5	-462.5
282	462.5	-462.5
283	487.5	-462.5
284	512.5	-462.5
285	537.5	-462.5
286	562.5	-462.5
287	587.5	-462.5
288	-587.5	-437.5
289	-562.5	-437.5
290	-537.5	-437.5
291	-512.5	-437.5
292	-487.5	-437.5
293	-462.5	-437.5
294	-437.5	-437.5
295	-412.5	-437.5
296	-387.5	-437.5
297	-362.5	-437.5
298	-337.5	-437.5
299	-312.5	-437.5
300	-287.5	-437.5
301	-262.5	-437.5
302	-237.5	-437.5
303	-212.5	-437.5
304	-187.5	-437.5
305	-162.5	-437.5
306	-137.5	-437.5
307	-112.5	-437.5
308	-87.5	-437.5
309	-62.5	-437.5
310	-37.5	-437.5
311	-12.5	-437.5
312	12.5	-437.5
313	37.5	-437.5
314	62.5	-437.5
315	87.5	-437.5
316	112.5	-437.5
317	137.5	-437.5
318	162.5	-437.5
319	187.5	-437.5
320	212.5	-437.5
321	237.5	-437.5
322	262.5	-437.5
323	287.5	-437.5
324	312.5	-437.5
325	337.5	-437.5
326	362.5	-437.5
327	387.5	-437.5
328	412.5	-437.5
329	437.5	-437.5
330	462.5	-437.5
331	487.5	-437.5
332	512.5	-437.5
333	537.5	-437.5
334	562.5	-437.5
335	587.5	-437.5
336	-587.5	-412.5
337	-562.5	-412.5
338	-537.5	-412.5
339	-512.5	-412.5
340	-487.5	-412.5
341	-462.5	-412.5
342	-437.5	-412.5
343	-412.5	-412.5
344	-387.5	-412.5
345	-362.5	-412.5
346	-337.5	-412.5
347	-312.5	-412.5
348	-287.5	-412.5
349	-262.5	-412.5
350	-237.5	-412.5
351	-212.5	-412.5
352	-187.5	-412.5
353	-162.5	-412.5
354	-137.5	-412.5
355	-112.5	-412.5
356	-87.5	-412.5
357	-62.5	-412.5
358	-37.5	-412.5
359	-12.5	-412.5
360	12.5	-412.5
361	37.5	-412.5
362	62.5	-412.5
363	87.5	-412.5
364	112.5	-412.5
365	137.5	-412.5
366	162.5	-412.5
367	187.5	-412.5
368	212.5	-412.5
369	237.5	-412.5
370	262.5	-412.5
371	287.5	-412.5
372	312.5	-412.5
373	337.5	-412.5
374	362.5	-412.5
375	387.5	-412.5
376	412.5	-412.5
377	437.5	-412.5
378	462.5	-412.5
379	487.5	-412.5
380	512.5	-412.5
381	537.5	-412.5
382	562.5	-412.5
383	587.5	-412.5
384	-587.5	-387.5
385	-562.5	-387.5
386	-537.5	-387.5
387	-512.5	-387.5
388	-487.5	-387.5
389	-462.5	-387.5
390	-437.5	-387.5
391	-412.5	-387.5
392	-387.5	-387.5
393	-362.5	-387.5
394	-337.5	-387.5
395	-312.5	-387.5
396	-287.5	-387.5
397	-262.5	-387.5
398	-237.5	-387.5
399	-212.5	-387.5
400	-187.5	-387.5
401	-162.5	-387.5
402	-137.5	-387.5
403	-112.5	-387.5
404	-87.5	-387.5
405	-62.5	-387.5
406	-37.5	-387.5
407	-12.5	-387.5
408	12.5	-387.5
409	37.5	-387.5
410	62.5	-387.5
411	87.5	-387.5
412	112.5	-387.5
413	137.5	-387.5
414	162.5	-387.5
415	187.5	-387.5
416	212.5	-387.5
417	237.5	-387.5
418	262.5	-387.5
419	287.5	-387.5
420	312.5	-387.5
421	337.5	-387.5
422	362.5	-387.5
423	387.5	-387.5
424	412.5	-387.5
425	437.5	-387.5
426	462.5	-387.5
427	487.5	-387.5
428	512.5	-387.5
429	537.5	-387.5
430	562.5	-387.5
431	587.5	-387.5
432	-587.5	-362.5
433	-562.5	-362.5
434	-537.5	-362.5
435	-512.5	-362.5
436	-487.5	-362.5
437	-462.5	-362.5
438	-437.5	-362.5
439	-412.5	-362.5
440	-387.5	-362.5
441	-362.5	-362.5
442	-337.5	-362.5
443	-312.5	-362.5
444	-287.5	-362.5
445	-262.5	-362.5
446	-237.5	-362.5
447	-212.5	-362.5
448	-187.5	-362.5
449	-162.5	-362.5
450	-137.5	-362.5
451	-112.5	-362.5
452	-87.5	-362.5
453	-62.5	-362.5
454	-37.5	-362.5
455	-12.5	-362.5
456	12.5	-362.5
457	37.5	-362.5
458	62.5	-362.5
459	87.5	-362.5
460	112.5	-362.5
461	137.5	-362.5
462	162.5	-362.5
463	187.5	-362.5
464	212.5	-362.5
465	237.5	-362.5
466	262.5	-362.5
467	287.5	-362.5
468	312.5	-362.5
469	337.5	-362.5
470	362.5	-362.5
471	387.5	-362.5
472	412.5	-362.5
473	437.5	-362.5
474	462.5	-362.5
475	487.5	-362.5
476	512.5	-362.5
477	537.5	-362.5
478	562.5	-362.5
479	587.5	-362.5
480	-587.5	-337.5
481	-562.5	-337.5
482	-537.5	-337.5
483	-512.5	-337.5
484	-487.5	-337.5
485	-462.5	-337.5
486	-437.5	-337.5
487	-412.5	-337.5
488	-387.5	-337.5
489	-362.5	-337.5
490	-337.5	-337.5
491	-312.5	-337.5
492	-287.5	-337.5
493	-262.5	-337.5
494	-237.5	-337.5
495	-212.5	-337.5
496	-187.5	-337.5
497	-162.5	-337.5
498	-137.5	-337.5
499	-112.5	-337.5
500	-87.5	-337.5
501	-62.5	-337.5
502	-37.5	-337.5
503	-12.5	-337.5
504	12.5	-337.5
505	37.5	-337.5
506	62.5	-337.5
507	87.5	-337.5
508	112.5	-337.5
509	137.5	-337.5
510	162.5	-337.5
511	187.5	-337.5
512	212.5	-337.5
513	237.5	-337.5
514	262.5	-337.5
515	287.5	-337.5
516	312.5	-337.5
517	337.5	-337.5
518	362.5	-337.5
519	387.5	-337.5
520	412.5	-337.5
521	437.5	-337.5
522	462.5	-337.5
523	487.5	-337.5
524	512.5	-337.5
525	537.5	-337.5
526	562.5	-337.5
527	587.5	-337.5
528	-587.5	-312.5
529	-562.5	-312.5
530	-537.5	-312.5
531	-512.5	-312.5
532	-487.5	-312.5
533	-462.5	-312.5
534	-437.5	-312.5
535	-412.5	-312.5
536	-387.5	-312.5
537	-362.5	-312.5
538	-337.5	-312.5
539	-312.5	-312.5
540	-287.5	-312.5
541	-262.5	-312.5
542	-237.5	-312.5
543	-212.5	-312.5
544	-187.5	-312.5
545	-162.5	-312.5
546	-137.5	-312.5
547	-112.5	-312.5
548	-87.5	-312.5
549	-62.5	-312.5
550	-37.5	-312.5
551	-12.5	-312.5
552	12.5	-312.5
553	37.5	-312.5
554	62.5	-312.5
555	87.5	-312.5
556	112.5	-312.5
557	137.5	-312.5
558	162.5	-312.5
559	187.5	-312.5
560	212.5	-312.5
561	237.5	-312.5
562	262.5	-312.5
563	287.5	-312.5
564	312.5	-312.5
565	337.5	-312.5
566	362.5	-312.5
567	387.5	-312.5
568	412.5	-312.5
569	437.5	-312.5
570	462.5	-312.5
571	487.5	-312.5
572	512.5	-312.5
573	537.5	-312.5
574	562.5	-312.5
575	587.5	-312.5
576	-587.5	-287.5
577	-562.5	-287.5
578	-537.5	-287.5
579	-512.5	-287.5
580	-487.5	-287.5
581	-462.5	-287.5
582	-437.5	-287.5
583	-412.5	-287.5
584	-387.5	-287.5
585	-362.5	-287.5
586	-337.5	-287.5
587	-312.5	-287.5
588	-287.5	-287.5
589	-262.5	-287.5
590	-237.5	-287.5
591	-212.5	-287.5
592	-187.5	-287.5
593	-162.5	-287.5
594	-137.5	-287.5
595	-112.5	-287.5
596	-87.5	-287.5
597	-62.5	-287.5
598	-37.5	-287.5
599	-12.5	-287.5
600	12.5	-287.5
601	37.5	-287.5
602	62.5	-287.5
603	87.5	-287.5
604	112.5	-287.5
605	137.5	-287.5
606	162.5	-287.5
607	187.5	-287.5
608	212.5	-287.5
609	237.5	-287.5
610	262.5	-287.5
611	287.5	-287.5
612	312.5	-287.5
613	337.5	-287.5
614	362.5	-287.5
615	387.5	-287.5
616	412.5	-287.5
617	437.5	-287.5
618	462.5	-287.5
619	487.5	-287.5
620	512.5	-287.5
621	537.5	-287.5
622	562.5	-287.5
623	587.5	-287.5
624	-587.5	-262.5
625	-562.5	-262.5
626	-537.5	-262.5
627	-512.5	-262.5
628	-487.5	-262.5
629	-462.5	-262.5
630	-437.5	-262.5
631	-412.5	-262.5
632	-387.5	-262.5
633	-362.5	-262.5
634	-337.5	-262.5
635	-312.5	-262.5
636	-287.5	-262.5
637	-262.5	-262.5
638	-237.5	-262.5
639	-212.5	-262.5
640	-187.5	-262.5
641	-162.5	-262.5
642	-137.5	-262.5
643	-112.5	-262.5
644	-87.5	-262.5
645	-62.5	-262.5
646	-37.5	-262.5
647	-12.5	-262.5
648	12.5	-262.5
649	37.5	-262.5
650	62.5	-262.5
651	87.5	-262.5
652	112.5	-262.5
653	137.5	-262.5
654	162.5	-262.5
655	187.5	-262.5
656	212.5	-262.5
657	237.5	-262.5
658	262.5	-262.5
659	287.5	-262.5
660	312.5	-262.5
661	337.5	-262.5
662	362.5	-262.5
663	387.5	-262.5
664	412.5	-262.5
665	437.5	-262.5
666	462.5	-262.5
667	487.5	-262.5
668	512.5	-262.5
669	537.5	-262.5
670	562.5	-262.5
671	587.5	-262.5
672	-587.5	-237.5
673	-562.5	-237.5
674	-537.5	-237.5
675	-512.5	-237.5
676	-487.5	-237.5
677	-462.5	-237.5
678	-437.5	-237.5
679	-412.5	-237.5
680	-387.5	-237.5
681	-362.5	-237.5
682	-337.5	-237.5
683	-312.5	-237.5
684	-287.5	-237.5
685	-262.5	-237.5
686	-237.5	-237.5
687	-212.5	-237.5
688	-187.5	-237.5
689	-162.5	-237.5
690	-137.5	-237.5
691	-112.5	-237.5
692	-87.5	-237.5
693	-62.5	-237.5
694	-37.5	-237.5
695	-12.5	-237.5
696	12.5	-237.5
697	37.5	-237.5
698	62.5	-237.5
699	87.5	-237.5
700	112.5	-237.5
701	137.5	-237.5
702	162.5	-237.5
703	187.5	-237.5
704	212.5	-237.5
705	237.5	-237.5
706	262.5	-237.5
707	287.5	-237.5
708	312.5	-237.5
709	337.5	-237.5
710	362.5	-237.5
711	387.5	-237.5
712	412.5	-237.5
713	437.5	-237.5
714	462.5	-237.5
715	487.5	-237.5
716	512.5	-237.5
717	537.5	-237.5
718	562.5	-237.5
719	587.5	-237.5
720	-587.5	-212.5
721	-562.5	-212.5
722	-537.5	-212.5
723	-512.5	-212.5
724	-487.5	-212.5
725	-462.5	-212.5
726	-437.5	-212.5
727	-412.5	-212.5
728	-387.5	-212.5
729	-362.5	-212.5
730	-337.5	-212.5
731	-312.5	-212.5
732	-287.5	-212.5
733	-262.5	-212.5
734	-237.5	-212.5
735	-212.5	-212.5
736	-187.5	-212.5
737	-162.5	-212.5
738	-137.5	-212.5
739	-112.5	-212.5
740	-87.5	-212.5
741	-62.5	-212.5
742	-37.5	-212.5
743	-12.5	-212.5
744	12.5	-212.5
745	37.5	-212.5
746	62.5	-212.5
747	87.5	-212.5
748	112.5	-212.5
749	137.5	-212.5
750	162.5	-212.5
751	187.5	-212.5
752	212.5	-212.5
753	237.5	-212.5
754	262.5	-212.5
755	287.5	-212.5
756	312.5	-212.5
757	337.5	-212.5
758	362.5	-212.5
759	387.5	-212.5
760	412.5	-212.5
761	437.5	-212.5
762	462.5	-212.5
763	487.5	-212.5
764	512.5	-212.5
765	537.5	-212.5
766	562.5	-212.5
767	587.5	-212.5
768	-587.5	-187.5
769	-562.5	-187.5
770	-537.5	-187.5
771	-512.5	-187.5
772	-487.5	-187.5
773	-462.5	-187.5
774	-437.5	-187.5
775	-412.5	-187.5
776	-387.5	-187.5
777	-362.5	-187.5
778	-337.5	-187.5
779	-312.5	-187.5
780	-287.5	-187.5
781	-262.5	-187.5
782	-237.5	-187.5
783	-212.5	-187.5
784	-187.5	-187.5
785	-162.5	-187.5
786	-137.5	-187.5
787	-112.5	-187.5
788	-87.5	-187.5
789	-62.5	-187.5
790	-37.5	-187.5
791	-12.5	-187.5
792	12.5	-187.5
793	37.5	-187.5
794	62.5	-187.5
795	87.5	-187.5
796	112.5	-187.5
797	137.5	-187.5
798	162.5	-187.5
799	187.5	-187.5
800	212.5	-187.5
801	237.5	-187.5
802	262.5	-187.5
803	287.5	-187.5
804	312.5	-187.5
805	337.5	-187.5
806	362.5	-187.5
807	387.5	-187.5
808	412.5	-187.5
809	437.5	-187.5
810	462.5	-187.5
811	487.5	-187.5
812	512.5	-187.5
813	537.5	-187.5
814	562.5	-187.5
815	587.5	-187.5
816	-587.5	-162.5
817	-562.5	-162.5
818	-537.5	-162.5
819	-512.5	-162.5
820	-487.5	-162.5
821	-462.5	-162.5
822	-437.5	-162.5
823	-412.5	-162.5
824	-387.5	-162.5
825	-362.5	-162.5
826	-337.5	-162.5
827	-312.5	-162.5
828	-287.5	-162.5
829	-262.5	-162.5
830	-237.5	-162.5
831	-212.5	-162.5
832	-187.5	-162.5
833	-162.5	-162.5
834	-137.5	-162.5
835	-112.5	-162.5
836	-87.5	-162.5
837	-62.5	-162.5
838	-37.5	-162.5
839	-12.5	-162.5
840	12.5	-162.5
841	37.5	-162.5
842	62.5	-162.5
843	87.5	-162.5
844	112.5	-162.5
845	137.5	-162.5
846	162.5	-162.5
847	187.5	-162.5
848	212.5	-162.5
849	237.5	-162.5
850	262.5	-162.5
851	287.5	-162.5
852	312.5	-162.5
853	337.5	-162.5
854	362.5	-162.5
855	387.5	-162.5
856	412.5	-162.5
857	437.5	-162.5
858	462.5	-162.5
859	487.5	-162.5
860	512.5	-162.5
861	537.5	-162.5
862	562.5	-162.5
863	587.5	-162.5
864	-587.5	-137.5
865	-562.5	-137.5
866	-537.5	-137.5
867	-512.5	-137.5
868	-487.5	-137.5
869	-462.5	-137.5
870	-437.5	-137.5
871	-412.5	-137.5
872	-387.5	-137.5
873	-362.5	-137.5
874	-337.5	-137.5
875	-312.5	-137.5
876	-287.5	-137.5
877	-262.5	-137.5
878	-237.5	-137.5
879	-212.5	-137.5
880	-187.5	-137.5
881	-162.5	-137.5
882	-137.5	-137.5
883	-112.5	-137.5
884	-87.5	-137.5
885	-62.5	-137.5
886	-37.5	-137.5
887	-12.5	-137.5
888	12.5	-137.5
889	37.5	-137.5
890	62.5	-137.5
891	87.5	-137.5
892	112.5	-137.5
893	137.5	-137.5
894	162.5	-137.5
895	187.5	-137.5
896	212.5	-137.5
897	237.5	-137.5
898	262.5	-137.5
899	287.5	-137.5
900	312.5	-137.5
901	337.5	-137.5
902	362.5	-137.5
903	387.5	-137.5
904	412.5	-137.5
905	437.5	-137.5
906	462.5	-137.5
907	487.5	-137.5
908	512.5	-137.5
909	537.5	-137.5
910	562.5	-137.5
911	587.5	-137.5
912	-587.5	-112.5
913	-562.5	-112.5
914	-537.5	-112.5
915	-512.5	-112.5
916	-487.5	-112.5
917	-462.5	-112.5
918	-437.5	-112.5
919	-412.5	-112.5
920	-387.5	-112.5
921	-362.5	-112.5
922	-337.5	-112.5
923	-312.5	-112.5
924	-287.5	-112.5
925	-262.5	-112.5
926	-237.5	-112.5
927	-212.5	-112.5
928	-187.5	-112.5
929	-162.5	-112.5
930	-137.5	-112.5
931	-112.5	-112.5
932	-87.5	-112.5
933	-62.5	-112.5
934	-37.5	-112.5
935	-12.5	-112.5
936	12.5	-112.5
937	37.5	-112.5
938	62.5	-112.5
939	87.5	-112.5
940	112.5	-112.5
941	137.5	-112.5
942	162.5	-112.5
943	187.5	-112.5
944	212.5	-112.5
945	237.5	-112.5
946	262.5	-112.5
947	287.5	-112.5
948	312.5	-112.5
949	337.5	-112.5
950	362.5	-112.5
951	387.5	-112.5
952	412.5	-112.5
953	437.5	-112.5
954	462.5	-112.5
955	487.5	-112.5
956	512.5	-112.5
957	537.5	-112.5
958	562.5	-112.5
959	587.5	-112.5
960	-587.5	-87.5
961	-562.5	-87.5
962	-537.5	-87.5
963	-512.5	-87.5
964	-487.5	-87.5
965	-462.5	-87.5
966	-437.5	-87.5
967	-412.5	-87.5
968	-387.5	-87.5
969	-362.5	-87.5
970	-337.5	-87.5
971	-312.5	-87.5
972	-287.5	-87.5
973	-262.5	-87.5
974	-237.5	-87.5
975	-212.5	-87.5
976	-187.5	-87.5
977	-162.5	-87.5
978	-137.5	-87.5
979	-112.5	-87.5
980	112.5	-87.5
981	137.5	-87.5
982	162.5	-87.5
983	187.5	-87.5
984	212.5	-87.5
985	237.5	-87.5
986	262.5	-87.5
987	287.5	-87.5
988	312.5	-87.5
989	337.5	-87.5
990	362.5	-87.5
991	387.5	-87.5
992	412.5	-87.5
993	437.5	-87.5
994	462.5	-87.5
995	487.5	-87.5
996	512.5	-87.5
997	537.5	-87.5
998	562.5	-87.5
999	587.5	-87.5
1000	-587.5	-62.5
1001	-562.5	-62.5
1002	-537.5	-62.5
1003	-512.5	-62.5
1004	-487.5	-62.5
1005	-462.5	-62.5
1006	-437.5	-62.5
1007	-412.5	-62.5
1008	-387.5	-62.5
1009	-362.5	-62.5
1010	-337.5	-62.5
1011	-312.5	-62.5
1012	-287.5	-62.5
1013	-262.5	-62.5
1014	-237.5	-62.5
1015	-212.5	-62.5
1016	-187.5	-62.5
1017	-162.5	-62.5
1018	-137.5	-62.5
1019	-112.5	-62.5
1020	112.5	-62.5
1021	137.5	-62.5
1022	162.5	-62.5
1023	187.5	-62.5
1024	212.5	-62.5
1025	237.5	-62.5
1026	262.5	-62.5
1027	287.5	-62.5
1028	312.5	-62.5
1029	337.5	-62.5
1030	362.5	-62.5
1031	387.5	-62.5
1032	412.5	-62.5
1033	437.5	-62.5
1034	462.5	-62.5
1035	487.5	-62.5
1036	512.5	-62.5
1037	537.5	-62.5
1038	562.5	-62.5
1039	587.5	-62.5
1040	-587.5	-37.5
1041	-562.5	-37.5
1042	-537.5	-37.5
1043	-512.5	-37.5
1044	-487.5	-37.5
1045	-462.5	-37.5
1046	-437.5	-37.5
1047	-412.5	-37.5
1048	-387.5	-37.5
1049	-362.5	-37.5
1050	-337.5	-37.5
1051	-312.5	-37.5
1052	-287.5	-37.5
1053	-262.5	-37.5
1054	-237.5	-37.5
1055	-212.5	-37.5
1056	-187.5	-37.5
1057	-162.5	-37.5
1058	-137.5	-37.5
1059	-112.5	-37.5
1060	112.5	-37.5
1061	137.5	-37.5
1062	162.5	-37.5
1063	187.5	-37.5
1064	212.5	-37.5
1065	237.5	-37.5
1066	262.5	-37.5
1067	287.5	-37.5
1068	312.5	-37.5
1069	337.5	-37.5
1070	362.5	-37.5
1071	387.5	-37.5
1072	412.5	-37.5
1073	437.5	-37.5
1074	462.5	-37.5
1075	487.5	-37.5
1076	512.5	-37.5
1077	537.5	-37.5
1078	562.5	-37.5
1079	587.5	-37.5
1080	-587.5	-12.5
1081	-562.5	-12.5
1082	-537.5	-12.5
1083	-512.5	-12.5
1084	-487.5	-12.5
1085	-462.5	-12.5
1086	-437.5	-12.5
1087	-412.5	-12.5
1088	-387.5	-12.5
1089	-362.5	-12.5
1090	-337.5	-12.5
1091	-312.5	-12.5
1092	-287.5	-12.5
1093	-262.5	-12.5
1094	-237.5	-12.5
1095	-212.5	-12.5
1096	-187.5	-12.5
1097	-162.5	-12.5
1098	-137.5	-12.5
1099	-112.5	-12.5
1100	112.5	-12.5
1101	137.5	-12.5
1102	162.5	-12.5
1103	187.5	-12.5
1104	212.5	-12.5
1105	237.5	-12.5
1106	262.5	-12.5
1107	287.5	-12.5
1108	312.5	-12.5
1109	337.5	-12.5
1110	362.5	-12.5
1111	387.5	-12.5
1112	412.5	-12.5
1113	437.5	-12.5
1114	462.5	-12.5
1115	487.5	-12.5
1116	512.5	-12.5
1117	537.5	-12.5
1118	562.5	-12.5
1119	587.5	-12.5
1120	-587.5	12.5
1121	-562.5	12.5
1122	-537.5	12.5
1123	-512.5	12.5
1124	-487.5	12.5
1125	-462.5	12.5
1126	-437.5	12.5
1127	-412.5	12.5
1128	-387.5	12.5
1129	-362.5	12.5
1130	-337.5	12.5
1131	-312.5	12.5
1132	-287.5	12.5
1133	-262.5	12.5
1134	-237.5	12.5
1135	-212.5	12.5
1136	-187.5	12.5
1137	-162.5	12.5
1138	-137.5	12.5
1139	-112.5	12.5
1140	112.5	12.5
1141	137.5	12.5
1142	162.5	12.5
1143	187.5	12.5
1144	212.5	12.5
1145	237.5	12.5
1146	262.5	12.5
1147	287.5	12.5
1148	312.5	12.5
1149	337.5	12.5
1150	362.5	12.5
1151	387.5	12.5
1152	412.5	12.5
1153	437.5	12.5
1154	462.5	12.5
1155	487.5	12.5
1156	512.5	12.5
1157	537.5	12.5
1158	562.5	12.5
1159	587.5	12.5
1160	-587.5	37.5
1161	-562.5	37.5
1162	-537.5	37.5
1163	-512.5	37.5
1164	-487.5	37.5
1165	-462.5	37.5
1166	-437.5	37.5
1167	-412.5	37.5
1168	-387.5	37.5
1169	-362.5	37.5
1170	-337.5	37.5
1171	-312.5	37.5
1172	-287.5	37.5
1173	-262.5	37.5
1174	-237.5	37.5
1175	-212.5	37.5
1176	-187.5	37.5
1177	-162.5	37.5
1178	-137.5	37.5
1179	-112.5	37.5
1180	112.5	37.5
1181	137.5	37.5
1182	162.5	37.5
1183	187.5	37.5
1184	212.5	37.5
1185	237.5	37.5
1186	262.5	37.5
1187	287.5	37.5
1188	312.5	37.5
1189	337.5	37.5
1190	362.5	37.5
1191	387.5	37.5
1192	412.5	37.5
1193	437.5	37.5
1194	462.5	37.5
1195	487.5	37.5
1196	512.5	37.5
1197	537.5	37.5
1198	562.5	37.5
1199	587.5	37.5
1200	-587.5	62.5
1201	-562.5	62.5
1202	-537.5	62.5
1203	-512.5	62.5
1204	-487.5	62.5
1205	-462.5	62.5
1206	-437.5	62.5
1207	-412.5	62.5
1208	-387.5	62.5
1209	-362.5	62.5
1210	-337.5	62.5
1211	-312.5	62.5
1212	-287.5	62.5
1213	-262.5	62.5
1214	-237.5	62.5
1215	-212.5	62.5
1216	-187.5	62.5
1217	-162.5	62.5
1218	-137.5	62.5
1219	-112.5	62.5
1220	112.5	62.5
1221	137.5	62.5
1222	162.5	62.5
1223	187.5	62.5
1224	212.5	62.5
1225	237.5	62.5
1226	262.5	62.5
1227	287.5	62.5
1228	312.5	62.5
1229	337.5	62.5
1230	362.5	62.5
1231	387.5	62.5
1232	412.5	62.5
1233	437.5	62.5
1234	462.5	62.5
1235	487.5	62.5
1236	512.5	62.5
1237	537.5	62.5
1238	562.5	62.5
1239	587.5	62.5
1240	-587.5	87.5
1241	-562.5	87.5
1242	-537.5	87.5
1243	-512.5	87.5
1244	-487.5	87.5
1245	-462.5	87.5
1246	-437.5	87.5
1247	-412.5	87.5
1248	-387.5	87.5
1249	-362.5	87.5
1250	-337.5	87.5
1251	-312.5	87.5
1252	-287.5	87.5
1253	-262.5	87.5
1254	-237.5	87.5
1255	-212.5	87.5
1256	-187.5	87.5
1257	-162.5	87.5
1258	-137.5	87.5
1259	-112.5	87.5
1260	112.5	87.5
1261	137.5	87.5
1262	162.5	87.5
1263	187.5	87.5
1264	212.5	87.5
1265	237.5	87.5
1266	262.5	87.5
1267	287.5	87.5
1268	312.5	87.5
1269	337.5	87.5
1270	362.5	87.5
1271	387.5	87.5
1272	412.5	87.5
1273	437.5	87.5
1274	462.5	87.5
1275	487.5	87.5
1276	512.5	87.5
1277	537.5	87.5
1278	562.5	87.5
1279	587.5	87.5
1280	-587.5	112.5
1281	-562.5	112.5
1282	-537.5	112.5
1283	-512.5	112.5
1284	-487.5	112.5
1285	-462.5	112.5
1286	-437.5	112.5
1287	-412.5	112.5
1288	-387.5	112.5
1289	-362.5	112.5
1290	-337.5	112.5
1291	-312.5	112.5
1292	-287.5	112.5
1293	-262.5	112.5
1294	-237.5	112.5
1295	-212.5	112.5
1296	-187.5	112.5
1297	-162.5	112.5
1298	-137.5	112.5
1299	-112.5	112.5
1300	-87.5	112.5
1301	-62.5	112.5
1302	-37.5	112.5
1303	-12.5	112.5
1304	12.5	112.5
1305	37.5	112.5
1306	62.5	112.5
1307	87.5	112.5
1308	112.5	112.5
1309	137.5	112.5
1310	162.5	112.5
1311	187.5	112.5
1312	212.5	112.5
1313	237.5	112.5
1314	262.5	112.5
1315	287.5	112.5
1316	312.5	112.5
1317	337.5	112.5
1318	362.5	112.5
1319	387.5	112.5
1320	412.5	112.5
1321	437.5	112.5
1322	462.5	112.5
1323	487.5	112.5
1324	512.5	112.5
1325	537.5	112.5
1326	562.5	112.5
1327	587.5	112.5
1328	-587.5	137.5
1329	-562.5	137.5
1330	-537.5	137.5
1331	-512.5	137.5
1332	-487.5	137.5
1333	-462.5	137.5
1334	-437.5	137.5
1335	-412.5	137.5
1336	-387.5	137.5
1337	-362.5	137.5
1338	-337.5	137.5
1339	-312.5	137.5
1340	-287.5	137.5
1341	-262.5	137.5
1342	-237.5	137.5
1343	-212.5	137.5
1344	-187.5	137.5
1345	-162.5	137.5
1346	-137.5	137.5
1347	-112.5	137.5
1348	-87.5	137.5
1349	-62.5	137.5
1350	-37.5	137.5
1351	-12.5	137.5
1352	12.5	137.5
1353	37.5	137.5
1354	62.5	137.5
1355	87.5	137.5
1356	112.5	137.5
1357	137.5	137.5
1358	162.5	137.5
1359	187.5	137.5
1360	212.5	137.5
1361	237.5	137.5
1362	262.5	137.5
1363	287.5	137.5
1364	312.5	137.5
1365	337.5	137.5
1366	362.5	137.5
1367	387.5	137.5
1368	412.5	137.5
1369	437.5	137.5
1370	462.5	137.5
1371	487.5	137.5
1372	512.5	137.5
1373	537.5	137.5
1374	562.5	137.5
1375	587.5	137.5
1376	-587.5	162.5
1377	-562.5	162.5
1378	-537.5	162.5
1379	-512.5	162.5
1380	-487.5	162.5
1381	-462.5	162.5
1382	-437.5	162.5
1383	-412.5	162.5
1384	-387.5	162.5
1385	-362.5	162.5
1386	-337.5	162.5
1387	-312.5	162.5
1388	-287.5	162.5
1389	-262.5	162.5
1390	-237.5	162.5
1391	-212.5	162.5
1392	-187.5	162.5
1393	-162.5	162.5
1394	-137.5	162.5
1395	-112.5	162.5
1396	-87.5	162.5
1397	-62.5	162.5
1398	-37.5	162.5
1399	-12.5	162.5
1400	12.5	162.5
1401	37.5	162.5
1402	62.5	162.5
1403	87.5	162.5
1404	112.5	162.5
1405	137.5	162.5
1406	162.5	162.5
1407	187.5	162.5
1408	212.5	162.5
1409	237.5	162.5
1410	262.5	162.5
1411	287.5	162.5
1412	312.5	162.5
1413	337.5	162.5
1414	362.5	162.5
1415	387.5	162.5
1416	412.5	162.5
1417	437.5	162.5
1418	462.5	162.5
1419	487.5	162.5
1420	512.5	162.5
1421	537.5	162.5
1422	562.5	162.5
1423	587.5	162.5
1424	-587.5	187.5
1425	-562.5	187.5
1426	-537.5	187.5
1427	-512.5	187.5
1428	-487.5	187.5
1429	-462.5	187.5
1430	-437.5	187.5
1431	-412.5	187.5
1432	-387.5	187.5
1433	-362.5	187.5
1434	-337.5	187.5
1435	-312.5	187.5
1436	-287.5	187.5
1437	-262.5	187.5
1438	-237.5	187.5
1439	-212.5	187.5
1440	-187.5	187.5
1441	-162.5	187.5
1442	-137.5	187.5
1443	-112.5	187.5
1444	-87.5	187.5
1445	-62.5	187.5
1446	-37.5	187.5
1447	-12.5	187.5
1448	12.5	187.5
1449	37.5	187.5
1450	62.5	187.5
1451	87.5	187.5
1452	112.5	187.5
1453	137.5	187.5
1454	162.5	187.5
1455	187.5	187.5
1456	212.5	187.5
1457	237.5	187.5
1458	262.5	187.5
1459	287.5	187.5
1460	312.5	187.5
1461	337.5	187.5
1462	362.5	187.5
1463	387.5	187.5
1464	412.5	187.5
1465	437.5	187.5
1466	462.5	187.5
1467	487.5	187.5
1468	512.5	187.5
1469	537.5	187.5
1470	562.5	187.5
1471	587.5	187.5
1472	-587.5	212.5
1473	-562.5	212.5
1474	-537.5	212.5
1475	-512.5	212.5
1476	-487.5	212.5
1477	-462.5	212.5
1478	-437.5	212.5
1479	-412.5	212.5
1480	-387.5	212.5
1481	-362.5	212.5
1482	-337.5	212.5
1483	-312.5	212.5
1484	-287.5	212.5
1485	-262.5	212.5
1486	-237.5	212.5
1487	-212.5	212.5
1488	-187.5	212.5
1489	-162.5	212.5
1490	-137.5	212.5
1491	-112.5	212.5
1492	-87.5	212.5
1493	-62.5	212.5
1494	-37.5	212.5
1495	-12.5	212.5
1496	12.5	212.5
1497	37.5	212.5
1498	62.5	212.5
1499	87.5	212.5
1500	112.5	212.5
1501	137.5	212.5
1502	162.5	212.5
1503	187.5	212.5
1504	212.5	212.5
1505	237.5	212.5
1506	262.5	212.5
1507	287.5	212.5
1508	312.5	212.5
1509	337.5	212.5
1510	362.5	212.5
1511	387.5	212.5
1512	412.5	212.5
1513	437.5	212.5
1514	462.5	212.5
1515	487.5	212.5
1516	512.5	212.5
1517	537.5	212.5
1518	562.5	212.5
1519	587.5	212.5
1520	-587.5	237.5
1521	-562.5	237.5
1522	-537.5	237.5
1523	-512.5	237.5
1524	-487.5	237.5
1525	-462.5	237.5
1526	-437.5	237.5
1527	-412.5	237.5
1528	-387.5	237.5
1529	-362.5	237.5
1530	-337.5	237.5
1531	-312.5	237.5
1532	-287.5	237.5
1533	-262.5	237.5
1534	-237.5	237.5
1535	-212.5	237.5
1536	-187.5	237.5
1537	-162.5	237.5
1538	-137.5	237.5
1539	-112.5	237.5
1540	-87.5	237.5
1541	-62.5	237.5
1542	-37.5	237.5
1543	-12.5	237.5
1544	12.5	237.5
1545	37.5	237.5
1546	62.5	237.5
1547	87.5	237.5
1548	112.5	237.5
1549	137.5	237.5
1550	162.5	237.5
1551	187.5	237.5
1552	212.5	237.5
1553	237.5	237.5
1554	262.5	237.5
1555	287.5	237.5
1556	312.5	237.5
1557	337.5	237.5
1558	362.5	237.5
1559	387.5	237.5
1560	412.5	237.5
1561	437.5	237.5
1562	462.5	237.5
1563	487.5	237.5
1564	512.5	237.5
1565	537.5	237.5
1566	562.5	237.5
1567	587.5	237.5
1568	-587.5	262.5
1569	-562.5	262.5
1570	-537.5	262.5
1571	-512.5	262.5
1572	-487.5	262.5
1573	-462.5	262.5
1574	-437.5	262.5
1575	-412.5	262.5
1576	-387.5	262.5
1577	-362.5	262.5
1578	-337.5	262.5
1579	-312.5	262.5
1580	-287.5	262.5
1581	-262.5	262.5
1582	-237.5	262.5
1583	-212.5	262.5
1584	-187.5	262.5
1585	-162.5	262.5
1586	-137.5	262.5
1587	-112.5	262.5
1588	-87.5	262.5
1589	-62.5	262.5
1590	-37.5	262.5
1591	-12.5	262.5
1592	12.5	262.5
1593	37.5	262.5
1594	62.5	262.5
1595	87.5	262.5
1596	112.5	262.5
1597	137.5	262.5
1598	162.5	262.5
1599	187.5	262.5
1600	212.5	262.5
1601	237.5	262.5
1602	262.5	262.5
1603	287.5	262.5
1604	312.5	262.5
1605	337.5	262.5
1606	362.5	262.5
1607	387.5	262.5
1608	412.5	262.5
1609	437.5	262.5
1610	462.5	262.5
1611	487.5	262.5
1612	512.5	262.5
1613	537.5	262.5
1614	562.5	262.5
1615	587.5	262.5
1616	-587.5	287.5
1617	-562.5	287.5
1618	-537.5	287.5
1619	-512.5	287.5
1620	-487.5	287.5
1621	-462.5	287.5
1622	-437.5	287.5
1623	-412.5	287.5
1624	-387.5	287.5
1625	-362.5	287.5
1626	-337.5	287.5
1627	-312.5	287.5
1628	-287.5	287.5
1629	-262.5	287.5
1630	-237.5	287.5
1631	-212.5	287.5
1632	-187.5	287.5
1633	-162.5	287.5
1634	-137.5	287.5
1635	-112.5	287.5
1636	-87.5	287.5
1637	-62.5	287.5
1638	-37.5	287.5
1639	-12.5	287.5
1640	12.5	287.5
1641	37.5	287.5
1642	62.5	287.5
1643	87.5	287.5
1644	112.5	287.5
1645	137.5	287.5
1646	162.5	287.5
1647	187.5	287.5
1648	212.5	287.5
1649	237.5	287.5
1650	262.5	287.5
1651	287.5	287.5
1652	312.5	287.5
1653	337.5	287.5
1654	362.5	287.5
1655	387.5	287.5
1656	412.5	287.5
1657	437.5	287.5
1658	462.5	287.5
1659	487.5	287.5
1660	512.5	287.5
1661	537.5	287.5
1662	562.5	287.5
1663	587.5	287.5
1664	-587.5	312.5
1665	-562.5	312.5
1666	-537.5	312.5
1667	-512.5	312.5
1668	-487.5	312.5
1669	-462.5	312.5
1670	-437.5	312.5
1671	-412.5	312.5
1672	-387.5	312.5
1673	-362.5	312.5
1674	-337.5	312.5
1675	-312.5	312.5
1676	-287.5	312.5
1677	-262.5	312.5
1678	-237.5	312.5
1679	-212.5	312.5
1680	-187.5	312.5
1681	-162.5	312.5
1682	-137.5	312.5
1683	-112.5	312.5
1684	-87.5	312.5
1685	-62.5	312.5
1686	-37.5	312.5
1687	-12.5	312.5
1688	12.5	312.5
1689	37.5	312.5
1690	62.5	312.5
1691	87.5	312.5
1692	112.5	312.5
1693	137.5	312.5
1694	162.5	312.5
1695	187.5	312.5
1696	212.5	312.5
1697	237.5	312.5
1698	262.5	312.5
1699	287.5	312.5
1700	312.5	312.5
1701	337.5	312.5
1702	362.5	312.5
1703	387.5	312.5
1704	412.5	312.5
1705	437.5	312.5
1706	462.5	312.5
1707	487.5	312.5
1708	512.5	312.5
1709	537.5	312.5
1710	562.5	312.5
1711	587.5	312.5
1712	-587.5	337.5
1713	-562.5	337.5
1714	-537.5	337.5
1715	-512.5	337.5
1716	-487.5	337.5
1717	-462.5	337.5
1718	-437.5	337.5
1719	-412.5	337.5
1720	-387.5	337.5
1721	-362.5	337.5
1722	-337.5	337.5
1723	-312.5	337.5
1724	-287.5	337.5
1725	-262.5	337.5
1726	-237.5	337.5
1727	-212.5	337.5
1728	-187.5	337.5
1729	-162.5	337.5
1730	-137.5	337.5
1731	-112.5	337.5
1732	-87.5	337.5
1733	-62.5	337.5
1734	-37.5	337.5
1735	-12.5	337.5
1736	12.5	337.5
1737	37.5	337.5
1738	62.5	337.5
1739	87.5	337.5
1740	112.5	337.5
1741	137.5	337.5
1742	162.5	337.5
1743	187.5	337.5
1744	212.5	337.5
1745	237.5	337.5
1746	262.5	337.5
1747	287.5	337.5
1748	312.5	337.5
1749	337.5	337.5
1750	362.5	337.5
1751	387.5	337.5
1752	412.5	337.5
1753	437.5	337.5
1754	462.5	337.5
1755	487.5	337.5
1756	512.5	337.5
1757	537.5	337.5
1758	562.5	337.5
1759	587.5	337.5
1760	-587.5	362.5
1761	-562.5	362.5
1762	-537.5	362.5
1763	-512.5	362.5
1764	-487.5	362.5
1765	-462.5	362.5
1766	-437.5	362.5
1767	-412.5	362.5
1768	-387.5	362.5
1769	-362.5	362.5
1770	-337.5	362.5
1771	-312.5	362.5
1772	-287.5	362.5
1773	-262.5	362.5
1774	-237.5	362.5
1775	-212.5	362.5
1776	-187.5	362.5
1777	-162.5	362.5
1778	-137.5	362.5
1779	-112.5	362.5
1780	-87.5	362.5
1781	-62.5	362.5
1782	-37.5	362.5
1783	-12.5	362.5
1784	12.5	362.5
1785	37.5	362.5
1786	62.5	362.5
1787	87.5	362.5
1788	112.5	362.5
1789	137.5	362.5
1790	162.5	362.5
1791	187.5	362.5
1792	212.5	362.5
1793	237.5	362.5
1794	262.5	362.5
1795	287.5	362.5
1796	312.5	362.5
1797	337.5	362.5
1798	362.5	362.5
1799	387.5	362.5
1800	412.5	362.5
1801	437.5	362.5
1802	462.5	362.5
1803	487.5	362.5
1804	512.5	362.5
1805	537.5	362.5
1806	562.5	362.5
1807	587.5	362.5
1808	-587.5	387.5
1809	-562.5	387.5
1810	-537.5	387.5
1811	-512.5	387.5
1812	-487.5	387.5
1813	-462.5	387.5
1814	-437.5	387.5
1815	-412.5	387.5
1816	-387.5	387.5
1817	-362.5	387.5
1818	-337.5	387.5
1819	-312.5	387.5
1820	-287.5	387.5
1821	-262.5	387.5
1822	-237.5	387.5
1823	-212.5	387.5
1824	-187.5	387.5
1825	-162.5	387.5
1826	-137.5	387.5
1827	-112.5	387.5
1828	-87.5	387.5
1829	-62.5	387.5
1830	-37.5	387.5
1831	-12.5	387.5
1832	12.5	387.5
1833	37.5	387.5
1834	62.5	387.5
1835	87.5	387.5
1836	112.5	387.5
1837	137.5	387.5
1838	162.5	387.5
1839	187.5	387.5
1840	212.5	387.5
1841	237.5	387.5
1842	262.5	387.5
1843	287.5	387.5
1844	312.5	387.5
1845	337.5	387.5
1846	362.5	387.5
1847	387.5	387.5
1848	412.5	387.5
1849	437.5	387.5
1850	462.5	387.5
1851	487.5	387.5
1852	512.5	387.5
1853	537.5	387.5
1854	562.5	387.5
1855	587.5	387.5
1856	-587.5	412.5
1857	-562.5	412.5
1858	-537.5	412.5
1859	-512.5	412.5
1860	-487.5	412.5
1861	-462.5	412.5
1862	-437.5	412.5
1863	-412.5	412.5
1864	-387.5	412.5
1865	-362.5	412.5
1866	-337.5	412.5
1867	-312.5	412.5
1868	-287.5	412.5
1869	-262.5	412.5
1870	-237.5	412.5
1871	-212.5	412.5
1872	-187.5	412.5
1873	-162.5	412.5
1874	-137.5	412.5
1875	-112.5	412.5
1876	-87.5	412.5
1877	-62.5	412.5
1878	-37.5	412.5
1879	-12.5	412.5
1880	12.5	412.5
1881	37.5	412.5
1882	62.5	412.5
1883	87.5	412.5
1884	112.5	412.5
1885	137.5	412.5
1886	162.5	412.5
1887	187.5	412.5
1888	212.5	412.5
1889	237.5	412.5
1890	262.5	412.5
1891	287.5	412.5
1892	312.5	412.5
1893	337.5	412.5
1894	362.5	412.5
1895	387.5	412.5
1896	412.5	412.5
1897	437.5	412.5
1898	462.5	412.5
1899	487.5	412.5
1900	512.5	412.5
1901	537.5	412.5
1902	562.5	412.5
1903	587.5	412.5
1904	-587.5	437.5
1905	-562.5	437.5
1906	-537.5	437.5
1907	-512.5	437.5
1908	-487.5	437.5
1909	-462.5	437.5
1910	-437.5	437.5
1911	-412.5	437.5
1912	-387.5	437.5
1913	-362.5	437.5
1914	-337.5	437.5
1915	-312.5	437.5
1916	-287.5	437.5
1917	-262.5	437.5
1918	-237.5	437.5
1919	-212.5	437.5
1920	-187.5	437.5
1921	-162.5	437.5
1922	-137.5	437.5
1923	-112.5	437.5
1924	-87.5	437.5
1925	-62.5	437.5
1926	-37.5	437.5
1927	-12.5	437.5
1928	12.5	437.5
1929	37.5	437.5
1930	62.5	437.5
1931	87.5	437.5
1932	112.5	437.5
1933	137.5	437.5
1934	162.5	437.5
1935	187.5	437.5
1936	212.5	437.5
1937	237.5	437.5
1938	262.5	437.5
1939	287.5	437.5
1940	312.5	437.5
1941	337.5	437.5
1942	362.5	437.5
1943	387.5	437.5
1944	412.5	437.5
1945	437.5	437.5
1946	462.5	437.5
1947	487.5	437.5
1948	512.5	437.5
1949	537.5	437.5
1950	562.5	437.5
1951	587.5	437.5
1952	-587.5	462.5
1953	-562.5	462.5
1954	-537.5	462.5
1955	-512.5	462.5
1956	-487.5	462.5
1957	-462.5	462.5
1958	-437.5	462.5
1959	-412.5	462.5
1960	-387.5	462.5
1961	-362.5	462.5
1962	-337.5	462.5
1963	-312.5	462.5
1964	-287.5	462.5
1965	-262.5	462.5
1966	-237.5	462.5
1967	-212.5	462.5
1968	-187.5	462.5
1969	-162.5	462.5
1970	-137.5	462.5
1971	-112.5	462.5
1972	-87.5	462.5
1973	-62.5	462.5
1974	-37.5	462.5
1975	-12.5	462.5
1976	12.5	462.5
1977	37.5	462.5
1978	62.5	462.5
1979	87.5	462.5
1980	112.5	462.5
1981	137.5	462.5
1982	162.5	462.5
1983	187.5	462.5
1984	212.5	462.5
1985	237.5	462.5
1986	262.5	462.5
1987	287.5	462.5
1988	312.5	462.5
1989	337.5	462.5
1990	362.5	462.5
1991	387.5	462.5
1992	412.5	462.5
1993	437.5	462.5
1994	462.5	462.5
1995	487.5	462.5
1996	512.5	462.5
1997	537.5	462.5
1998	562.5	462.5
1999	587.5	462.5
2000	-587.5	487.5
2001	-562.5	487.5
2002	-537.5	487.5
2003	-512.5	487.5
2004	-487.5	487.5
2005	-462.5	487.5
2006	-437.5	487.5
2007	-412.5	487.5
2008	-387.5	487.5
2009	-362.5	487.5
2010	-337.5	487.5
2011	-312.5	487.5
2012	-287.5	487.5
2013	-262.5	487.5
2014	-237.5	487.5
2015	-212.5	487.5
2016	-187.5	487.5
2017	-162.5	487.5
2018	-137.5	487.5
2019	-112.5	487.5
2020	-87.5	487.5
2021	-62.5	487.5
2022	-37.5	487.5
2023	-12.5	487.5
2024	12.5	487.5
2025	37.5	487.5
2026	62.5	487.5
2027	87.5	487.5
2028	112.5	487.5
2029	137.5	487.5
2030	162.5	487.5
2031	187.5	487.5
2032	212.5	487.5
2033	237.5	487.5
2034	262.5	487.5
2035	287.5	487.5
2036	312.5	487.5
2037	337.5	487.5
2038	362.5	487.5
2039	387.5	487.5
2040	412.5	487.5
2041	437.5	487.5
2042	462.5	487.5
2043	487.5	487.5
2044	512.5	487.5
2045	537.5	487.5
2046	562.5	487.5
2047	587.5	487.5
2048	-587.5	512.5
2049	-562.5	512.5
2050	-537.5	512.5
2051	-512.5	512.5
2052	-487.5	512.5
2053	-462.5	512.5
2054	-437.5	512.5
2055	-412.5	512.5
2056	-387.5	512.5
2057	-362.5	512.5
2058	-337.5	512.5
2059	-312.5	512.5
2060	-287.5	512.5
2061	-262.5	512.5
2062	-237.5	512.5
2063	-212.5	512.5
2064	-187.5	512.5
2065	-162.5	512.5
2066	-137.5	512.5
2067	-112.5	512.5
2068	-87.5	512.5
2069	-62.5	512.5
2070	-37.5	512.5
2071	-12.5	512.5
2072	12.5	512.5
2073	37.5	512.5
2074	62.5	512.5
2075	87.5	512.5
2076	112.5	512.5
2077	137.5	512.5
2078	162.5	512.5
2079	187.5	512.5
2080	212.5	512.5
2081	237.5	512.5
2082	262.5	512.5
2083	287.5	512.5
2084	312.5	512.5
2085	337.5	512.5
2086	362.5	512.5
2087	387.5	512.5
2088	412.5	512.5
2089	437.5	512.5
2090	462.5	512.5
2091	487.5	512.5
2092	512.5	512.5
2093	537.5	512.5
2094	562.5	512.5
2095	587.5	512.5
2096	-587.5	537.5
2097	-562.5	537.5
2098	-537.5	537.5
2099	-512.5	537.5
2100	-487.5	537.5
2101	-462.5	537.5
2102	-437.5	537.5
2103	-412.5	537.5
2104	-387.5	537.5
2105	-362.5	537.5
2106	-337.5	537.5
2107	-312.5	537.5
2108	-287.5	537.5
2109	-262.5	537.5
2110	-237.5	537.5
2111	-212.5	537.5
2112	-187.5	537.5
2113	-162.5	537.5
2114	-137.5	537.5
2115	-112.5	537.5
2116	-87.5	537.5
2117	-62.5	537.5
2118	-37.5	537.5
2119	-12.5	537.5
2120	12.5	537.5
2121	37.5	537.5
2122	62.5	537.5
2123	87.5	537.5
2124	112.5	537.5
2125	137.5	537.5
2126	162.5	537.5
2127	187.5	537.5
2128	212.5	537.5
2129	237.5	537.5
2130	262.5	537.5
2131	287.5	537.5
2132	312.5	537.5
2133	337.5	537.5
2134	362.5	537.5
2135	387.5	537.5
2136	412.5	537.5
2137	437.5	537.5
2138	462.5	537.5
2139	487.5	537.5
2140	512.5	537.5
2141	537.5	537.5
2142	562.5	537.5
2143	587.5	537.5
2144	-587.5	562.5
2145	-562.5	562.5
2146	-537.5	562.5
2147	-512.5	562.5
2148	-487.5	562.5
2149	-462.5	562.5
2150	-437.5	562.5
2151	-412.5	562.5
2152	-387.5	562.5
2153	-362.5	562.5
2154	-337.5	562.5
2155	-312.5	562.5
2156	-287.5	562.5
2157	-262.5	562.5
2158	-237.5	562.5
2159	-212.5	562.5
2160	-187.5	562.5
2161	-162.5	562.5
2162	-137.5	562.5
2163	-112.5	562.5
2164	-87.5	562.5
2165	-62.5	562.5
2166	-37.5	562.5
2167	-12.5	562.5
2168	12.5	562.5
2169	37.5	562.5
2170	62.5	562.5
2171	87.5	562.5
2172	112.5	562.5
2173	137.5	562.5
2174	162.5	562.5
2175	187.5	562.5
2176	212.5	562.5
2177	237.5	562.5
2178	262.5	562.5
2179	287.5	562.5
2180	312.5	562.5
2181	337.5	562.5
2182	362.5	562.5
2183	387.5	562.5
2184	412.5	562.5
2185	437.5	562.5
2186	462.5	562.5
2187	487.5	562.5
2188	512.5	562.5
2189	537.5	562.5
2190	562.5	562.5
2191	587.5	562.5
2192	-587.5	587.5
2193	-562.5	587.5
2194	-537.5	587.5
2195	-512.5	587.5
2196	-487.5	587.5
2197	-462.5	587.5
2198	-437.5	587.5
2199	-412.5	587.5
2200	-387.5	587.5
2201	-362.5	587.5
2202	-337.5	587.5
2203	-312.5	587.5
2204	-287.5	587.5
2205	-262.5	587.5
2206	-237.5	587.5
2207	-212.5	587.5
2208	-187.5	587.5
2209	-162.5	587.5
2210	-137.5	587.5
2211	-112.5	587.5
2212	-87.5	587.5
2213	-62.5	587.5
2214	-37.5	587.5
2215	-12.5	587.5
2216	12.5	587.5
2217	37.5	587.5
2218	62.5	587.5
2219	87.5	587.5
2220	112.5	587.5
2221	137.5	587.5
2222	162.5	587.5
2223	187.5	587.5
2224	212.5	587.5
2225	237.5	587.5
2226	262.5	587.5
2227	287.5	587.5
2228	312.5	587.5
2229	337.5	587.5
2230	362.5	587.5
2231	387.5	587.5
2232	412.5	587.5
2233	437.5	587.5
2234	462.5	587.5
2235	487.5	587.5
2236	512.5	587.5
2237	537.5	587.5
2238	562.5	587.5
2239	587.5	587.5
2240	-275.0	-875.0
2241	-225.0	-875.0
2242	-175.0	-875.0
2243	-125.0	-875.0
2244	-75.0	-875.0
2245	-25.0	-875.0
2246	25.0	-875.0
2247	75.0	-875.0
2248	125.0	-875.0
2249	175.0	-875.0
2250	225.0	-875.0
2251	275.0	-875.0
2252	-375.0	-825.0
2253	-325.0	-825.0
2254	-275.0	-825.0
2255	-225.0	-825.0
2256	-175.0	-825.0
2257	-125.0	-825.0
2258	-75.0	-825.0
2259	-25.0	-825.0
2260	25.0	-825.0
2261	75.0	-825.0
2262	125.0	-825.0
2263	175.0	-825.0
2264	225.0	-825.0
2265	275.0	-825.0
2266	325.0	-825.0
2267	375.0	-825.0
2268	-475.0	-775.0
2269	-425.0	-775.0
2270	-375.0	-775.0
2271	-325.0	-775.0
2272	-275.0	-775.0
2273	-225.0	-775.0
2274	-175.0	-775.0
2275	-125.0	-775.0
2276	-75.0	-775.0
2277	-25.0	-775.0
2278	25.0	-775.0
2279	75.0	-775.0
2280	125.0	-775.0
2281	175.0	-775.0
2282	225.0	-775.0
2283	275.0	-775.0
2284	325.0	-775.0
2285	375.0	-775.0
2286	425.0	-775.0
2287	475.0	-775.0
2288	-525.0	-725.0
2289	-475.0	-725.0
2290	-425.0	-725.0
2291	-375.0	-725.0
2292	-325.0	-725.0
2293	-275.0	-725.0
2294	-225.0	-725.0
2295	-175.0	-725.0
2296	-125.0	-725.0
2297	-75.0	-725.0
2298	-25.0	-725.0
2299	25.0	-725.0
2300	75.0	-725.0
2301	125.0	-725.0
2302	175.0	-725.0
2303	225.0	-725.0
2304	275.0	-725.0
2305	325.0	-725.0
2306	375.0	-725.0
2307	425.0	-725.0
2308	475.0	-725.0
2309	525.0	-725.0
2310	-575.0	-675.0
2311	-525.0	-675.0
2312	-475.0	-675.0
2313	-425.0	-675.0
2314	-375.0	-675.0
2315	-325.0	-675.0
2316	-275.0	-675.0
2317	-225.0	-675.0
2318	-175.0	-675.0
2319	-125.0	-675.0
2320	-75.0	-675.0
2321	-25.0	-675.0
2322	25.0	-675.0
2323	75.0	-675.0
2324	125.0	-675.0
2325	175.0	-675.0
2326	225.0	-675.0
2327	275.0	-675.0
2328	325.0	-675.0
2329	375.0	-675.0
2330	425.0	-675.0
2331	475.0	-675.0
2332	525.0	-675.0
2333	575.0	-675.0
2334	-625.0	-625.0
2335	-575.0	-625.0
2336	-525.0	-625.0
2337	-475.0	-625.0
2338	-425.0	-625.0
2339	-375.0	-625.0
2340	-325.0	-625.0
2341	-275.0	-625.0
2342	-225.0	-625.0
2343	-175.0	-625.0
2344	-125.0	-625.0
2345	-75.0	-625.0
2346	-25.0	-625.0
2347	25.0	-625.0
2348	75.0	-625.0
2349	125.0	-625.0
2350	175.0	-625.0
2351	225.0	-625.0
2352	275.0	-625.0
2353	325.0	-625.0
2354	375.0	-625.0
2355	425.0	-625.0
2356	475.0	-625.0
2357	525.0	-625.0
2358	575.0	-625.0
2359	625.0	-625.0
2360	-675.0	-575.0
2361	-625.0	-575.0
2362	625.0	-575.0
2363	675.0	-575.0
2364	-725.0	-525.0
2365	-675.0	-525.0
2366	-625.0	-525.0
2367	625.0	-525.0
2368	675.0	-525.0
2369	725.0	-525.0
2370	-775.0	-475.0
2371	-725.0	-475.0
2372	-675.0	-475.0
2373	-625.0	-475.0
2374	625.0	-475.0
2375	675.0	-475.0
2376	725.0	-475.0
2377	775.0	-475.0
2378	-775.0	-425.0
2379	-725.0	-425.0
2380	-675.0	-425.0
2381	-625.0	-425.0
2382	625.0	-425.0
2383	675.0	-425.0
2384	725.0	-425.0
2385	775.0	-425.0
2386	-825.0	-375.0
2387	-775.0	-375.0
2388	-725.0	-375.0
2389	-675.0	-375.0
2390	-625.0	-375.0
2391	625.0	-375.0
2392	675.0	-375.0
2393	725.0	-375.0
2394	775.0	-375.0
2395	825.0	-375.0
2396	-825.0	-325.0
2397	-775.0	-325.0
2398	-725.0	-325.0
2399	-675.0	-325.0
2400	-625.0	-325.0
2401	625.0	-325.0
2402	675.0	-325.0
2403	725.0	-325.0
2404	775.0	-325.0
2405	825.0	-325.0
2406	-875.0	-275.0
2407	-825.0	-275.0
2408	-775.0	-275.0
2409	-725.0	-275.0
2410	-675.0	-275.0
2411	-625.0	-275.0
2412	625.0	-275.0
2413	675.0	-275.0
2414	725.0	-275.0
2415	775.0	-275.0
2416	825.0	-275.0
2417	875.0	-275.0
2418	-875.0	-225.0
2419	-825.0	-225.0
2420	-775.0	-225.0
2421	-725.0	-225.0
2422	-675.0	-225.0
2423	-625.0	-225.0
2424	625.0	-225.0
2425	675.0	-225.0
2426	725.0	-225.0
2427	775.0	-225.0
2428	825.0	-225.0
2429	875.0	-225.0
2430	-875.0	-175.0
2431	-825.0	-175.0
2432	-775.0	-175.0
2433	-725.0	-175.0
2434	-675.0	-175.0
2435	-625.0	-175.0
2436	625.0	-175.0
2437	675.0	-175.0
2438	725.0	-175.0
2439	775.0	-175.0
2440	825.0	-175.0
2441	875.0	-175.0
2442	-875.0	-125.0
2443	-825.0	-125.0
2444	-775.0	-125.0
2445	-725.0	-125.0
2446	-675.0	-125.0
2447	-625.0	-125.0
2448	625.0	-125.0
2449	675.0	-125.0
2450	725.0	-125.0
2451	775.0	-125.0
2452	825.0	-125.0
2453	875.0	-125.0
2454	-875.0	-75.0
2455	-825.0	-75.0
2456	-775.0	-75.0
2457	-725.0	-75.0
2458	-675.0	-75.0
2459	-625.0	-75.0
2460	625.0	-75.0
2461	675.0	-75.0
2462	725.0	-75.0
2463	775.0	-75.0
2464	825.0	-75.0
2465	875.0	-75.0
2466	-875.0	-25.0
2467	-825.0	-25.0
2468	-775.0	-25.0
2469	-725.0	-25.0
2470	-675.0	-25.0
2471	-625.0	-25.0
2472	625.0	-25.0
2473	675.0	-25.0
2474	725.0	-25.0
2475	775.0	-25.0
2476	825.0	-25.0
2477	875.0	-25.0
2478	-875.0	25.0
2479	-825.0	25.0
2480	-775.0	25.0
2481	-725.0	25.0
2482	-675.0	25.0
2483	-625.0	25.0
2484	625.0	25.0
2485	675.0	25.0
2486	725.0	25.0
2487	775.0	25.0
2488	825.0	25.0
2489	875.0	25.0
2490	-875.0	75.0
2491	-825.0	75.0
2492	-775.0	75.0
2493	-725.0	75.0
2494	-675.0	75.0
2495	-625.0	75.0
2496	625.0	75.0
2497	675.0	75.0
2498	725.0	75.0
2499	775.0	75.0
2500	825.0	75.0
2501	875.0	75.0
2502	-875.0	125.0
2503	-825.0	125.0
2504	-775.0	125.0
2505	-725.0	125.0
2506	-675.0	125.0
2507	-625.0	125.0
2508	625.0	125.0
2509	675.0	125.0
2510	725.0	125.0
2511	775.0	125.0
2512	825.0	125.0
2513	875.0	125.0
2514	-875.0	175.0
2515	-825.0	175.0
2516	-775.0	175.0
2517	-725.0	175.0
2518	-675.0	175.0
2519	-625.0	175.0
2520	625.0	175.0
2521	675.0	175.0
2522	725.0	175.0
2523	775.0	175.0
2524	825.0	175.0
2525	875.0	175.0
2526	-875.0	225.0
2527	-825.0	225.0
2528	-775.0	225.0
2529	-725.0	225.0
2530	-675.0	225.0
2531	-625.0	225.0
2532	625.0	225.0
2533	675.0	225.0
2534	725.0	225.0
2535	775.0	225.0
2536	825.0	225.0
2537	875.0	225.0
2538	-875.0	275.0
2539	-825.0	275.0
2540	-775.0	275.0
2541	-725.0	275.0
2542	-675.0	275.0
2543	-625.0	275.0
2544	625.0	275.0
2545	675.0	275.0
2546	725.0	275.0
2547	775.0	275.0
2548	825.0	275.0
2549	875.0	275.0
2550	-825.0	325.0
2551	-775.0	325.0
2552	-725.0	325.0
2553	-675.0	325.0
2554	-625.0	325.0
2555	625.0	325.0
2556	675.0	325.0
2557	725.0	325.0
2558	775.0	325.0
2559	825.0	325.0
2560	-825.0	375.0
2561	-775.0	375.0
2562	-725.0	375.0
2563	-675.0	375.0
2564	-625.0	375.0
2565	625.0	375.0
2566	675.0	375.0
2567	725.0	375.0
2568	775.0	375.0
2569	825.0	375.0
2570	-775.0	425.0
2571	-725.0	425.0
2572	-675.0	425.0
2573	-625.0	425.0
2574	625.0	425.0
2575	675.0	425.0
2576	725.0	425.0
2577	775.0	425.0
2578	-775.0	475.0
2579	-725.0	475.0
2580	-675.0	475.0
2581	-625.0	475.0
2582	625.0	475.0
2583	675.0	475.0
2584	725.0	475.0
2585	775.0	475.0
2586	-725.0	525.0
2587	-675.0	525.0
2588	-625.0	525.0
2589	625.0	525.0
2590	675.0	525.0
2591	725.0	525.0
2592	-675.0	575.0
2593	-625.0	575.0
2594	625.0	575.0
2595	675.0	575.0
2596	-625.0	625.0
2597	-575.0	625.0
2598	-525.0	625.0
2599	-475.0	625.0
2600	-425.0	625.0
2601	-375.0	625.0
2602	-325.0	625.0
2603	-275.0	625.0
2604	-225.0	625.0
2605	-175.0	625.0
2606	-125.0	625.0
2607	-75.0	625.0
2608	-25.0	625.0
2609	25.0	625.0
2610	75.0	625.0
2611	125.0	625.0
2612	175.0	625.0
2613	225.0	625.0
2614	275.0	625.0
2615	325.0	625.0
2616	375.0	625.0
2617	425.0	625.0
2618	475.0	625.0
2619	525.0	625.0
2620	575.0	625.0
2621	625.0	625.0
2622	-575.0	675.0
2623	-525.0	675.0
2624	-475.0	675.0
2625	-425.0	675.0
2626	-375.0	675.0
2627	-325.0	675.0
2628	-275.0	675.0
2629	-225.0	675.0
2630	-175.0	675.0
2631	-125.0	675.0
2632	-75.0	675.0
2633	-25.0	675.0
2634	25.0	675.0
2635	75.0	675.0
2636	125.0	675.0
2637	175.0	675.0
2638	225.0	675.0
2639	275.0	675.0
2640	325.0	675.0
2641	375.0	675.0
2642	425.0	675.0
2643	475.0	675.0
2644	525.0	675.0
2645	575.0	675.0
2646	-525.0	725.0
2647	-475.0	725.0
2648	-425.0	725.0
2649	-375.0	725.0
2650	-325.0	725.0
2651	-275.0	725.0
2652	-225.0	725.0
2653	-175.0	725.0
2654	-125.0	725.0
2655	-75.0	725.0
2656	-25.0	725.0
2657	25.0	725.0
2658	75.0	725.0
2659	125.0	725.0
2660	175.0	725.0
2661	225.0	725.0
2662	275.0	725.0
2663	325.0	725.0
2664	375.0	725.0
2665	425.0	725.0
2666	475.0	725.0
2667	525.0	725.0
2668	-475.0	775.0
2669	-425.0	775.0
2670	-375.0	775.0
2671	-325.0	775.0
2672	-275.0	775.0
2673	-225.0	775.0
2674	-175.0	775.0
2675	-125.0	775.0
2676	-75.0	775.0
2677	-25.0	775.0
2678	25.0	775.0
2679	75.0	775.0
2680	125.0	775.0
2681	175.0	775.0
2682	225.0	775.0
2683	275.0	775.0
2684	325.0	775.0
2685	375.0	775.0
2686	425.0	775.0
2687	475.0	775.0
2688	-375.0	825.0
2689	-325.0	825.0
2690	-275.0	825.0
2691	-225.0	825.0
2692	-175.0	825.0
2693	-125.0	825.0
2694	-75.0	825.0
2695	-25.0	825.0
2696	25.0	825.0
2697	75.0	825.0
2698	125.0	825.0
2699	175.0	825.0
2700	225.0	825.0
2701	275.0	825.0
2702	325.0	825.0
2703	375.0	825.0
2704	-275.0	875.0
2705	-225.0	875.0
2706	-175.0	875.0
2707	-125.0	875.0
2708	-75.0	875.0
2709	-25.0	875.0
2710	25.0	875.0
2711	75.0	875.0
2712	125.0	875.0
2713	175.0	875.0
2714	225.0	875.0
2715	275.0	875.0
2716	-275.0	-925.0
2717	-75.0	-925.0
2718	25.0	-925.0
2719	125.0	-925.0
2720	-375.0	-875.0
2721	325.0	-875.0
2722	-475.0	-825.0
2723	425.0	-825.0
2724	-625.0	-725.0
2725	575.0	-725.0
2726	-675.0	-625.0
2727	675.0	-625.0
2728	-775.0	-525.0
2729	775.0	-525.0
2730	-825.0	-425.0
2731	825.0	-425.0
2732	-875.0	-325.0
2733	875.0	-325.0
2734	-925.0	-125.0
2735	925.0	-125.0
2736	-925.0	-25.0
2737	925.0	-25.0
2738	-925.0	75.0
2739	925.0	75.0
2740	-875.0	275.0
2741	925.0	275.0
2742	-825.0	375.0
2743	875.0	375.0
2744	-775.0	475.0
2745	825.0	475.0
2746	-675.0	625.0
2747	725.0	625.0
2748	-675.0	625.0
2749	625.0	675.0
2750	-625.0	675.0
2751	525.0	775.0
2752	-475.0	775.0
2753	425.0	825.0
2754	-375.0	825.0
2755	325.0	875.0
2756	-275.0	875.0
2757	125.0	925.0
2758	-75.0	925.0
2759	25.0	925.0