0	1.00817	6
1	1.00536	5
2	1.0127	3
3	1.00765	3
4	1.01473	9
5	1.0181	10
6	0.992701	8
7	1.00477	13
8	1.00539	11
9	1.00041	13
10	0.995652	8
11	0.996068	11
12	0.997504	14
13	1.01504	11
14	1.01648	6
15	1.00034	7
16	1.00765	4
17	0.999463	6
18	1.00055	11
19	1.01103	12
20	1.0047	14
21	1.0076	22
22	1.01951	15
23	1.01923	14
24	0.997359	11
25	1.01624	11
26	1.01214	21
27	1.01058	14
28	1.01223	17
29	1.00297	19
30	1.00384	17
31	1.00994	12
32	1.02325	9
33	1.01695	12
34	1.01373	15
35	1.01039	10
36	0.987507	8
37	1.01212	11
38	0.995594	10
39	0.986129	7
40	0.99883	5
41	1.01552	6
42	0.982291	5
43	0.983645	3
44	0.995794	7
45	0.995882	12
46	1.016	5
47	1.00355	6
48	0.977378	12
49	0.991214	17
50	0.998027	11
51	1.00757	13
52	1.0071	10
53	1.01598	9
54	1.00493	10
55	0.997846	16
56	1.00522	16
57	1.01867	13
58	0.999817	22
59	1.00211	19
60	1.00594	15
61	1.00515	15
62	1.00348	19
63	0.999343	19
64	0.992065	14
65	1.00305	13
66	1.02065	16
67	1.00208	31
68	1.00104	25
69	1.00082	24
70	0.999465	19
71	1.00781	24
72	1.01359	21
73	1.00315	25
74	1.00098	26
75	1.00437	22
76	1.0001	33
77	1.00937	24
78	1.00987	23
79	0.992075	13
80	1.00408	22
81	1.00808	17
82	1.00357	21
83	1.00133	21
84	1.01749	14
85	1.00367	15
86	1.00407	18
87	1.01774	11
88	0.980539	8
89	0.995649	9
90	0.987218	12
91	0.995794	14
92	1.00583	16
93	0.993096	13
94	0.996805	11
95	0.996265	8
96	0.973477	17
97	0.99127	22
98	0.996053	20
99	0.994669	19
100	0.998993	11
101	0.996882	12
102	1.00619	16
103	1.0089	20
104	0.998132	25
105	1.00449	23
106	1.00449	22
107	1.00295	29
108	1.00679	17
109	0.990414	15
110	1.00388	18
111	0.997735	18
112	0.99196	19
113	1.00923	13
114	0.999876	27
115	0.999565	32
116	1.00335	26
117	0.996632	27
118	0.994646	32
119	1.00027	35
120	1.0039	26
121	1.00419	36
122	0.995339	36
123	0.991842	39
124	0.992865	29
125	1.00539	30
126	1.00077	25
127	0.996595	21
128	0.998827	26
129	1.00561	27
130	1.00648	33
131	0.992081	30
132	1.00972	21
133	1.00529	27
134	1.00453	20
135	1.00783	15
136	1.00636	17
137	0.995553	18
138	0.991536	15
139	0.99659	16
140	1.00602	17
141	0.99769	13
142	1.00114	13
143	1.01303	6
144	0.97636	13
145	0.980839	12
146	0.993051	21
147	0.992885	27
148	0.992017	13
149	0.989433	13
150	0.990851	22
151	0.992734	19
152	1.00029	18
153	0.992477	25
154	1.00541	23
155	0.995637	21
156	1.00237	24
157	0.997319	27
158	1.00214	31
159	0.990389	29
160	0.995464	19
161	0.996903	26
162	0.998219	19
163	0.99616	33
164	1.00396	32
165	1.00137	35
166	1.00161	29
167	0.999538	33
168	1.00903	33
169	0.999919	43
170	0.999203	40
171	0.988178	36
172	0.994906	27
173	0.988415	30
174	0.9918	22
175	0.986477	19
176	1.004	28
177	1.00392	39
178	0.993452	45
179	0.992893	28
180	1.00051	28
181	0.996595	37
182	0.994958	28
183	1.00492	23
184	0.989404	23
185	1.00246	12
186	0.993574	15
187	0.995125	12
188	1.00298	25
189	0.999652	17
190	1.01644	15
191	0.998692	7
192	0.986465	17
193	0.994428	10
194	0.981885	16
195	0.988231	21
196	0.982757	13
197	0.999833	18
198	0.999115	14
199	0.994631	22
200	1.00264	23
201	0.992164	29
202	0.999471	25
203	1.0001	27
204	0.99945	31
205	0.996545	32
206	1.0008	38
207	1.00186	32
208	0.994655	31
209	0.994616	32
210	1.00169	33
211	0.999562	31
212	1.02269	29
213	1.00511	40
214	0.993119	39
215	1.00327	35
216	1.00172	33
217	1.00584	46
218	1.00327	42
219	0.988229	41
220	0.999472	39
221	0.992012	29
222	0.994596	32
223	0.99947	37
224	1.00037	34
225	1.00553	42
226	0.990451	47
227	0.989696	34
228	0.997042	37
229	0.999103	34
230	0.998374	28
231	1.00421	31
232	0.995335	20
233	1.00234	22
234	1.00872	14
235	1.00241	14
236	0.998573	22
237	0.991508	20
238	1.00879	16
239	1.00338	7
240	0.991044	12
241	0.985874	12
242	0.97834	16
243	0.974331	16
244	0.989765	12
245	0.990752	18
246	0.988474	19
247	1.00123	20
248	0.99674	27
249	1.00101	35
250	1.00094	34
251	0.997675	39
252	1.00116	36
253	0.997863	35
254	1.00231	33
255	1.00209	32
256	1.00087	37
257	1.00581	37
258	1.01359	50
259	1.00829	49
260	1.00525	53
261	1.00788	37
262	0.999485	36
263	0.999576	54
264	1.00872	49
265	1.00619	48
266	1.00179	54
267	0.995819	56
268	1.00001	40
269	0.998581	38
270	0.995915	31
271	1.00636	42
272	1.00492	49
273	1.00411	45
274	0.992871	36
275	0.991112	37
276	0.995274	30
277	0.997172	27
278	1.00817	29
279	1.0048	37
280	1.01117	22
281	1.00826	25
282	1.00329	18
283	1.00435	19
284	1.00683	17
285	0.996691	17
286	0.99347	8
287	1.02046	7
288	1.00253	17
289	1.00123	20
290	0.982856	17
291	0.992446	23
292	0.989682	18
293	0.979217	15
294	0.992668	16
295	0.998402	26
296	1.00192	25
297	1.0019	36
298	0.99543	41
299	0.989215	35
300	0.995999	39
301	1.00109	36
302	1.00257	38
303	1.00421	38
304	1.00072	48
305	1.00828	48
306	1.00151	61
307	1.00419	55
308	1.00762	54
309	1.00257	55
310	0.997241	53
311	1.01032	45
312	1.00502	55
313	1.00132	42
314	0.993497	56
315	0.99841	56
316	1.00174	48
317	0.997557	50
318	0.996832	42
319	1.00467	53
320	1.009	56
321	0.99538	46
322	0.997121	48
323	0.99742	36
324	0.994205	37
325	1.00991	34
326	1.01517	28
327	1.00566	34
328	1.01491	25
329	1.00862	21
330	1.00267	25
331	1.0002	29
332	0.997155	17
333	1.00963	15
334	0.991049	13
335	1.00953	10
336	0.996073	16
337	1.00108	22
338	0.990805	24
339	0.989913	22
340	0.989546	26
341	0.990169	22
342	0.994628	20
343	0.996241	24
344	1.00076	28
345	1.00467	37
346	1.00201	36
347	0.99381	39
348	0.989267	38
349	0.999148	42
350	0.999018	50
351	0.995789	47
352	1.00039	53
353	0.998391	61
354	1.00534	59
355	1.00848	52
356	1.00407	50
357	1.00384	54
358	1.00347	65
359	1.00421	63
360	1.00696	56
361	0.995471	62
362	0.998027	60
363	0.998819	58
364	1.00329	49
365	0.997394	44
366	0.997017	52
367	1.00085	57
368	1.00022	62
369	0.999158	52
370	1.00174	42
371	1.00211	46
372	0.99513	33
373	1.00992	42
374	1.00928	37
375	1.00186	39
376	0.996608	33
377	0.985942	30
378	0.988677	31
379	1.00019	28
380	1.00483	20
381	1.01296	16
382	0.997613	17
383	1.00196	11
384	0.991581	18
385	0.991424	23
386	0.992135	21
387	0.989013	26
388	0.996743	26
389	0.994768	27
390	1.00146	24
391	0.994792	18
392	0.99416	36
393	1.01011	31
394	0.998758	31
395	1.0009	38
396	0.996911	44
397	0.994125	47
398	1.0013	60
399	0.995038	59
400	1.00087	60
401	1.00145	79
402	1.00659	61
403	1.006	56
404	1.00323	61
405	1.00397	76
406	0.999595	59
407	1.00436	62
408	0.995569	69
409	0.996244	73
410	1.0026	75
411	1.0027	69
412	0.998779	57
413	1.00352	43
414	1.00058	59
415	1.00254	61
416	0.997284	59
417	0.998548	55
418	0.9959	42
419	1.00499	37
420	1.00044	38
421	1.00354	38
422	0.995855	45
423	0.994328	36
424	0.992224	37
425	0.991341	36
426	0.999126	32
427	0.997305	30
428	1.00872	22
429	1.00378	20
430	0.993313	19
431	0.988764	14
432	0.99017	20
433	0.985902	22
434	0.988655	23
435	0.991329	32
436	0.990654	33
437	1.00941	35
438	1.00281	32
439	0.995966	32
440	0.990034	34
441	0.999337	37
442	1.00057	36
443	0.995569	47
444	0.994641	57
445	0.993788	54
446	0.996068	56
447	1.0018	67
448	1.00079	58
449	0.999642	78
450	1.00348	84
451	1.00151	73
452	1.00338	85
453	1.00251	77
454	1.0003	79
455	1.00359	87
456	0.999034	90
457	0.995638	83
458	0.996101	68
459	0.995109	60
460	1.00213	74
461	0.99708	60
462	0.996321	64
463	1.00016	57
464	1.00556	61
465	1.00041	64
466	0.994604	43
467	0.998626	44
468	0.997647	37
469	0.992915	34
470	0.993766	44
471	0.994114	36
472	0.992364	32
473	0.995884	33
474	1.00445	31
475	1.00869	31
476	0.998173	24
477	0.999026	20
478	0.982106	18
479	0.991485	17
480	0.98938	24
481	0.987702	28
482	0.988046	24
483	0.990238	38
484	0.994934	30
485	1.00071	36
486	1.00908	32
487	0.998856	30
488	0.994487	38
489	0.99643	35
490	0.992191	38
491	0.993148	54
492	0.99077	45
493	0.994483	56
494	0.99737	70
495	0.99312	56
496	1.00115	84
497	0.998443	70
498	0.998582	81
499	1.00184	83
500	1.00071	76
501	0.999466	97
502	1.00122	115
503	1.00498	91
504	0.999752	109
505	0.998358	90
506	0.99935	77
507	1.00362	70
508	1.00081	78
509	0.995197	68
510	1.00619	63
511	0.997741	72
512	0.999266	69
513	1.00234	74
514	1.0065	71
515	1.0074	49
516	1.01021	43
517	0.99344	44
518	1.0053	41
519	1.00701	33
520	1.00642	36
521	0.9956	35
522	0.996153	38
523	0.997353	26
524	1.00128	24
525	0.994479	27
526	0.994263	18
527	0.996167	14
528	0.998497	20
529	0.992476	21
530	0.983962	23
531	0.993334	26
532	0.996068	37
533	0.995773	37
534	0.99336	39
535	0.994214	36
536	0.995806	37
537	0.996364	44
538	0.996926	60
539	0.994277	56
540	0.993375	54
541	1.00213	57
542	0.995544	60
543	0.999121	75
544	0.997606	68
545	0.995715	74
546	0.99789	92
547	0.998623	92
548	1.00692	95
549	1.00152	90
550	1.00317	108
551	0.999572	106
552	0.997227	119
553	1.00656	84
554	1.00548	89
555	0.99918	74
556	0.995108	93
557	0.992261	77
558	1.00145	81
559	1.00166	80
560	1.0022	90
561	1.00121	74
562	0.998747	74
563	1.00163	51
564	1.00007	47
565	1.00831	48
566	1.0041	45
567	1.0103	41
568	0.996623	33
569	0.998864	36
570	0.998917	30
571	1.00148	30
572	1.00609	28
573	0.996434	23
574	0.998059	25
575	0.999114	21
576	0.998059	16
577	0.989533	20
578	0.989392	25
579	0.999933	31
580	0.994516	32
581	0.994612	33
582	1.00228	41
583	0.999216	48
584	1.00114	47
585	1.00086	56
586	1.00595	53
587	1.00051	51
588	0.999494	60
589	0.992209	47
590	0.996753	79
591	1.00283	68
592	1.00026	77
593	0.997505	73
594	0.995865	88
595	0.994262	85
596	0.996871	93
597	1.00092	109
598	0.997634	96
599	1.00071	113
600	0.996964	111
601	1.0012	107
602	1.00425	89
603	1.0009	93
604	0.993929	99
605	0.993913	102
606	0.99876	98
607	1.00322	100
608	1.00139	77
609	0.999006	84
610	0.99719	70
611	1.00235	69
612	1.00282	56
613	1.00501	56
614	0.995908	58
615	0.9971	43
616	1.00578	46
617	1.00773	36
618	1.00088	27
619	0.99804	27
620	0.998073	25
621	1.00582	32
622	1.00068	32
623	0.996382	20
624	0.998358	24
625	1.00752	20
626	1.0044	28
627	1.00001	32
628	0.987944	30
629	1.00033	41
630	0.996236	47
631	0.997691	55
632	0.997846	55
633	0.997328	51
634	1.00465	60
635	1.0067	60
636	1.00192	55
637	0.998901	72
638	0.999908	80
639	1.00075	92
640	1.00197	90
641	0.999344	93
642	0.992511	102
643	0.996802	97
644	0.997672	113
645	1.00119	107
646	1.0012	124
647	1.00542	123
648	1.00008	116
649	1.00284	117
650	1.00461	116
651	1.0015	123
652	0.995479	119
653	0.999387	118
654	1.00498	101
655	1.00462	105
656	1.00202	93
657	0.996715	93
658	1.00021	72
659	1.00361	75
660	1.00465	69
661	1.00106	56
662	1.00498	47
663	1.0028	45
664	1.00598	34
665	1.00422	39
666	0.997985	30
667	1.00176	33
668	1.00082	35
669	0.99614	29
670	0.991031	24
671	0.992077	25
672	1.00599	29
673	1.01423	24
674	1.00212	27
675	1.00454	26
676	0.998292	33
677	1.00415	36
678	0.997845	52
679	1.0032	53
680	0.996316	50
681	0.989753	63
682	0.999186	80
683	1.002	55
684	1.00272	75
685	1.00115	78
686	1.00204	78
687	1.00054	104
688	1.00044	90
689	0.992293	102
690	0.996353	117
691	0.997074	109
692	0.998797	127
693	1.0045	128
694	1.00671	131
695	1.00425	126
696	1.00614	130
697	1.0061	131
698	1.00134	117
699	0.999617	148
700	0.997514	135
701	0.998273	115
702	1.00557	129
703	1.00646	123
704	1.00199	103
705	0.999203	102
706	1.00417	88
707	1.00789	74
708	1.00953	59
709	1.00131	66
710	1.0023	56
711	1.00197	50
712	1.01305	42
713	0.993024	47
714	1.00215	45
715	1.005	39
716	0.99486	39
717	0.987604	29
718	0.990514	21
719	0.986662	14
720	0.995576	19
721	1.00176	24
722	1.00384	28
723	1.0027	28
724	0.997127	31
725	0.996817	43
726	0.997721	49
727	1.00271	52
728	0.993706	52
729	0.993155	71
730	0.995758	66
731	0.998313	83
732	0.99734	90
733	1.00801	79
734	1.00187	96
735	1.00305	129
736	0.99554	122
737	0.999324	121
738	0.999284	139
739	0.99983	131
740	1.00219	151
741	1.00731	150
742	1.00565	157
743	1.00582	164
744	1.00468	165
745	1.0061	143
746	1.00491	160
747	1.00066	148
748	1.0004	134
749	1.00267	153
750	1.00544	139
751	1.00237	125
752	1.00147	122
753	1.00019	92
754	1.0002	89
755	1.00334	67
756	1.00999	65
757	1.00445	62
758	0.99566	57
759	0.998039	62
760	1.0006	59
761	0.99826	50
762	0.996429	54
763	0.99538	35
764	0.998303	32
765	0.998068	30
766	0.9894	20
767	0.990372	18
768	0.993649	14
769	0.990395	27
770	1.00587	36
771	0.99775	39
772	1.002	38
773	1.00034	42
774	0.993288	49
775	0.999416	50
776	0.999139	59
777	0.99569	59
778	0.997361	73
779	0.996632	74
780	1.00236	97
781	1.00595	103
782	1.00629	112
783	0.999582	129
784	0.997123	124
785	0.998947	135
786	0.998482	145
787	1.00385	165
788	1.00347	156
789	1.00716	171
790	1.00719	182
791	1.00742	204
792	1.00745	200
793	1.00714	183
794	1.00237	169
795	1.00164	177
796	0.999879	139
797	1.0042	143
798	1.00344	139
799	1.00194	129
800	0.996801	112
801	0.993992	108
802	0.99771	96
803	1.00216	87
804	0.99993	64
805	0.998316	67
806	0.997966	67
807	0.996607	62
808	0.997713	76
809	0.996993	60
810	0.997259	49
811	1.0012	41
812	0.996664	39
813	0.996239	33
814	0.99561	15
815	0.990915	16
816	0.985886	20
817	0.991296	24
818	1.00976	24
819	1.00244	34
820	1.00726	44
821	1.00514	53
822	1.00467	41
823	1.00175	54
824	1.00322	62
825	0.999876	61
826	1.00032	69
827	1.0001	85
828	1.00463	95
829	1.00574	102
830	1.00225	116
831	1.0015	108
832	0.995188	133
833	0.997507	147
834	0.999231	173
835	1.00266	175
836	1.00781	191
837	1.00874	187
838	1.01124	190
839	1.0093	186
840	1.01321	188
841	1.01013	185
842	1.00715	178
843	1.00342	165
844	1.00142	171
845	1.00165	173
846	1.00405	159
847	1.00042	139
848	0.999136	112
849	0.996608	90
850	0.995139	99
851	1.00082	80
852	0.997771	67
853	0.998859	67
854	1.00126	60
855	0.99929	61
856	1.002	64
857	0.995755	55
858	1.00032	45
859	1.0013	47
860	1.00073	30
861	0.996174	25
862	0.995616	31
863	0.989465	22
864	0.996934	24
865	0.984159	25
866	0.994621	25
867	1.00992	30
868	1.00414	38
869	1.0027	39
870	0.9997	51
871	0.995273	61
872	1.0037	62
873	1.00119	83
874	1.00172	79
875	0.998346	91
876	0.998931	80
877	1.00488	101
878	0.999314	109
879	0.99786	103
880	0.999073	123
881	0.999088	158
882	1.00094	176
883	0.999219	182
884	1.00655	173
885	1.01017	164
886	1.01471	167
887	1.0159	169
888	1.01748	153
889	1.01535	154
890	1.01048	148
891	1.00705	160
892	1.00596	177
893	1.00311	151
894	1.00535	141
895	0.998459	125
896	0.996118	110
897	0.994331	117
898	0.992674	100
899	1.00238	76
900	1.00484	64
901	1.00025	66
902	0.995254	60
903	1.00116	65
904	1.00036	62
905	1.00192	56
906	1.00338	53
907	1.00634	46
908	1.00687	28
909	0.998187	19
910	1.00101	21
911	1.00583	20
912	0.987242	28
913	0.991737	29
914	0.992844	32
915	0.996949	32
916	0.99664	32
917	0.996665	42
918	0.99041	49
919	0.998094	67
920	0.99919	78
921	0.99906	83
922	1.00399	74
923	1.00236	87
924	1.00018	90
925	1.00115	108
926	1.00146	109
927	1.00223	116
928	0.9994	128
929	0.99839	143
930	0.999897	160
931	1.00068	174
932	1.01042	130
933	1.01542	124
934	1.01624	99
935	1.02135	101
936	1.01666	95
937	1.01389	107
938	1.01293	107
939	1.01112	127
940	1.01021	149
941	1.00807	145
942	1.00481	134
943	1.00192	136
944	1.00257	129
945	0.999908	115
946	0.996198	93
947	1.00904	84
948	1.00043	77
949	1.00385	74
950	0.996798	64
951	1.00219	70
952	1.00012	64
953	1.00107	64
954	0.999472	43
955	0.996686	42
956	1.00054	35
957	1.00173	26
958	0.995576	23
959	0.99496	23
960	0.981029	28
961	0.985155	32
962	0.993241	38
963	0.991133	38
964	0.998371	38
965	1.00196	40
966	0.997941	54
967	0.999744	73
968	0.999147	66
969	1.00423	84
970	0.998441	88
971	1.00005	89
972	0.998139	101
973	1.00396	101
974	1.00876	106
975	1.00636	129
976	1.01046	134
977	1.00358	157
978	1.00158	167
979	1.00343	129
980	1.0158	129
981	1.0104	150
982	1.00599	158
983	1.00192	147
984	1.00128	150
985	0.993264	132
986	0.997061	108
987	1.00177	90
988	1.00269	94
989	0.997255	87
990	0.992022	68
991	1.00002	61
992	0.997455	57
993	1.00021	56
994	1.0027	45
995	0.99262	38
996	1.0042	27
997	0.999471	28
998	0.997872	33
999	0.98321	24
1000	0.993255	31
1001	0.990855	40
1002	0.990585	32
1003	0.999001	35
1004	0.994876	33
1005	0.996981	42
1006	0.998273	54
1007	0.997514	71
1008	1.00001	78
1009	1.00128	76
1010	1.00485	87
1011	1.00674	105
1012	1.00228	103
1013	1.00754	96
1014	1.01075	100
1015	1.00881	124
1016	1.00928	158
1017	1.00387	158
1018	1.00316	151
1019	1.0052	103
1020	1.01086	110
1021	1.00963	143
1022	1.00608	182
1023	1.00243	128
1024	1.00102	147
1025	0.997369	131
1026	1.00328	108
1027	1.00206	111
1028	1.00602	91
1029	1.0015	75
1030	1.00081	69
1031	1.00018	52
1032	1.00015	55
1033	0.998987	54
1034	0.997336	50
1035	0.997138	35
1036	1.00413	29
1037	1.0006	34
1038	1.00081	31
1039	0.999085	26
1040	0.983161	33
1041	0.995196	35
1042	0.996083	26
1043	1.0055	31
1044	0.996844	39
1045	0.999946	43
1046	0.998537	47
1047	1.00232	60
1048	0.999276	73
1049	0.999506	76
1050	1.00307	78
1051	1.00144	91
1052	1.00379	110
1053	1.00703	116
1054	1.01174	115
1055	1.00952	134
1056	1.00675	172
1057	1.00322	168
1058	1.00803	155
1059	1.00699	106
1060	1.01041	110
1061	1.00807	148
1062	1.00557	154
1063	1.00412	149
1064	1.00327	146
1065	1.00564	127
1066	1.00459	138
1067	1.00422	109
1068	1.00479	102
1069	1.00033	77
1070	1.00259	79
1071	0.998306	58
1072	1.00553	55
1073	1.00238	49
1074	0.996646	45
1075	0.997183	44
1076	0.998572	38
1077	1.00113	26
1078	1.00649	28
1079	0.998045	25
1080	0.998858	20
1081	0.993932	30
1082	0.993884	34
1083	1.00848	26
1084	1.01107	37
1085	1.00862	43
1086	1.00497	51
1087	1.00552	57
1088	1.00016	75
1089	1.00486	95
1090	1.0013	91
1091	1.00449	106
1092	1.00726	113
1093	1.00357	121
1094	1.00711	128
1095	1.0072	155
1096	1.00938	168
1097	1.00851	191
1098	1.01121	156
1099	1.01003	101
1100	1.00828	90
1101	1.00627	141
1102	1.00538	166
1103	1.00823	133
1104	1.00632	125
1105	1.00804	136
1106	1.00555	122
1107	1.0045	98
1108	1.00077	87
1109	0.999094	68
1110	1.00234	83
1111	1.00237	69
1112	1.00856	45
1113	0.991782	46
1114	0.999375	37
1115	0.998903	41
1116	0.993306	34
1117	0.996403	30
1118	0.998414	29
1119	1.00213	20
1120	0.999283	28
1121	0.994692	31
1122	1.00625	22
1123	1.00644	40
1124	1.00605	44
1125	1.00185	56
1126	1.00585	54
1127	0.997353	79
1128	1.00087	79
1129	1.00302	87
1130	0.996476	91
1131	1.00338	95
1132	1.00392	104
1133	1.00103	114
1134	1.00464	132
1135	1.00482	158
1136	1.00863	201
1137	1.00814	195
1138	1.01416	161
1139	1.01488	120
1140	1.00837	77
1141	1.00984	116
1142	1.00858	155
1143	1.006	133
1144	1.00679	121
1145	1.00631	123
1146	1.00418	126
1147	1.00222	102
1148	1.00303	99
1149	1.00773	67
1150	1.00922	62
1151	1.00423	56
1152	0.998388	53
1153	0.995336	47
1154	0.994852	43
1155	0.995383	42
1156	0.994736	32
1157	0.99657	24
1158	1.00478	18
1159	0.984053	17
1160	0.991938	26
1161	0.991208	32
1162	1.00096	35
1163	1.01354	32
1164	1.00737	40
1165	1.00617	56
1166	1.00442	65
1167	1.001	72
1168	0.997801	75
1169	0.997783	86
1170	1.00027	83
1171	0.999997	90
1172	0.999453	99
1173	1.00095	110
1174	1.00511	125
1175	1.00535	132
1176	1.00681	166
1177	1.00749	186
1178	1.01159	158
1179	1.01318	110
1180	1.01136	73
1181	1.01105	115
1182	1.00794	143
1183	1.00598	126
1184	1.00737	108
1185	1.00606	116
1186	1.00765	119
1187	0.999735	100
1188	0.995938	87
1189	0.999144	66
1190	1.00768	60
1191	1.00774	66
1192	0.997608	68
1193	0.99564	44
1194	0.991811	41
1195	0.997351	36
1196	0.99288	35
1197	0.998249	37
1198	0.987976	25
1199	0.992218	29
1200	0.999975	32
1201	0.994521	30
1202	1.00434	35
1203	1.00648	29
1204	0.999571	46
1205	0.999845	60
1206	0.998599	67
1207	0.999789	65
1208	0.9961	79
1209	0.990122	91
1210	0.998084	97
1211	0.999613	94
1212	0.997892	91
1213	1.00008	95
1214	1.00207	116
1215	1.0018	139
1216	1.00578	160
1217	1.00543	173
1218	1.00685	137
1219	1.01199	107
1220	1.00936	102
1221	1.01026	117
1222	1.00896	145
1223	1.00424	119
1224	1.00803	118
1225	1.00413	114
1226	1.00832	102
1227	1.00174	98
1228	1.00341	88
1229	0.998879	79
1230	1.00449	58
1231	1.0001	64
1232	1.00046	59
1233	0.991953	51
1234	0.995548	36
1235	0.995367	34
1236	1.00285	41
1237	0.992378	31
1238	0.989964	36
1239	0.991139	27
1240	1.00165	28
1241	0.990525	31
1242	0.997007	33
1243	0.997807	33
1244	1.00061	50
1245	0.99944	52
1246	0.992613	56
1247	0.99328	58
1248	0.997559	76
1249	1.00191	78
1250	0.998293	94
1251	0.999524	105
1252	0.996954	107
1253	1.00015	107
1254	0.996182	123
1255	1.00287	134
1256	1.00444	155
1257	1.00325	159
1258	1.0058	144
1259	1.00514	104
1260	1.00847	130
1261	1.00661	149
1262	1.00772	163
1263	1.00517	152
1264	1.0089	138
1265	1.00517	129
1266	1.00489	112
1267	1.0009	111
1268	0.994335	87
1269	0.996223	75
1270	0.998059	71
1271	0.994759	66
1272	0.998714	51
1273	0.998985	50
1274	0.999147	45
1275	0.994492	44
1276	0.990283	35
1277	0.990009	41
1278	0.989362	35
1279	0.981039	31
1280	1.00449	23
1281	0.998154	29
1282	1.00569	34
1283	1.00222	31
1284	0.995818	45
1285	0.995953	53
1286	0.995829	50
1287	1.00043	56
1288	0.999047	61
1289	1.00499	82
1290	1.00035	97
1291	0.997712	94
1292	0.99799	105
1293	0.998951	116
1294	1.00118	130
1295	0.998323	149
1296	1.00031	134
1297	1.00387	138
1298	1.00724	149
1299	1.00353	148
1300	1.00191	132
1301	1.00362	131
1302	1.00593	142
1303	1.00564	136
1304	1.00665	127
1305	1.0155	123
1306	1.01474	122
1307	1.01011	112
1308	1.00969	135
1309	1.00419	163
1310	1.00539	160
1311	1.00224	152
1312	1.00492	144
1313	0.999726	143
1314	1.00233	114
1315	1.00496	91
1316	0.998419	93
1317	0.998924	87
1318	1.00025	84
1319	0.997181	58
1320	0.998941	57
1321	0.998425	61
1322	0.994846	48
1323	0.998551	47
1324	0.991428	39
1325	0.988825	32
1326	0.982646	37
1327	0.987006	26
1328	1.00826	25
1329	1.00367	33
1330	0.997892	36
1331	1.0016	48
1332	0.99773	46
1333	0.99427	50
1334	0.989137	45
1335	0.997438	58
1336	1.00274	61
1337	1.00528	81
1338	1.00339	96
1339	1.00325	88
1340	1.00078	101
1341	1.00336	106
1342	0.998659	110
1343	1.00074	143
1344	1.00253	155
1345	1.0041	151
1346	1.00283	160
1347	1.0005	175
1348	0.998631	174
1349	1.00047	197
1350	1.001	197
1351	1.0047	187
1352	1.00786	181
1353	1.0118	169
1354	1.01354	151
1355	1.00835	157
1356	1.00488	151
1357	1.00668	149
1358	1.0053	144
1359	1.00184	123
1360	1.00012	127
1361	1.00322	115
1362	1.00124	101
1363	0.998197	98
1364	0.998635	96
1365	0.995498	90
1366	1.00063	68
1367	1.00121	54
1368	1.00405	49
1369	1.0049	54
1370	0.999781	50
1371	1.0003	36
1372	0.997573	40
1373	0.995432	36
1374	0.991084	32
1375	0.979565	20
1376	0.99783	27
1377	1.00764	29
1378	1.00537	34
1379	1.00263	37
1380	0.997391	45
1381	0.99012	49
1382	0.993677	59
1383	0.998337	56
1384	1.00218	59
1385	1.00561	77
1386	1.00797	90
1387	0.998887	88
1388	1.00231	88
1389	0.997947	104
1390	1.00217	103
1391	1.00112	121
1392	0.999706	143
1393	1.00247	148
1394	1.00097	149
1395	1.00298	176
1396	1.00143	172
1397	1.00077	205
1398	1.0023	214
1399	1.00331	221
1400	1.00778	187
1401	1.00894	184
1402	1.01023	183
1403	1.00931	174
1404	1.00423	159
1405	0.999155	138
1406	1.00143	120
1407	0.998225	125
1408	0.997255	124
1409	0.99987	114
1410	1.00188	108
1411	0.997545	88
1412	0.997073	87
1413	0.99757	78
1414	1.0028	63
1415	0.999049	56
1416	1.0015	60
1417	0.999717	56
1418	1.00562	48
1419	1.00823	33
1420	0.998655	34
1421	0.993151	34
1422	0.989395	20
1423	0.991281	19
1424	0.987808	26
1425	0.996418	27
1426	1.00937	34
1427	1.00042	36
1428	1.00172	40
1429	0.99917	45
1430	0.993653	44
1431	0.993714	50
1432	0.999494	59
1433	1.00938	63
1434	1.00288	72
1435	1.00099	78
1436	0.998469	96
1437	1.00006	101
1438	0.999864	99
1439	0.996957	116
1440	0.998363	132
1441	1.00306	135
1442	1.00229	137
1443	1.00159	142
1444	1.00141	165
1445	1.00219	168
1446	1.00202	191
1447	1.0023	213
1448	1.00363	178
1449	1.00294	209
1450	1.00643	182
1451	1.00797	160
1452	1.00274	152
1453	1.00196	138
1454	0.997519	133
1455	0.994424	107
1456	0.996129	105
1457	1.00209	114
1458	1.00268	101
1459	0.999236	87
1460	0.998519	76
1461	0.992877	77
1462	1.00271	67
1463	1.00423	63
1464	0.999866	48
1465	1.00294	51
1466	1.00016	51
1467	0.996428	42
1468	0.999763	35
1469	0.993209	38
1470	0.984219	30
1471	0.987223	18
1472	0.99209	25
1473	1.00643	26
1474	1.00607	32
1475	0.999996	34
1476	1.00426	32
1477	1.0055	42
1478	1.00178	43
1479	1.00203	44
1480	0.999894	55
1481	0.999872	60
1482	0.994537	77
1483	0.995345	97
1484	0.993711	92
1485	0.997023	85
1486	0.999996	100
1487	0.995429	97
1488	1.00037	112
1489	1.00527	112
1490	1.00107	124
1491	0.998027	130
1492	1.00209	137
1493	1.00438	150
1494	1.00608	162
1495	1.0022	166
1496	1.00406	154
1497	1.00379	167
1498	1.00442	167
1499	1.00281	159
1500	1.00007	145
1501	0.997296	142
1502	0.998579	124
1503	0.99504	84
1504	1.00263	95
1505	1.00038	87
1506	1.0003	96
1507	0.998305	75
1508	0.98832	53
1509	0.99248	58
1510	1.00261	52
1511	1.00663	48
1512	0.998972	53
1513	1.00559	39
1514	1.00016	36
1515	1.00334	45
1516	1.00212	40
1517	0.999819	35
1518	0.993572	28
1519	0.990666	28
1520	0.999976	31
1521	1.00252	26
1522	1.00581	27
1523	1.00235	34
1524	1.01313	36
1525	1.01574	35
1526	1.0017	42
1527	1.00001	51
1528	0.995914	47
1529	1.00006	57
1530	0.997771	68
1531	0.988195	90
1532	0.989958	87
1533	0.994556	76
1534	0.994164	81
1535	0.994063	88
1536	0.999856	102
1537	1.00115	101
1538	1.00433	86
1539	1.00213	112
1540	1.00489	125
1541	1.00874	133
1542	1.00427	123
1543	0.999697	142
1544	1.00178	147
1545	0.997919	173
1546	0.998561	148
1547	1.00125	151
1548	0.997117	119
1549	0.99933	129
1550	0.994466	100
1551	1.00579	88
1552	1.00238	87
1553	1.00337	89
1554	0.998584	87
1555	0.996385	77
1556	0.996357	75
1557	0.993663	71
1558	0.994231	47
1559	1.005	46
1560	1.00846	48
1561	1.00868	41
1562	0.996149	36
1563	1.01217	36
1564	1.01358	36
1565	1.00502	31
1566	1.00156	32
1567	0.994063	20
1568	0.997114	24
1569	0.999935	16
1570	1.00117	28
1571	1.00509	40
1572	1.00138	33
1573	0.995043	42
1574	0.994405	50
1575	1.00257	42
1576	0.991012	49
1577	0.996883	58
1578	0.994645	48
1579	0.991666	71
1580	0.992747	75
1581	0.991486	70
1582	1.0011	75
1583	0.994535	94
1584	0.997499	95
1585	1.00087	88
1586	1.00174	100
1587	1.00117	90
1588	0.998626	105
1589	1.0027	116
1590	1.00654	107
1591	1.00214	126
1592	1.00481	121
1593	1.0023	125
1594	0.998386	127
1595	0.998044	110
1596	0.994749	102
1597	0.999733	118
1598	0.995414	98
1599	1.00436	74
1600	1.01007	71
1601	0.998089	73
1602	0.99759	79
1603	0.993528	82
1604	0.993467	58
1605	0.992802	53
1606	0.987387	53
1607	0.994371	48
1608	1.00372	47
1609	1.01014	42
1610	1.01121	35
1611	1.00109	37
1612	1.00999	35
1613	1.01124	26
1614	0.998094	22
1615	1.00477	21
1616	1.00419	24
1617	1.00239	28
1618	0.994265	31
1619	0.992896	32
1620	1.00134	31
1621	0.998576	32
1622	1.00102	35
1623	0.992171	41
1624	0.991905	42
1625	0.993926	49
1626	0.990857	58
1627	0.993963	49
1628	0.996658	58
1629	0.997228	54
1630	1.00091	58
1631	0.99678	78
1632	0.999271	70
1633	0.996479	71
1634	0.995714	90
1635	0.995779	85
1636	0.99666	91
1637	1.00217	101
1638	1.00565	107
1639	0.999814	106
1640	1.00415	98
1641	1.00311	108
1642	0.999308	111
1643	0.996132	107
1644	0.996437	94
1645	0.99427	96
1646	0.995617	87
1647	0.995529	95
1648	1.00128	91
1649	1.00226	78
1650	0.997257	71
1651	0.996929	61
1652	0.995297	62
1653	0.991414	62
1654	0.989657	56
1655	0.989518	44
1656	1.00134	50
1657	1.00103	46
1658	0.998626	37
1659	1.00106	30
1660	1.00006	32
1661	1.00401	26
1662	1.00183	31
1663	1.0003	26
1664	1.00143	22
1665	0.996701	24
1666	0.996269	31
1667	0.989726	33
1668	0.990871	43
1669	0.988102	33
1670	0.992836	29
1671	0.98898	31
1672	1.00035	40
1673	0.993204	52
1674	0.992241	56
1675	0.99826	55
1676	1.00881	43
1677	1.00329	44
1678	1.00005	58
1679	0.994583	59
1680	0.996396	71
1681	0.997109	74
1682	0.995696	72
1683	0.994952	75
1684	0.992934	101
1685	0.999714	100
1686	1.00213	97
1687	1.00259	108
1688	0.998466	86
1689	0.999955	90
1690	1.00255	94
1691	1.00164	102
1692	0.997445	90
1693	0.994031	78
1694	0.995005	91
1695	0.994491	72
1696	0.996786	75
1697	0.996192	69
1698	1.00466	62
1699	0.996974	56
1700	0.998884	55
1701	0.99711	50
1702	0.996942	50
1703	1.00013	45
1704	0.995505	44
1705	0.998107	40
1706	0.991234	32
1707	0.982459	28
1708	0.994557	30
1709	1.00059	32
1710	1.00373	26
1711	1.00464	24
1712	0.992376	13
1713	1.00015	16
1714	0.998125	27
1715	0.99546	26
1716	0.99718	35
1717	0.994895	27
1718	0.99158	36
1719	1.00582	28
1720	1.00223	40
1721	0.999759	44
1722	1.00755	54
1723	1.01171	52
1724	1.01282	46
1725	0.999827	54
1726	0.994666	42
1727	0.997103	62
1728	0.998358	69
1729	0.999749	62
1730	0.999688	56
1731	1.00579	67
1732	0.993496	72
1733	0.992396	78
1734	0.998322	102
1735	0.998423	103
1736	1.00374	84
1737	0.99423	74
1738	0.998462	94
1739	0.999402	88
1740	1.00246	85
1741	0.997676	83
1742	0.998034	68
1743	0.994251	61
1744	0.997065	57
1745	0.995461	59
1746	0.999395	56
1747	0.994067	55
1748	0.994833	47
1749	0.999655	41
1750	1.00225	38
1751	0.996484	29
1752	1.00985	30
1753	1.00958	29
1754	1.00135	28
1755	0.999585	28
1756	0.99895	30
1757	0.995789	23
1758	0.98837	24
1759	0.998985	18
1760	0.994289	9
1761	1.00067	13
1762	0.99519	22
1763	0.99405	31
1764	0.999609	32
1765	0.994936	36
1766	0.992974	27
1767	1.00439	40
1768	1.00393	54
1769	1.00741	48
1770	1.00214	39
1771	1.00618	57
1772	0.999933	51
1773	1.00744	51
1774	1.00284	49
1775	0.997382	66
1776	1.00015	64
1777	1.00073	55
1778	1.00509	41
1779	1.00998	61
1780	1.00085	66
1781	0.996504	76
1782	0.995897	80
1783	0.998682	78
1784	1.00243	75
1785	0.995814	74
1786	0.995738	80
1787	0.995734	75
1788	0.992779	67
1789	1.00007	68
1790	0.998298	60
1791	0.989693	49
1792	0.998398	46
1793	0.994151	54
1794	1.0025	60
1795	0.996231	55
1796	0.993943	49
1797	0.991075	34
1798	1.00491	37
1799	1.00902	34
1800	1.01403	32
1801	1.02474	26
1802	0.996926	21
1803	1.00898	22
1804	1.00172	16
1805	1.00373	12
1806	1.00125	12
1807	1.00447	17
1808	1.00517	11
1809	0.998747	20
1810	1.00112	26
1811	1.00985	22
1812	1.00389	29
1813	0.992813	30
1814	0.997782	25
1815	1.00997	22
1816	1.01021	30
1817	1.00317	41
1818	0.992447	37
1819	0.999584	41
1820	0.996604	47
1821	0.999627	49
1822	1.0026	52
1823	1.00228	62
1824	0.993447	50
1825	0.997538	53
1826	1.00461	49
1827	1.00386	55
1828	1.00119	67
1829	0.992618	71
1830	0.996868	63
1831	1.00058	47
1832	1.00208	57
1833	0.996882	76
1834	0.99732	74
1835	0.995219	59
1836	0.997161	64
1837	0.998774	62
1838	1.00168	55
1839	0.996519	48
1840	0.999371	47
1841	0.997613	52
1842	0.998715	53
1843	1.00021	42
1844	0.995287	41
1845	0.996663	39
1846	1.00265	39
1847	1.01109	23
1848	1.01453	25
1849	1.00842	30
1850	1.00382	23
1851	0.99172	19
1852	0.999435	18
1853	1.01132	12
1854	1.00435	13
1855	1.00109	11
1856	1.00594	10
1857	1.00132	19
1858	0.994537	18
1859	1.00369	13
1860	1.00225	25
1861	0.996863	24
1862	1.00029	26
1863	1.00612	21
1864	0.999267	23
1865	0.996791	33
1866	0.996617	27
1867	0.994715	35
1868	1.00017	41
1869	0.995739	49
1870	0.991447	46
1871	0.995053	46
1872	0.999207	49
1873	1.00716	45
1874	0.995673	46
1875	0.99604	53
1876	0.999902	65
1877	0.995232	58
1878	1.00345	59
1879	1.00145	51
1880	0.999415	64
1881	0.996165	62
1882	1.00046	61
1883	1.00034	59
1884	0.99222	45
1885	0.998232	49
1886	1.00414	41
1887	1.00692	44
1888	1.00053	46
1889	0.991192	54
1890	0.991934	46
1891	0.995398	34
1892	1.00456	35
1893	0.993172	37
1894	0.993032	33
1895	1.00465	36
1896	1.00921	26
1897	1.01476	30
1898	1.01438	32
1899	0.998109	21
1900	0.988682	18
1901	0.993811	20
1902	0.998525	16
1903	0.99723	15
1904	0.991683	8
1905	0.990258	10
1906	0.999991	9
1907	0.995929	13
1908	0.99951	21
1909	1.00115	18
1910	1.00589	13
1911	1.00318	15
1912	0.999747	21
1913	0.991659	32
1914	0.990903	31
1915	1.00434	28
1916	0.994328	40
1917	0.99448	36
1918	0.994744	30
1919	0.992102	48
1920	0.997975	41
1921	1.00235	39
1922	0.999042	43
1923	0.998762	40
1924	0.997686	58
1925	1.00157	57
1926	0.997591	66
1927	1.00227	50
1928	0.999076	46
1929	1.0105	39
1930	1.00659	46
1931	0.998426	58
1932	0.998754	55
1933	1.00047	48
1934	1.00311	49
1935	1.00858	38
1936	1.00138	53
1937	0.996223	47
1938	0.991314	33
1939	0.99284	29
1940	0.992416	33
1941	1.00462	40
1942	0.998258	36
1943	0.991485	27
1944	1.00451	27
1945	1.01219	28
1946	1.01044	26
1947	1.00201	22
1948	0.984694	14
1949	0.995045	17
1950	0.994854	20
1951	0.992074	18
1952	0.981269	6
1953	0.996509	5
1954	1.00173	8
1955	0.984698	9
1956	0.990402	16
1957	1.00073	15
1958	0.996899	21
1959	0.997732	20
1960	0.987551	18
1961	0.980748	18
1962	0.994152	22
1963	1.00761	23
1964	1.00845	24
1965	0.995186	26
1966	0.997036	32
1967	0.994436	46
1968	0.994538	35
1969	1.00054	37
1970	0.993243	36
1971	0.999897	35
1972	0.998843	37
1973	0.996019	43
1974	0.993172	39
1975	0.999903	35
1976	1.00126	37
1977	1.00961	42
1978	1.0016	47
1979	0.990411	50
1980	0.994514	44
1981	0.996271	43
1982	0.996915	49
1983	1.00247	43
1984	1.00356	41
1985	1.00079	46
1986	0.98253	34
1987	0.996687	25
1988	1.00252	24
1989	0.992207	32
1990	1.00266	27
1991	0.997756	32
1992	0.991324	24
1993	0.999943	25
1994	0.993503	29
1995	0.996771	23
1996	0.995356	16
1997	0.996017	15
1998	0.997899	10
1999	0.999128	9
2000	0.992154	7
2001	0.999647	11
2002	0.987155	6
2003	1.01462	6
2004	1.00404	13
2005	0.99773	16
2006	0.996198	21
2007	1.00272	18
2008	0.99962	14
2009	1.00174	13
2010	1.00773	21
2011	1.00488	22
2012	1.00691	22
2013	0.997889	26
2014	0.99932	27
2015	1.00069	34
2016	1.00396	38
2017	1.0105	37
2018	1.00372	44
2019	0.991326	29
2020	0.992667	33
2021	0.99531	36
2022	0.996993	42
2023	1.00013	40
2024	0.997314	39
2025	0.996467	39
2026	1.00222	42
2027	0.995375	35
2028	0.993582	36
2029	1.00171	45
2030	0.997194	40
2031	0.994511	38
2032	0.997448	34
2033	0.996068	32
2034	0.988192	30
2035	0.990379	22
2036	0.98826	21
2037	0.993087	31
2038	0.998658	30
2039	1.00012	24
2040	1.00066	31
2041	1.00054	28
2042	0.995721	17
2043	1.00277	22
2044	1.00231	20
2045	1.00156	15
2046	0.993393	10
2047	1.00912	10
2048	0.994869	10
2049	0.99199	9
2050	0.993743	10
2051	0.993712	10
2052	0.994904	12
2053	0.995528	21
2054	0.992368	29
2055	1.00298	26
2056	1.01621	21
2057	1.01115	18
2058	1.00959	27
2059	0.994728	21
2060	1.00572	38
2061	1.01807	31
2062	1.01223	27
2063	1.00539	29
2064	1.01041	32
2065	1.00685	33
2066	1.00122	34
2067	0.986019	25
2068	0.997178	38
2069	0.995983	34
2070	0.999724	39
2071	0.997606	36
2072	0.990026	33
2073	0.990687	36
2074	0.998113	38
2075	0.996618	37
2076	0.996398	27
2077	1.0022	32
2078	1.00216	37
2079	0.994446	38
2080	0.998157	29
2081	0.994567	24
2082	0.99538	23
2083	0.994131	21
2084	0.98989	24
2085	0.989239	20
2086	0.991988	22
2087	1.00153	25
2088	0.998701	24
2089	1.00709	22
2090	0.994796	25
2091	0.99961	21
2092	1.00195	17
2093	0.999275	13
2094	0.996102	16
2095	0.996713	12
2096	1.0017	9
2097	0.998262	10
2098	0.987956	9
2099	0.98827	12
2100	0.982027	12
2101	0.993543	13
2102	0.996391	17
2103	1.01208	16
2104	1.01458	19
2105	1.01403	21
2106	1.00233	20
2107	1.00289	26
2108	1.00485	31
2109	1.01259	25
2110	1.00873	23
2111	1.00634	30
2112	0.999434	32
2113	1.00481	30
2114	1.00363	32
2115	1.0064	30
2116	1.01249	30
2117	1.01586	34
2118	1.00982	42
2119	1.00576	27
2120	0.994162	30
2121	0.989607	26
2122	0.993777	35
2123	0.991226	31
2124	1.00496	29
2125	1.01011	39
2126	1.00325	31
2127	0.991012	29
2128	1.00017	25
2129	0.998651	14
2130	1.0052	25
2131	0.976181	11
2132	0.982948	15
2133	0.999902	15
2134	1.00495	20
2135	0.994142	19
2136	1.01706	23
2137	1.00276	29
2138	1.00206	19
2139	1.00669	11
2140	0.99104	14
2141	0.995907	12
2142	0.998346	12
2143	1.0063	9
2144	0.991064	6
2145	0.993275	8
2146	0.997283	12
2147	0.998834	8
2148	0.990366	8
2149	1.00178	10
2150	1.01523	14
2151	1.01485	10
2152	1.0112	14
2153	1.01646	12
2154	1.00817	16
2155	1.00666	16
2156	1.00675	22
2157	1.00679	23
2158	1.00896	21
2159	1.00902	19
2160	1.00563	26
2161	1.00432	22
2162	1.01628	24
2163	1.01206	25
2164	1.0092	23
2165	1.02633	25
2166	1.01102	25
2167	1.01732	26
2168	0.987543	20
2169	0.983234	24
2170	0.985929	24
2171	0.999484	22
2172	1.00166	24
2173	1.00918	24
2174	1.01418	24
2175	0.996272	27
2176	0.9976	16
2177	0.991336	14
2178	1.00061	8
2179	1.00673	9
2180	0.992286	13
2181	1.00104	12
2182	1.00592	16
2183	1.00963	14
2184	1.01481	14
2185	1.01232	20
2186	1.01112	16
2187	0.997111	12
2188	0.988422	14
2189	0.985154	11
2190	0.983196	9
2191	1.02165	5
2192	1.02269	3
2193	1.00588	4
2194	0.987042	7
2195	1.02433	3
2196	1.02537	4
2197	0.996414	3
2198	1.02997	4
2199	1.01763	5
2200	1.01418	4
2201	1.01933	8
2202	1.02431	7
2203	1.01316	9
2204	0.997179	16
2205	1.00897	13
2206	0.999588	17
2207	1.00731	14
2208	1.00189	17
2209	1.01258	14
2210	1.00782	11
2211	1.00724	8
2212	1.02427	13
2213	1.02128	13
2214	1.02103	14
2215	1.00866	13
2216	0.998364	7
2217	0.993025	14
2218	0.973283	14
2219	0.992802	12
2220	1.00336	14
2221	1.01933	11
2222	1.00416	13
2223	0.999291	12
2224	1.00027	17
2225	0.995778	7
2226	0.987838	8
2227	0.995851	10
2228	0.997818	7
2229	0.993192	6
2230	1.00233	10
2231	1.01302	8
2232	1.01451	12
2233	1.00694	13
2234	1.00775	14
2235	1.00429	10
2236	0.992097	6
2237	0.984113	6
2238	0.991557	4
2239	0.988957	3
2240	0	0
2241	0	0
2242	0	0
2243	0	0
2244	0	0
2245	0	0
2246	0	0
2247	0	0
2248	0	0
2249	0	0
2250	0	0
2251	0	0
2252	0	0
2253	0	0
2254	0	0
2255	0	0
2256	0	0
2257	0	0
2258	0	0
2259	0	0
2260	0	0
2261	0	0
2262	0	0
2263	0	0
2264	0	0
2265	0	0
2266	0	0
2267	0	0
2268	0	0
2269	0	0
2270	0	0
2271	0	0
2272	0	0
2273	0	0
2274	0	0
2275	0	0
2276	0	0
2277	0	0
2278	0	0
2279	0	0
2280	0	0
2281	0	0
2282	0	0
2283	0	0
2284	0	0
2285	0	0
2286	0	0
2287	0	0
2288	0	0
2289	0	0
2290	0	0
2291	0	0
2292	0	0
2293	0	0
2294	0	0
2295	0	0
2296	0	0
2297	0	0
2298	0	0
2299	0	0
2300	0	0
2301	0	0
2302	0	0
2303	0	0
2304	0	0
2305	0	0
2306	0	0
2307	0	0
2308	0	0
2309	0	0
2310	0	0
2311	0	0
2312	0	0
2313	0	0
2314	0	0
2315	0	0
2316	0	0
2317	0	0
2318	0	0
2319	0	0
2320	0	0
2321	0	0
2322	0	0
2323	0	0
2324	0	0
2325	0	0
2326	0	0
2327	0	0
2328	0	0
2329	0	0
2330	0	0
2331	0	0
2332	0	0
2333	0	0
2334	0	0
2335	0	0
2336	0	0
2337	0	0
2338	0	0
2339	0	0
2340	0	0
2341	0	0
2342	0	0
2343	0	0
2344	0	0
2345	0	0
2346	0	0
2347	0	0
2348	0	0
2349	0	0
2350	0	0
2351	0	0
2352	0	0
2353	0	0
2354	0	0
2355	0	0
2356	0	0
2357	0	0
2358	0	0
2359	0	0
2360	1.00664	12
2361	1.00064	19
2362	1.01554	16
2363	1.01237	11
2364	1.00318	14
2365	1.00371	18
2366	0.9879	25
2367	1.01053	19
2368	1.01213	18
2369	1.008	17
2370	0.993238	10
2371	0.997139	19
2372	0.994348	30
2373	0.994005	34
2374	1.00649	27
2375	1.00607	27
2376	1.01069	24
2377	1.00751	15
2378	0.994561	16
2379	0.996246	24
2380	0.997759	37
2381	0.998088	40
2382	0.993823	38
2383	1.00072	32
2384	0.999465	26
2385	1.00123	17
2386	1.0011	13
2387	0.992646	18
2388	0.989356	20
2389	1.00164	25
2390	0.997479	46
2391	0.988737	37
2392	1.00195	27
2393	0.997479	30
2394	0.992896	24
2395	1.00538	14
2396	0.993288	18
2397	1.00154	22
2398	0.993118	33
2399	0.994127	35
2400	1.00056	41
2401	0.996911	45
2402	1.00131	30
2403	1.00448	28
2404	0.997049	28
2405	1.00935	16
2406	1.02171	10
2407	0.998357	11
2408	0.993075	22
2409	1.00204	28
2410	0.999817	37
2411	0.997836	46
2412	0.997707	46
2413	1.00207	34
2414	1.00415	41
2415	1.00171	35
2416	1.00058	20
2417	1.01613	5
2418	1.00616	15
2419	0.997927	25
2420	0.994066	32
2421	0.994339	27
2422	0.995977	44
2423	0.994938	51
2424	0.9999	42
2425	0.9984	39
2426	1.00162	38
2427	0.998525	27
2428	1.00695	21
2429	1.01949	10
2430	1.00136	17
2431	1.00274	29
2432	0.998962	34
2433	0.99365	29
2434	0.987977	34
2435	0.996469	44
2436	0.994059	51
2437	0.996126	41
2438	0.999194	46
2439	0.999414	47
2440	1.00357	28
2441	1.01652	14
2442	1.01186	14
2443	1.0085	23
2444	1.00049	29
2445	1.00052	34
2446	0.990363	39
2447	0.989523	55
2448	0.995051	58
2449	0.996992	50
2450	0.995313	55
2451	1.00044	41
2452	1.00664	31
2453	1.00866	16
2454	1.01256	20
2455	1.00699	30
2456	1.00392	38
2457	0.994417	44
2458	0.994806	51
2459	0.991327	67
2460	0.996974	68
2461	0.99744	52
2462	0.997351	50
2463	1.00545	41
2464	1.00962	29
2465	1.00047	13
2466	1.01806	16
2467	1.00358	27
2468	1.00255	38
2469	0.99876	45
2470	0.991182	46
2471	0.994822	58
2472	0.997389	62
2473	1.00163	45
2474	1.00203	40
2475	0.999487	40
2476	0.999966	31
2477	0.999846	18
2478	1.00992	21
2479	0.996773	27
2480	0.992088	38
2481	0.985149	42
2482	0.998099	66
2483	0.999696	67
2484	0.994821	56
2485	0.995192	48
2486	1.00321	45
2487	1.00446	37
2488	1.00103	30
2489	1.01159	9
2490	0.996565	16
2491	0.99911	30
2492	0.988296	29
2493	0.991527	42
2494	0.999975	49
2495	1.00125	64
2496	0.986488	64
2497	0.997572	58
2498	0.994735	38
2499	0.99901	35
2500	1.00673	24
2501	0.999271	8
2502	1.00075	16
2503	0.999352	33
2504	0.990286	32
2505	0.997882	37
2506	1.00214	55
2507	1.00227	64
2508	0.994856	57
2509	1.00133	52
2510	0.998309	41
2511	0.996886	34
2512	1.00268	31
2513	1.00828	18
2514	1.00181	22
2515	1.00133	36
2516	0.999847	38
2517	1.00308	42
2518	1.00284	52
2519	1.00108	67
2520	0.994848	47
2521	1.00002	49
2522	1.00108	45
2523	0.995955	38
2524	0.99765	29
2525	1.00844	18
2526	1.00453	18
2527	1.00338	26
2528	0.995909	27
2529	0.99882	31
2530	0.999785	42
2531	0.996012	59
2532	1.00068	47
2533	1.00096	47
2534	1.00214	38
2535	1.0041	32
2536	1.00328	26
2537	1.00826	11
2538	1.01759	10
2539	0.999641	21
2540	0.992056	16
2541	0.995876	27
2542	0.993966	47
2543	0.99742	52
2544	0.996397	56
2545	0.998933	42
2546	1.00258	26
2547	1.00195	19
2548	1.01011	26
2549	1.01021	9
2550	1.00738	16
2551	0.993899	21
2552	0.995986	26
2553	0.990701	40
2554	1.00546	39
2555	1.00123	35
2556	0.992064	30
2557	1.0062	26
2558	1.01357	22
2559	1.01134	12
2560	1.00494	13
2561	1.0093	21
2562	1.00068	35
2563	0.989682	32
2564	0.999466	28
2565	0.99267	37
2566	0.995448	32
2567	0.991069	26
2568	0.997437	18
2569	1.01862	11
2570	1.01099	24
2571	0.995047	24
2572	0.996087	32
2573	0.998664	30
2574	1.00068	39
2575	1.00421	26
2576	0.987747	24
2577	0.980588	15
2578	1.01204	14
2579	1.00065	22
2580	0.987759	22
2581	0.994762	20
2582	1.00714	31
2583	0.997988	29
2584	0.995075	16
2585	0.991115	10
2586	1.00033	14
2587	1.00036	19
2588	1.00222	26
2589	1.00754	18
2590	1.00153	16
2591	1.00205	9
2592	1.01555	11
2593	1.00005	12
2594	0	0
2595	0	0
2596	0	0
2597	0	0
2598	0	0
2599	0	0
2600	0	0
2601	0	0
2602	0	0
2603	0	0
2604	0	0
2605	0	0
2606	0	0
2607	0	0
2608	0	0
2609	0	0
2610	0	0
2611	0	0
2612	0	0
2613	0	0
2614	0	0
2615	0	0
2616	0	0
2617	0	0
2618	0	0
2619	0	0
2620	0	0
2621	0	0
2622	0	0
2623	0	0
2624	0	0
2625	0	0
2626	0	0
2627	0	0
2628	0	0
2629	0	0
2630	0	0
2631	0	0
2632	0	0
2633	0	0
2634	0	0
2635	0	0
2636	0	0
2637	0	0
2638	0	0
2639	0	0
2640	0	0
2641	0	0
2642	0	0
2643	0	0
2644	0	0
2645	0	0
2646	0	0
2647	0	0
2648	0	0
2649	0	0
2650	0	0
2651	0	0
2652	0	0
2653	0	0
2654	0	0
2655	0	0
2656	0	0
2657	0	0
2658	0	0
2659	0	0
2660	0	0
2661	0	0
2662	0	0
2663	0	0
2664	0	0
2665	0	0
2666	0	0
2667	0	0
2668	0	0
2669	0	0
2670	0	0
2671	0	0
2672	0	0
2673	0	0
2674	0	0
2675	0	0
2676	0	0
2677	0	0
2678	0	0
2679	0	0
2680	0	0
2681	0	0
2682	0	0
2683	0	0
2684	0	0
2685	0	0
2686	0	0
2687	0	0
2688	0	0
2689	0	0
2690	0	0
2691	0	0
2692	0	0
2693	0	0
2694	0	0
2695	0	0
2696	0	0
2697	0	0
2698	0	0
2699	0	0
2700	0	0
2701	0	0
2702	0	0
2703	0	0
2704	0	0
2705	0	0
2706	0	0
2707	0	0
2708	0	0
2709	0	0
2710	0	0
2711	0	0
2712	0	0
2713	0	0
2714	0	0
2715	0	0
