0	1.17786
1	0.950857
2	0.970971
3	1.08161
4	0.96312
5	0.99772
6	1.08696
7	1.03261
8	1.00459
9	1.03192
10	1.03511
11	1.02009
12	0.9757
13	1.04276
14	1.00203
15	0.951977
16	0.99654
17	0.985927
18	0.961488
19	0.960076
20	0.907307
21	0.978164
22	0.95676
23	1.07997
24	1.00968
25	1.06387
26	1.02104
27	0.999416
28	1.00721
29	0.954593
30	0.972993
31	0.940771
32	0.924057
33	1.01867
34	1.02968
35	1.0172
36	1.02795
37	0.936054
38	1.0258
39	0.938299
40	0.943617
41	0.999886
42	0.959153
43	0.971891
44	0.931175
45	0.943356
46	1.00552
47	0.930903
48	0.972361
49	1.06199
50	0.962383
51	0.991018
52	0.946215
53	0.986975
54	1.02403
55	0.952386
56	0.992161
57	0.916141
58	0.975092
59	1.00035
60	0.954617
61	1.00096
62	1.03205
63	0.982485
64	0.950436
65	0.994603
66	1.01596
67	1.02271
68	1.02564
69	0.996916
70	0.933312
71	0.978867
72	0.934814
73	0.991617
74	0.996433
75	0.989405
76	1.03803
77	1.01553
78	1.10456
79	0.983069
80	1.04783
81	0.946231
82	1.03257
83	1.04762
84	0.98577
85	1.01518
86	0.979936
87	0.916564
88	1.01401
89	1.00807
90	0.999451
91	1.02944
92	0.947046
93	0.914553
94	0.97502
95	0.941811
96	0.964786
97	0.984461
98	0.992073
99	1.01226
100	1.01819
101	0.991118
102	1.00661
103	1.02839
104	1.0179
105	1.02386
106	0.935086
107	0.942123
108	0.921625
109	1.04571
110	0.942747
111	0.975715
112	0.954272
113	0.946542
114	1.02088
115	1.02378
116	0.956194
117	0.991591
118	1.09116
119	1.05599
120	0.943997
121	0.997654
122	0.983623
123	1.0645
124	0.953913
125	1.02299
126	1.0153
127	1.1083
128	0.992148
129	1.04282
130	1.13054
131	1.00478
132	0.966948
133	1.01744
134	1.00917
135	0.967381
136	0.9563
137	0.992776
138	0.948054
139	1.13845
140	0.94184
141	1.01913
142	0.905474
143	0.985623
144	1.04725
145	0.971146
146	1.01363
147	0.963885
148	0.988322
149	1.02272
150	1.05123
151	1.01882
152	0.930602
153	0.941614
154	0.996999
155	1.03809
156	0.996095
157	1.07979
158	1.10496
159	0.978302
160	0.958267
161	0.97942
162	1.0194
163	1.02343
164	1.01359
165	0.936152
166	1.03615
167	1.03124
168	0.964639
169	0.968063
170	1.08893
171	0.989937
172	0.978506
173	0.830591
174	1.05615
175	0.868962
176	0.951441
177	0.888628
178	1.01314
179	1.03038
180	1.01411
181	1.09203
182	0.999229
183	1.00331
184	0.994792
185	1.02782
186	1.00969
187	1.02344
188	1.08501
189	0.90212
190	0.970601
191	1.05631
192	0.973396
193	0.976244
194	0.973627
195	1.07879
196	1.05145
197	1.03405
198	1.00436
199	0.98802
200	0.959937
201	0.928871
202	0.972041
203	0.898397
204	0.964656
205	0.984925
206	0.993946
207	0.983535
208	0.992081
209	0.940892
210	1.04295
211	0.951252
212	0.970958
213	0.952775
214	1.07655
215	1.02318
216	0.944642
217	0.966772
218	0.986852
219	0.982912
220	1.02983
221	0.970265
222	1.02498
223	0.999632
224	0.941018
225	0.948483
226	1.02325
227	1.02896
228	1.10371
229	1.02544
230	1.00677
231	1.02316
232	1.08578
233	1.01206
234	1.03684
235	1.06853
236	1.02013
237	1.02179
238	1.00946
239	1.08455
240	0.95086
241	0.97837
242	1.08392
243	0.938787
244	1.01483
245	1.08659
246	1.11036
247	0.92699
248	0.999877
249	1.02315
250	1.00627
251	1.0106
252	1.0247
253	0.994923
254	1.00895
255	0.927752
256	1.01735
257	0.985334
258	0.961371
259	0.860926
260	0.99905
261	0.956251
262	0.900856
263	1.06542
264	1.03172
265	0.992632
266	0.989207
267	1.03526
268	0.991771
269	0.95619
270	1.00932
271	0.944412
272	0.976004
273	0.997963
274	1.07791
275	1.07579
276	0.928021
277	1.01392
278	1.00142
279	1.01554
280	0.943942
281	1.01828
282	0.944745
283	1.01932
284	0.968371
285	0.984558
286	1.01102
287	1.02161
288	1.0064
289	0.89811
290	0.954976
291	1.12059
292	1.00888
293	1.01728
294	1.01162
295	1.00148
296	0.977777
297	0.986502
298	1.05993
299	1.03702
300	1.01217
301	0.903041
302	0.889281
303	1.02568
304	0.968489
305	1.03142
306	1.20813
307	1.03348
308	0.997718
309	1.04642
310	1.01529
311	1.0651
312	0.921413
313	1.03179
314	0.983822
315	0.911449
316	1.03781
317	1.04917
318	0.97972
319	0.93075
320	0.961645
321	0.948728
322	0.987077
323	1.00353
324	1.04412
325	0.913723
326	0.94089
327	1.00907
328	1.04815
329	0.958611
330	0.964254
331	1.13965
332	0.967361
333	1.06211
334	1.05117
335	0.974428
336	0.909326
337	1.02684
338	0.956665
339	1.0007
340	0.900165
341	1.02203
342	1.04447
343	1.04329
344	0.99729
345	1.00427
346	1.0386
347	0.978478
348	1.0258
349	0.990252
350	1.04672
351	1.08085
352	1.00647
353	1.02744
354	0.984108
355	1.0187
356	0.916312
357	0.94935
358	1.0603
359	1.0291
360	1.08941
361	0.990821
362	0.944262
363	0.991972
364	0.995494
365	0.988227
366	0.97017
367	0.970364
368	1.08538
369	1.04275
370	1.09393
371	1.17681
372	1.08159
373	0.965806
374	0.878447
375	0.992657
376	1.02221
377	0.999152
378	0.899637
379	1.04803
380	0.938493
381	0.934214
382	1.0616
383	0.992812
384	1.06642
385	1.00637
386	1.03503
387	1.04485
388	1.0037
389	0.920814
390	0.920301
391	1.06413
392	0.947553
393	0.99743
394	0.925736
395	0.970756
396	1.07535
397	1.00049
398	1.0077
399	1.04209
400	1.01837
401	0.9748
402	0.91738
403	0.966338
404	1.02795
405	1.02179
406	1.01298
407	0.947843
408	1.04111
409	1.021
410	1.0528
411	1.0439
412	0.927136
413	0.926286
414	1.06167
415	1.0348
416	0.926837
417	1.05231
418	1.03767
419	1.02374
420	0.963587
421	0.994788
422	1.0768
423	1.02095
424	0.994549
425	1.06096
426	1.009
427	0.907191
428	1.03633
429	0.979773
430	1.01349
431	0.960804
432	1.01808
433	1.00858
434	1.04238
435	1.08982
436	0.987153
437	1.13754
438	1.03287
439	0.993124
440	0.986378
441	0.942233
442	1.00365
443	1.04835
444	1.06987
445	1.0468
446	0.992808
447	0.968663
448	1.02088
449	1.03625
450	1.02109
451	1.00008
452	1.04872
453	1.01524
454	0.994279
455	1.00649
456	0.982462
457	1.01977
458	1.06965
459	0.97
460	0.941707
461	1.0923
462	1.02553
463	0.992508
464	1.01627
465	0.982795
466	0.96417
467	0.97353
468	1.02742
469	0.917216
470	0.998661
471	0.930561
472	0.941902
473	1.12532
474	0.981048
475	1.03592
476	1.06557
477	0.98642
478	1.04515
479	0.980238
480	0.96852
481	0.982684
482	1.03388
483	1.0107
484	0.998274
485	1.02213
486	0.977449
487	1.05272
488	1.04815
489	0.950189
490	0.97664
491	1.08308
492	0.934861
493	0.963017
494	1.05422
495	0.981647
496	1.10983
497	0.908421
498	1.0474
499	1.00168
500	0.998273
501	1.09085
502	1.08849
503	1.0233
504	1.05426
505	0.994063
506	0.978008
507	0.922534
508	0.99361
509	0.960773
510	0.97979
511	1.00585
512	0.975976
513	1.06237
514	0.998352
515	0.967037
516	1.09428
517	1.06758
518	0.962317
519	0.977385
520	0.971569
521	0.946605
522	0.935971
523	0.956434
524	0.974681
525	1.05677
526	0.985776
527	1.03994
528	0.957943
529	1.1121
530	1.05964
531	0.93884
532	0.980941
533	1.00658
534	1.02456
535	1.01809
536	0.982106
537	0.929781
538	0.957944
539	1.02841
540	1.03261
541	1.03638
542	0.965318
543	1.02137
544	1.06073
545	0.982599
546	1.00352
547	0.999941
548	0.975547
549	1.01526
550	0.898523
551	1.02253
552	0.990759
553	0.96331
554	1.11383
555	0.974426
556	0.998923
557	1.03329
558	1.06205
559	0.916114
560	0.990471
561	0.96236
562	0.997608
563	0.951203
564	0.933222
565	0.984879
566	0.902278
567	0.977646
568	1.00348
569	0.996685
570	1.05827
571	0.994021
572	0.999254
573	0.98643
574	1.0605
575	1.03132
576	0.938592
577	0.986655
578	1.05026
579	1.04691
580	1.07689
581	0.965342
582	1.01754
583	0.998761
584	0.927948
585	1.03847
586	0.91445
587	1.02607
588	1.07853
589	1.02598
590	1.0379
591	0.956508
592	0.879025
593	1.05035
594	1.07042
595	0.964788
596	0.95603
597	1.03117
598	0.951179
599	1.11867
600	1.10731
601	1.01989
602	0.897339
603	1.03506
604	0.981375
605	1.00071
606	1.03176
607	1.00814
608	0.971913
609	0.988862
610	1.10524
611	0.982472
612	1.00181
613	1.05061
614	1.09365
615	0.967408
616	0.996888
617	0.991718
618	0.984244
619	0.958339
620	1.00596
621	0.966892
622	1.00586
623	1.05654
624	0.964653
625	0.949685
626	0.960924
627	0.940488
628	1.03335
629	0.949926
630	0.996643
631	1.00526
632	1.05865
633	0.895544
634	1.00496
635	0.976031
636	1.03997
637	1.05684
638	1.0317
639	0.933974
640	0.973691
641	1.01719
642	1.00861
643	1.02779
644	1.01816
645	0.962929
646	1.09634
647	1.09229
648	0.972323
649	0.953274
650	0.975314
651	1.10957
652	1.0082
653	1.05066
654	0.947021
655	0.994582
656	1.01333
657	0.954935
658	0.979415
659	1.01313
660	1.04934
661	0.955316
662	0.907264
663	0.974542
664	0.942686
665	0.969154
666	1.05744
667	0.983079
668	1.06272
669	0.987958
670	1.05939
671	1.01865
672	0.963977
673	1.00318
674	0.972591
675	0.934555
676	1.07602
677	0.94182
678	0.980332
679	0.925633
680	1.01787
681	1.02481
682	0.978353
683	0.983569
684	0.975455
685	1.00443
686	0.935777
687	0.99841
688	0.977509
689	1.02733
690	1.05934
691	0.986016
692	1.05279
693	0.995065
694	1.00296
695	0.998758
696	0.968761
697	1.01009
698	0.921777
699	1.08802
700	1.037
701	0.914775
702	0.999394
703	0.919525
704	1.00732
705	1.08862
706	1.0149
707	1.00315
708	1.02565
709	0.955311
710	1.00636
711	1.02111
712	0.948781
713	1.08237
714	0.955433
715	1.00976
716	1.05208
717	0.938047
718	1.02247
719	1.04125
720	1.01996
721	0.884467
722	0.958892
723	1.0171
724	0.912302
725	1.02272
726	1.02275
727	1.02188
728	0.986447
729	1.02049
730	1.01669
731	1.08969
732	1.12429
733	0.935989
734	0.925955
735	0.990273
736	1.08154
737	1.02712
738	0.995447
739	0.915884
740	1.03328
741	1.02282
742	0.959691
743	0.986729
744	1.08488
745	0.90629
746	1.07652
747	1.05119
748	1.02065
749	1.05593
750	1.01924
751	0.993681
752	0.974236
753	0.980644
754	0.970532
755	0.963826
756	0.904872
757	1.0192
758	1.02767
759	1.01491
760	0.942723
761	0.993679
762	1.07146
763	0.941617
764	0.987417
765	0.967622
766	1.03825
767	1.02135
768	0.904706
769	0.998512
770	1.069
771	1.02649
772	1.01601
773	1.00948
774	1.01613
775	1.03045
776	1.01776
777	0.995056
778	1.01417
779	0.966727
780	1.04355
781	0.962687
782	0.993386
783	1.05746
784	0.958286
785	1.00254
786	0.942978
787	1.00962
788	0.967865
789	0.959151
790	1.00621
791	1.05216
792	1.00127
793	1.0069
794	1.02112
795	1.15741
796	0.953841
797	0.940604
798	0.926151
799	1.01528
800	0.975538
801	1.0615
802	1.04314
803	0.990772
804	1.00266
805	0.993664
806	1.01635
807	1.00797
808	1.08774
809	1.06678
810	1.02604
811	0.983933
812	1.02358
813	0.957462
814	1.01458
815	0.988696
816	1.0464
817	1.0344
818	1.02636
819	0.982262
820	1.04566
821	1.03376
822	0.917851
823	1.00315
824	1.01449
825	0.969236
826	1.04211
827	0.963687
828	1.06548
829	0.967394
830	0.956254
831	0.889503
832	1.0526
833	1.01505
834	1.05315
835	0.946077
836	1.05708
837	1.0272
838	0.934064
839	0.89938
840	1.0389
841	0.90713
842	1.00016
843	0.930679
844	1.03735
845	1.05705
846	1.05891
847	1.05981
848	1.05702
849	0.994428
850	1.06504
851	1.00559
852	0.921189
853	1.01114
854	1.00763
855	1.0378
856	0.972856
857	0.913765
858	0.986739
859	0.97092
860	1.04319
861	1.00048
862	1.0242
863	0.998926
864	0.993901
865	0.989692
866	0.912871
867	0.933637
868	0.986122
869	0.945022
870	1.09403
871	1.04411
872	0.977129
873	1.08961
874	0.936251
875	0.936981
876	0.974523
877	0.978184
878	1.05362
879	1.00244
880	1.01433
881	1.10581
882	1.04151
883	0.95759
884	0.994173
885	1.00853
886	0.960364
887	1.02396
888	0.970378
889	0.954117
890	0.9866
891	0.950847
892	1.04244
893	0.931324
894	1.01735
895	0.962991
896	1.00971
897	1.05507
898	1.07531
899	1.04597
900	0.997173
901	1.0171
902	0.954448
903	0.995747
904	0.974808
905	1.02149
906	1.02922
907	1.00903
908	1.00306
909	1.04366
910	1.1127
911	0.97684
912	1.01313
913	1.03505
914	1.04035
915	0.9267
916	1.00591
917	0.88437
918	1.03924
919	1.02433
920	1.09061
921	1.00163
922	0.981324
923	0.997391
924	0.990777
925	1.13631
926	1.01245
927	1.03931
928	1.09544
929	0.998079
930	0.934731
931	1.10338
932	0.941625
933	1.01628
934	0.956778
935	0.960057
936	0.892481
937	0.982575
938	0.979052
939	1.02913
940	0.982688
941	0.899661
942	0.944183
943	1.01057
944	1.03094
945	1.05492
946	0.945386
947	0.919587
948	0.987729
949	0.964721
950	0.996154
951	1.05696
952	0.993923
953	0.92729
954	0.975479
955	0.998698
956	1.0322
957	1.02515
958	1.10734
959	0.976271
960	1.04273
961	0.920066
962	1.0329
963	0.973987
964	0.934194
965	1.07602
966	1.03301
967	0.936186
968	1.02891
969	0.959662
970	1.09029
971	1.03338
972	1.03187
973	1.00084
974	0.932459
975	1.01893
976	0.930917
977	1.02991
978	1.00366
979	1.0334
980	1.05437
981	0.910171
982	0.934206
983	1.01963
984	1.08813
985	0.99798
986	1.05406
987	0.931686
988	1.02864
989	1.05205
990	1.04549
991	1.0283
992	0.987987
993	1.01712
994	1.00255
995	0.98328
996	0.980828
997	1.01204
998	0.935465
999	0.970044
1000	0.994903
1001	1.01582
1002	0.951738
1003	0.972204
1004	0.984195
1005	1.06357
1006	1.07071
1007	1.06141
1008	0.993944
1009	0.992397
1010	1.00078
1011	0.98358
1012	0.987823
1013	1.10055
1014	0.98275
1015	0.939526
1016	0.964785
1017	1.02524
1018	1.09112
1019	1.06976
1020	0.921583
1021	1.01917
1022	1.07014
1023	0.924593
1024	1.0863
1025	0.994905
1026	0.994624
1027	0.967333
1028	0.990847
1029	0.972403
1030	1.03265
1031	0.927184
1032	0.95333
1033	0.991171
1034	0.972008
1035	1.0049
1036	1.01911
1037	1.09812
1038	0.955419
1039	0.989559
1040	1.07747
1041	1.02906
1042	0.975956
1043	1.0306
1044	1.10137
1045	0.901572
1046	0.967196
1047	1.03592
1048	0.993638
1049	1.04046
1050	0.962953
1051	0.97803
1052	0.984927
1053	1.02559
1054	0.912805
1055	0.988268
1056	1.07662
1057	0.99218
1058	1.00159
1059	0.938767
1060	0.954815
1061	0.998025
1062	0.972396
1063	1.01368
1064	1.08084
1065	0.968057
1066	1.11933
1067	0.95996
1068	1.06356
1069	0.96022
1070	0.969018
1071	0.994488
1072	1.04471
1073	0.932063
1074	1.05243
1075	1.03985
1076	1.04733
1077	0.958772
1078	0.938136
1079	1.05225
1080	0.946198
1081	1.02376
1082	1.01887
1083	0.99948
1084	0.982479
1085	1.07078
1086	0.959105
1087	1.01572
1088	0.980498
1089	1.04463
1090	1.00436
1091	1.09753
1092	1.02156
1093	1.09302
1094	0.939807
1095	0.992259
1096	0.9031
1097	0.973047
1098	0.976514
1099	1.02213
1100	0.994846
1101	1.11765
1102	0.998018
1103	0.939663
1104	0.90147
1105	1.0235
1106	0.984129
1107	0.998548
1108	1.03197
1109	0.92872
1110	1.0424
1111	0.974628
1112	0.870164
1113	0.940484
1114	1.025
1115	0.954031
1116	0.933773
1117	0.980621
1118	1.03171
1119	1.00117
1120	1.02879
1121	1.04657
1122	0.850379
1123	1.0436
1124	0.979025
1125	1.01224
1126	0.992299
1127	0.992982
1128	0.967978
1129	0.989205
1130	0.969884
1131	0.989972
1132	1.06542
1133	1.01615
1134	1.00747
1135	1.06586
1136	1.03771
1137	0.960286
1138	1.00504
1139	1.02393
1140	0.865441
1141	0.95561
1142	1.02106
1143	1.03316
1144	1.00391
1145	1.03037
1146	1.01162
1147	0.994849
1148	1.05148
1149	0.923921
1150	1.03199
1151	1.00655
1152	0.938654
1153	0.992437
1154	1.03853
1155	1.14421
1156	0.967533
1157	0.96938
1158	0.991204
1159	1.03351
1160	1.08237
1161	1.07213
1162	0.982235
1163	0.992893
1164	0.997593
1165	1.01251
1166	0.980512
1167	0.961537
1168	1.0618
1169	1.05232
1170	0.904194
1171	0.954016
1172	1.03787
1173	1.03757
1174	0.99696
1175	0.939493
1176	1.0091
1177	0.978534
1178	1.00189
1179	0.923494
1180	0.957703
1181	0.955833
1182	0.980495
1183	0.959988
1184	0.941648
1185	0.946236
1186	1.00395
1187	1.00842
1188	0.993105
1189	0.92891
1190	0.997522
1191	1.05843
1192	1.07342
1193	0.951243
1194	0.974681
1195	1.00406
1196	0.9798
1197	1.0403
1198	0.963298
1199	1.0384
1200	1.09041
1201	1.02469
1202	0.954042
1203	0.975241
1204	1.01302
1205	0.978745
1206	0.980384
1207	0.952275
1208	1.03498
1209	1.03616
1210	1.10064
1211	0.944245
1212	0.945389
1213	1.06031
1214	0.977489
1215	0.976766
1216	1.04156
1217	1.03792
1218	0.919187
1219	1.04642
1220	1.01031
1221	0.896745
1222	0.925881
1223	1.00776
1224	0.879195
1225	1.02073
1226	0.997086
1227	1.06358
1228	0.94976
1229	0.936197
1230	0.895059
1231	0.989966
1232	1.03832
1233	0.951203
1234	1.00176
1235	0.905173
1236	0.922505
1237	1.01905
1238	0.960945
1239	0.987052
1240	0.948921
1241	0.925627
1242	1.07118
1243	0.958644
1244	0.988964
1245	0.930572
1246	1.00929
1247	0.928422
1248	1.0132
1249	0.943637
1250	0.991735
1251	1.00313
1252	1.09839
1253	0.973032
1254	1.01697
1255	0.955299
1256	1.09434
1257	0.965029
1258	1.04612
1259	0.935736
1260	1.14851
1261	0.986383
1262	1.02082
1263	1.00535
1264	0.945713
1265	1.04159
1266	0.915941
1267	1.04575
1268	0.983284
1269	1.01178
1270	1.03356
1271	1.002
1272	0.980957
1273	1.00852
1274	0.972919
1275	1.07554
1276	0.934745
1277	0.998575
1278	0.975929
1279	1.09433
1280	0.941397
1281	1.0054
1282	1.04609
1283	0.986285
1284	0.964333
1285	1.03637
1286	1.00388
1287	0.952975
1288	0.938468
1289	1.00138
1290	0.996577
1291	1.00891
1292	1.07784
1293	1.03273
1294	1.0509
1295	1.05099
1296	0.979333
1297	0.95167
1298	1.05156
1299	1.10728
1300	0.916273
1301	1.03681
1302	0.963485
1303	1.0311
1304	1.02343
1305	0.995245
1306	0.959177
1307	0.935578
1308	1.09832
1309	1.02569
1310	0.987239
1311	1.00127
1312	1.02859
1313	1.01106
1314	1.00192
1315	0.934931
1316	0.940552
1317	1.02864
1318	1.02821
1319	0.981657
1320	0.924528
1321	0.992361
1322	1.00168
1323	0.899799
1324	1.0221
1325	0.973973
1326	1.04758
1327	1.10802
1328	0.996093
1329	0.998796
1330	0.997866
1331	1.08036
1332	1.0269
1333	1.05354
1334	0.943572
1335	1.07882
1336	0.965708
1337	1.08164
1338	1.0011
1339	0.93345
1340	0.995638
1341	0.938824
1342	0.928777
1343	0.990847
1344	1.04088
1345	0.956361
1346	0.964907
1347	1.04132
1348	0.999579
1349	1.06179
1350	1.05681
1351	1.01513
1352	1.01979
1353	0.981916
1354	0.992206
1355	1.00766
1356	0.999878
1357	1.09209
1358	0.978373
1359	1.03884
1360	1.01981
1361	0.96907
1362	0.921287
1363	0.958621
1364	1.03843
1365	0.926514
1366	0.971417
1367	0.969055
1368	0.952014
1369	1.03895
1370	1.09821
1371	1.0379
1372	0.946421
1373	1.05048
1374	1.02443
1375	0.864981
1376	0.978926
1377	1.0455
1378	0.898795
1379	0.952596
1380	0.998199
1381	1.02825
1382	1.06332
1383	1.06963
1384	1.02362
1385	0.959668
1386	0.983821
1387	1.01454
1388	0.943948
1389	1.02529
1390	0.935933
1391	1.00758
1392	0.969666
1393	0.963306
1394	0.986401
1395	1.02276
1396	1.00657
1397	1.02259
1398	1.00981
1399	1.01525
1400	0.912641
1401	0.98939
1402	1.04034
1403	1.01026
1404	1.06038
1405	0.939003
1406	0.952191
1407	1.08133
1408	1.07001
1409	0.933285
1410	0.969073
1411	0.893121
1412	1.08472
1413	1.05204
1414	0.975903
1415	0.959379
1416	1.10915
1417	0.961177
1418	1.00665
1419	0.924861
1420	1.06831
1421	0.987167
1422	0.994231
1423	1.01494
1424	0.964079
1425	0.986921
1426	1.00537
1427	0.938534
1428	1.0162
1429	0.906304
1430	0.97534
1431	1.13163
1432	0.953642
1433	0.908346
1434	0.982451
1435	0.924379
1436	1.00548
1437	0.91571
1438	1.07943
1439	1.02032
1440	1.01976
1441	1.00593
1442	1.01317
1443	1.013
1444	1.0021
1445	0.946352
1446	0.97662
1447	1.04648
1448	0.928468
1449	1.04971
1450	1.0649
1451	1.01033
1452	0.980714
1453	1.01232
1454	1.08775
1455	0.965811
1456	1.00414
1457	0.936677
1458	1.07601
1459	1.01235
1460	1.04964
1461	1.05526
1462	0.932967
1463	1.05189
1464	0.979928
1465	0.955776
1466	0.957786
1467	0.997268
1468	0.986502
1469	1.08449
1470	0.951434
1471	0.958069
1472	1.02905
1473	1.01445
1474	0.878344
1475	0.979356
1476	1.05398
1477	1.01815
1478	0.885442
1479	0.987626
1480	1.03122
1481	0.993957
1482	0.986657
1483	0.999552
1484	1.06058
1485	1.01741
1486	0.978142
1487	0.947992
1488	1.04224
1489	0.962723
1490	1.06925
1491	1.00495
1492	1.03874
1493	0.992171
1494	1.03549
1495	0.982489
1496	0.971747
1497	1.06968
1498	0.926469
1499	0.960485
1500	1.00372
1501	1.01662
1502	1.0068
1503	0.923673
1504	0.948008
1505	0.919675
1506	1.08764
1507	0.971351
1508	1.06348
1509	1.02201
1510	0.996366
1511	1.00899
1512	1.00444
1513	1.09499
1514	1.10071
1515	0.980808
1516	1.00895
1517	0.934091
1518	0.96887
1519	0.964008
1520	0.99401
1521	0.932616
1522	1.02402
1523	0.978651
1524	1.06643
1525	0.965713
1526	0.968978
1527	0.94971
1528	1.04772
1529	0.982892
1530	0.987697
1531	1.05785
1532	1.01698
1533	0.964049
1534	1.06055
1535	0.964061
1536	0.982836
1537	0.951627
1538	0.891733
1539	1.03846
1540	1.02157
1541	0.941864
1542	0.929443
1543	0.939183
1544	1.01884
1545	1.0522
1546	1.02824
1547	1.05757
1548	0.923272
1549	1.07184
1550	0.94796
1551	0.920746
1552	1.01418
1553	1.01152
1554	0.954296
1555	0.963899
1556	1.04256
1557	1.11541
1558	0.987093
1559	0.961079
1560	1.00592
1561	0.987495
1562	0.998492
1563	0.980706
1564	0.952245
1565	0.97413
1566	0.964065
1567	1.01697
1568	0.973382
1569	0.899038
1570	1.04974
1571	0.968806
1572	0.964318
1573	1.0321
1574	1.09847
1575	0.972563
1576	1.05758
1577	1.06293
1578	0.939427
1579	0.990173
1580	1.02812
1581	1.03151
1582	0.932583
1583	1.07198
1584	1.13326
1585	0.97696
1586	1.00491
1587	0.929071
1588	1.04502
1589	1.00824
1590	0.89992
1591	1.07428
1592	1.0397
1593	1.02809
1594	0.960425
1595	0.922472
1596	0.984789
1597	1.02056
1598	0.974766
1599	0.91593
1600	0.902979
1601	1.01082
1602	1.02727
1603	1.07906
1604	0.968465
1605	1.00126
1606	1.04433
1607	1.00183
1608	1.04293
1609	0.999617
1610	0.903204
1611	0.959781
1612	1.00413
1613	0.972591
1614	1.01149
1615	0.986806
1616	1.01127
1617	1.05034
1618	0.960636
1619	1.01184
1620	0.877545
1621	1.06903
1622	1.02034
1623	1.03656
1624	1.05451
1625	1.00212
1626	1.00692
1627	0.966165
1628	1.0289
1629	0.96418
1630	0.983911
1631	1.02527
1632	0.992566
1633	1.04559
1634	0.91149
1635	0.988595
1636	1.01247
1637	1.00667
1638	1.0043
1639	0.970775
1640	1.0836
1641	0.989873
1642	1.00799
1643	0.989153
1644	0.980699
1645	1.09385
1646	1.04349
1647	1.13329
1648	1.06028
1649	0.99
1650	1.05601
1651	0.95037
1652	0.960927
1653	1.03219
1654	1.11602
1655	1.02199
1656	0.950733
1657	1.03779
1658	1.01071
1659	1.07206
1660	1.03862
1661	1.00156
1662	0.954303
1663	0.969051
1664	0.953302
1665	1.07683
1666	1.0563
1667	1.03838
1668	1.1116
1669	1.00201
1670	1.0353
1671	1.02263
1672	0.997016
1673	1.13025
1674	0.979747
1675	0.984838
1676	0.926816
1677	0.875738
1678	1.05419
1679	0.94135
1680	1.0737
1681	1.04822
1682	1.02744
1683	1.01341
1684	1.0464
1685	1.02321
1686	0.965001
1687	1.0257
1688	0.96805
1689	0.990802
1690	1.01006
1691	1.02679
1692	0.946676
1693	0.995522
1694	1.01609
1695	0.957326
1696	1.04362
1697	0.952714
1698	1.05088
1699	0.942648
1700	0.99433
1701	0.990801
1702	1.00217
1703	0.990777
1704	1.11273
1705	1.07214
1706	0.997232
1707	1.02693
1708	0.943262
1709	0.993236
1710	0.969017
1711	1.02681
1712	1.02382
1713	0.949132
1714	1.01905
1715	0.952153
1716	1.07555
1717	1.03276
1718	0.939157
1719	0.96572
1720	0.943637
1721	1.01046
1722	0.895412
1723	0.951092
1724	1.01387
1725	1.03024
1726	1.01606
1727	0.96068
1728	0.983301
1729	0.854051
1730	0.98292
1731	0.968373
1732	0.999063
1733	1.02833
1734	1.05527
1735	0.989908
1736	1.01774
1737	0.900393
1738	1.01833
1739	0.982475
1740	0.972777
1741	1.00624
1742	1.04608
1743	1.00114
1744	1.00762
1745	0.943882
1746	0.970211
1747	1.04179
1748	0.992473
1749	0.910809
1750	0.968563
1751	0.994598
1752	1.00876
1753	0.922701
1754	0.905164
1755	0.970223
1756	0.984544
1757	1.04883
1758	1.00945
1759	0.980623
1760	1.03359
1761	1.07738
1762	0.926265
1763	0.949355
1764	1.03475
1765	0.986145
1766	1.03633
1767	1.0462
1768	1.00531
1769	0.967745
1770	0.988714
1771	1.11782
1772	1.03172
1773	1.06267
1774	0.99524
1775	1.03659
1776	1.01736
1777	0.962354
1778	0.953054
1779	0.993817
1780	0.945563
1781	1.05819
1782	0.95666
1783	0.986496
1784	1.02505
1785	0.985552
1786	1.03327
1787	1.01251
1788	0.936368
1789	1.04163
1790	0.985001
1791	0.923347
1792	1.01738
1793	1.05751
1794	0.970809
1795	1.02116
1796	1.02453
1797	0.969134
1798	0.984323
1799	1.00558
1800	0.960199
1801	0.911969
1802	1.09974
1803	1.01504
1804	0.990921
1805	0.981074
1806	1.01946
1807	0.987137
1808	1.02367
1809	1.01232
1810	1.04758
1811	0.958826
1812	0.96824
1813	0.987348
1814	1.02197
1815	0.794405
1816	0.942781
1817	1.07911
1818	1.05139
1819	0.970937
1820	1.03408
1821	1.01791
1822	0.987293
1823	0.985332
1824	0.935214
1825	1.02479
1826	0.991119
1827	0.960791
1828	1.0171
1829	0.952327
1830	0.988707
1831	1.0155
1832	0.893299
1833	1.02835
1834	0.980427
1835	0.943537
1836	1.07663
1837	0.983968
1838	1.00457
1839	0.956169
1840	1.04187
1841	0.960106
1842	1.05524
1843	0.895726
1844	1.00295
1845	1.07605
1846	1.03963
1847	0.99804
1848	0.996186
1849	0.951706
1850	1.01569
1851	0.929443
1852	0.967394
1853	0.97577
1854	1.04711
1855	0.912903
1856	0.998143
1857	1.03459
1858	1.00205
1859	1.0029
1860	1.01098
1861	0.96761
1862	1.05349
1863	0.863991
1864	1.05175
1865	1.00532
1866	0.998651
1867	1.04395
1868	0.911275
1869	1.02652
1870	0.971858
1871	0.981741
1872	1.01581
1873	1.00605
1874	1.02629
1875	1.0025
1876	1.07886
1877	1.07344
1878	1.04967
1879	1.02368
1880	0.993854
1881	0.99055
1882	1.06651
1883	1.07123
1884	1.04888
1885	1.03714
1886	0.959535
1887	0.982808
1888	0.989637
1889	1.07523
1890	1.006
1891	1.02739
1892	1.01817
1893	1.08314
1894	1.0046
1895	0.996384
1896	0.960236
1897	0.987397
1898	1.09824
1899	1.04351
1900	0.97894
1901	0.993919
1902	1.04327
1903	0.991971
1904	0.978418
1905	0.953876
1906	1.04489
1907	1.00366
1908	1.05895
1909	0.968496
1910	1.03708
1911	1.1432
1912	1.0151
1913	0.99405
1914	1.11712
1915	0.9727
1916	0.9441
1917	1.12531
1918	1.07536
1919	1.03369
1920	1.01885
1921	1.0352
1922	1.00814
1923	1.0463
1924	1.11642
1925	0.980135
1926	1.07914
1927	0.993113
1928	0.945934
1929	0.936442
1930	0.939286
1931	0.969925
1932	0.979796
1933	1.02642
1934	0.976992
1935	0.945356
1936	1.03681
1937	0.979111
1938	0.893898
1939	1.04877
1940	1.06139
1941	0.992459
1942	1.02659
1943	0.985889
1944	1.03441
1945	1.03024
1946	0.865211
1947	0.946994
1948	0.953041
1949	1.01455
1950	1.0962
1951	1.00366
1952	1.00376
1953	1.0159
1954	1.02727
1955	0.952722
1956	1.05831
1957	0.979527
1958	1.0675
1959	1.01842
1960	0.997065
1961	0.956052
1962	1.07098
1963	1.08107
1964	0.935727
1965	0.920199
1966	0.984022
1967	1.12606
1968	0.95305
1969	0.946604
1970	1.03712
1971	1.00873
1972	0.965704
1973	0.989566
1974	0.922494
1975	0.969173
1976	1.06051
1977	0.920695
1978	0.952686
1979	0.980119
1980	1.04606
1981	1.02674
1982	0.973131
1983	1.01399
1984	1.02329
1985	1.05871
1986	0.988456
1987	1.03664
1988	0.939732
1989	1.10335
1990	0.986876
1991	1.11021
1992	0.951045
1993	1.10526
1994	1.03991
1995	1.00345
1996	0.960102
1997	0.955635
1998	0.980883
1999	1.01711
2000	1.05594
2001	0.978361
2002	0.97737
2003	1.03933
2004	1.00563
2005	0.918035
2006	0.989218
2007	0.863892
2008	0.946882
2009	0.934055
2010	0.855025
2011	1.03719
2012	0.981557
2013	1.00754
2014	1.03355
2015	1.05319
2016	0.96104
2017	0.956493
2018	1.11723
2019	0.967419
2020	1.05155
2021	1.00792
2022	1.08828
2023	0.981148
2024	1.06182
2025	0.958863
2026	0.998356
2027	0.947228
2028	1.00034
2029	1.08721
2030	0.923912
2031	0.953295
2032	0.993525
2033	0.94687
2034	0.985405
2035	1.05565
2036	1.00988
2037	0.945776
2038	0.936684
2039	1.08441
2040	1.02129
2041	1.02356
2042	0.976873
2043	0.931109
2044	0.916252
2045	1.07129
2046	1.06503
2047	1.01618
2048	0.991917
2049	0.991621
2050	0.981375
2051	1.05788
2052	1.02157
2053	1.02124
2054	1.07511
2055	1.01117
2056	0.941977
2057	1.01118
2058	1.03685
2059	0.920066
2060	0.960892
2061	0.99859
2062	0.924632
2063	1.02036
2064	0.985742
2065	0.984339
2066	1.03813
2067	0.947196
2068	0.977019
2069	1.07523
2070	0.986395
2071	1.00904
2072	1.04703
2073	1.01064
2074	1.12322
2075	0.977061
2076	0.984163
2077	0.966014
2078	1.05342
2079	0.978268
2080	0.969833
2081	1.04703
2082	1.01823
2083	1.04301
2084	1.04257
2085	0.943712
2086	0.999589
2087	1.02833
2088	0.956383
2089	1.0089
2090	1.12271
2091	0.977694
2092	0.978973
2093	1.00629
2094	1.07012
2095	0.997439
2096	0.949241
2097	0.950471
2098	0.930257
2099	1.01944
2100	1.00319
2101	1.051
2102	1.06768
2103	0.997408
2104	1.01211
2105	1.07321
2106	0.942781
2107	1.11376
2108	1.07616
2109	0.93135
2110	0.983456
2111	1.0342
2112	1.00678
2113	0.99096
2114	1.01709
2115	1.07462
2116	0.959207
2117	0.934463
2118	0.947124
2119	0.990668
2120	0.979722
2121	1.06088
2122	1.06635
2123	1.07742
2124	0.98838
2125	1.02696
2126	1.02393
2127	0.998975
2128	0.950809
2129	0.970944
2130	1.113
2131	1.00856
2132	1.02732
2133	1.06424
2134	1.00876
2135	0.964517
2136	1.08239
2137	0.999836
2138	0.967839
2139	1.01812
2140	1.05055
2141	1.00718
2142	1.02343
2143	0.965845
2144	1.06534
2145	1.01137
2146	1.03219
2147	1.02052
2148	1.03075
2149	0.986207
2150	1.06723
2151	1.05449
2152	0.978795
2153	1.0435
2154	0.967294
2155	0.987494
2156	1.09666
2157	1.00705
2158	1.01634
2159	0.932963
2160	1.10709
2161	0.984239
2162	0.963415
2163	0.995732
2164	0.953025
2165	0.92004
2166	0.933369
2167	1.10448
2168	1.00839
2169	0.91093
2170	1.0801
2171	1.01696
2172	0.989437
2173	0.945568
2174	0.90416
2175	1.07191
2176	1.01244
2177	0.979672
2178	0.932005
2179	1.04415
2180	1.08227
2181	0.962382
2182	0.935949
2183	0.948992
2184	0.983914
2185	1.0264
2186	1.03144
2187	1.00828
2188	1.06236
2189	0.965932
2190	1.02537
2191	1.00976
2192	0.972795
2193	1.05785
2194	0.988668
2195	0.943187
2196	0.976472
2197	1.00435
2198	1.01924
2199	0.981095
2200	1.00464
2201	0.88871
2202	0.931965
2203	0.939799
2204	1.09017
2205	0.980182
2206	0.96782
2207	0.965931
2208	1.01863
2209	1.03851
2210	0.916226
2211	1.04648
2212	1.03319
2213	0.927921
2214	0.987713
2215	0.94957
2216	1.07858
2217	1.04736
2218	1.02849
2219	0.985644
2220	0.990063
2221	1.0015
2222	0.997626
2223	0.980161
2224	1.06677
2225	0.946551
2226	0.97549
2227	0.984464
2228	0.904986
2229	0.976227
2230	1.0218
2231	1.04376
2232	0.979716
2233	1.04934
2234	1.08069
2235	0.975704
2236	1.03501
2237	0.943525
2238	0.95954
2239	0.9898
2240	1.00797
2241	0.972293
2242	1.07015
2243	1.05141
2244	1.02437
2245	0.998279
2246	0.985542
2247	1.06688
2248	0.916994
2249	1.02062
2250	0.974718
2251	1.00555
2252	0.954947
2253	0.993991
2254	1.04057
2255	1.04522
2256	1.04984
2257	0.994171
2258	0.960001
2259	0.956436
2260	0.976284
2261	1.03698
2262	0.94409
2263	0.965932
2264	0.997016
2265	0.979921
2266	0.96817
2267	0.953732
2268	0.962168
2269	1.00294
2270	1.04385
2271	0.957321
2272	0.996704
2273	1.06776
2274	1.06145
2275	0.96395
2276	1.01214
2277	1.00081
2278	0.979326
2279	1.06646
2280	0.99445
2281	1.0363
2282	0.972786
2283	1.0213
2284	0.911223
2285	0.959022
2286	1.0604
2287	0.996775
2288	1.03956
2289	1.03462
2290	0.992637
2291	1.08797
2292	1.07156
2293	1.0157
2294	0.968156
2295	0.997723
2296	0.930289
2297	0.923912
2298	0.96248
2299	0.98822
2300	0.965647
2301	0.998108
2302	0.9896
2303	0.975948
2304	0.906538
2305	0.968891
2306	0.989204
2307	0.971493
2308	1.01285
2309	0.981654
2310	0.939072
2311	1.06331
2312	0.978177
2313	0.950391
2314	1.0787
2315	1.05562
2316	0.902878
2317	0.983475
2318	1.0491
2319	0.938312
2320	1.04588
2321	1.05262
2322	0.980448
2323	0.983541
2324	0.956754
2325	0.879188
2326	1.01569
2327	0.994761
2328	1.03973
2329	0.942372
2330	1.13339
2331	0.950191
2332	0.972473
2333	0.972778
2334	0.952966
2335	1.02969
2336	0.951064
2337	1.01163
2338	1.06915
2339	0.931893
2340	0.902124
2341	1.04202
2342	1.00825
2343	1.01788
2344	1.01254
2345	1.05698
2346	1.05367
2347	0.967223
2348	1.00636
2349	0.921365
2350	0.991501
2351	1.07124
2352	0.989512
2353	0.973466
2354	0.963127
2355	0.961047
2356	1.03725
2357	0.954232
2358	0.932341
2359	0.864767
2360	1.03743
2361	1.04669
2362	1.02986
2363	1.04187
2364	0.959141
2365	0.942233
2366	0.924996
2367	0.973152
2368	1.0065
2369	1.03722
2370	0.941466
2371	1.02243
2372	1.05187
2373	0.972276
2374	1.11748
2375	1.04807
2376	0.987364
2377	0.971389
2378	1.04412
2379	1.00636
2380	0.991894
2381	1.03554
2382	1.0298
2383	0.92218
2384	0.941832
2385	1.04222
2386	1.04524
2387	1.03385
2388	1.02135
2389	1.10813
2390	0.965626
2391	1.10206
2392	1.06512
2393	1.03614
2394	0.977463
2395	0.98702
2396	0.991122
2397	1.02914
2398	1.05502
2399	1.05402
2400	0.925284
2401	0.961649
2402	0.911093
2403	1.03456
2404	0.926452
2405	1.03998
2406	0.94997
2407	1.02197
2408	0.935416
2409	0.878119
2410	1.02213
2411	0.963189
2412	0.996325
2413	0.963367
2414	1.01983
2415	1.00697
2416	0.920653
2417	0.952237
2418	1.01472
2419	1.02104
2420	0.978033
2421	1.03628
2422	1.12408
2423	1.04097
2424	0.93189
2425	0.912462
2426	1.04267
2427	1.0055
2428	0.957407
2429	0.911985
2430	0.984809
2431	1.02545
2432	0.923423
2433	0.984389
2434	1.01355
2435	1.03059
2436	1.04084
2437	0.929391
2438	1.02286
2439	1.00527
2440	0.985302
2441	0.968584
2442	1.03649
2443	0.922707
2444	1.0558
2445	0.961067
2446	1.0163
2447	0.956807
2448	1.03459
2449	0.962518
2450	1.04422
2451	1.00676
2452	0.976914
2453	1.01971
2454	0.982569
2455	1.00688
2456	0.883863
2457	1.00875
2458	1.10751
2459	0.964036
2460	1.04823
2461	0.942057
2462	0.974349
2463	0.946145
2464	1.03552
2465	1.01293
2466	0.980085
2467	1.03774
2468	0.969535
2469	1.01482
2470	1.00683
2471	0.9258
2472	1.01289
2473	0.956501
2474	1.04291
2475	0.97646
2476	0.997657
2477	0.984304
2478	0.946585
2479	1.02194
2480	0.998187
2481	1.04843
2482	1.01861
2483	1.0045
2484	1.05938
2485	0.937905
2486	0.976851
2487	0.945034
2488	0.977813
2489	0.935053
2490	0.943327
2491	0.993564
2492	1.06226
2493	1.08645
2494	0.980553
2495	0.91101
2496	1.0526
2497	0.967963
2498	1.03736
2499	1.01017
2500	0.982175
2501	0.98039
2502	1.08366
2503	0.975967
2504	0.986401
2505	0.995951
2506	0.93097
2507	0.953726
2508	0.998056
2509	0.98018
2510	1.004
2511	1.08899
2512	0.987084
2513	1.06258
2514	1.06606
2515	0.980874
2516	1.01361
2517	1.01995
2518	0.963104
2519	1.00421
2520	0.951229
2521	1.00579
2522	0.905386
2523	1.05082
2524	0.94849
2525	1.08065
2526	1.05306
2527	0.973358
2528	0.966936
2529	1.06851
2530	0.992323
2531	1.05561
2532	0.954844
2533	0.979771
2534	0.972384
2535	0.976175
2536	0.981735
2537	0.982714
2538	0.987983
2539	1.02724
2540	0.874947
2541	0.895496
2542	1.09514
2543	0.954783
2544	1.06535
2545	1.0085
2546	0.988281
2547	0.902908
2548	1.03596
2549	0.997919
2550	1.04946
2551	1.02415
2552	1.0267
2553	1.0306
2554	0.907544
2555	0.914156
2556	0.920284
2557	0.95669
2558	1.04357
2559	1.02587
2560	1.03258
2561	0.951252
2562	0.985272
2563	1.03876
2564	0.959667
2565	1.06348
2566	0.904262
2567	0.967935
2568	0.881353
2569	1.05379
2570	1.0417
2571	0.976719
2572	1.00769
2573	0.938877
2574	0.989514
2575	0.929215
2576	1.08451
2577	1.01029
2578	1.04305
2579	1.00353
2580	1.03359
2581	0.977625
2582	1.01852
2583	0.912913
2584	0.983582
2585	1.03215
2586	0.943747
2587	0.971027
2588	1.06896
2589	0.982247
2590	1.08122
2591	1.01922
2592	0.97636
2593	1.00012
2594	1.08317
2595	0.967206
2596	1.04491
2597	1.04358
2598	0.957043
2599	0.968692
2600	0.98787
2601	1.02302
2602	1.09959
2603	1.03896
2604	1.00636
2605	1.03224
2606	1.05187
2607	0.983281
2608	1.05947
2609	0.904755
2610	1.04753
2611	1.01471
2612	1.07398
2613	1.06883
2614	0.88928
2615	1.08277
2616	1.0477
2617	1.03219
2618	0.967708
2619	1.03306
2620	0.908759
2621	0.851016
2622	0.954006
2623	0.991766
2624	0.987051
2625	0.986775
2626	0.985264
2627	1.06891
2628	0.921332
2629	1.04688
2630	1.04287
2631	1.06544
2632	1.13518
2633	0.986686
2634	0.979601
2635	0.950748
2636	0.965962
2637	0.974523
2638	1.03739
2639	0.932541
2640	0.959299
2641	1.0466
2642	0.966244
2643	1.0229
2644	0.985198
2645	0.999627
2646	1.06824
2647	0.972938
2648	1.05526
2649	0.973962
2650	0.981527
2651	0.986642
2652	1.00679
2653	0.954221
2654	0.991201
2655	1.01268
2656	0.968824
2657	0.910904
2658	0.995429
2659	1.08081
2660	0.995362
2661	0.922511
2662	1.03711
2663	1.05064
2664	0.995904
2665	0.914653
2666	1.10812
2667	0.981646
2668	0.956907
2669	1.08003
2670	0.955209
2671	0.912101
2672	1.08056
2673	0.991326
2674	0.99768
2675	0.998068
2676	1.03218
2677	0.976054
2678	0.946723
2679	1.05102
2680	0.977453
2681	0.943233
2682	1.02936
2683	0.997454
2684	0.956134
2685	1.06286
2686	0.999046
2687	1.05611
2688	0.971016
2689	0.983807
2690	0.982311
2691	0.988234
2692	0.986546
2693	0.936055
2694	0.957497
2695	1.00455
2696	0.968288
2697	1.07991
2698	0.965305
2699	0.98987
2700	0.951131
2701	1.06479
2702	1.08301
2703	0.946657
2704	0.956275
2705	0.970372
2706	0.913078
2707	1.08052
2708	0.960427
2709	0.98654
2710	1.01348
2711	1.03483
2712	0.916389
2713	0.965026
2714	1.01163
2715	1.06585
