0	1151.66	113.821
1	1136.81	121.728
2	1658.4	185.953
3	1188.25	96.8125
4	1339.64	111.637
5	1120.51	126.55
6	815.321	94.8543
7	1212.06	153.297
8	1196.81	93.2121
9	1194.54	122.777
10	1165.9	106.75
11	1288.32	204.209
12	1119.62	111.905
13	1453.71	140.584
14	1277.89	112.402
15	1120.82	95.5855
16	1461.16	171.135
17	1187.06	109.373
18	1210.23	140.341
19	1243.6	132.704
20	1497.76	97.0686
21	1176.53	154.981
22	988.346	129.314
23	894.515	78.7868
24	812.913	106.852
25	1145.13	148.543
26	1003.61	103.878
27	812.863	132.148
28	1041.23	167.473
29	961.801	109.434
30	1008.55	128.951
31	932.197	110.277
32	1210.21	151.603
33	1042.37	134.576
34	1224.86	96.2921
35	1161.99	114.689
36	731.275	83.5061
37	1128.93	114.806
38	951.951	76.5048
39	968.147	94.8206
40	926.267	124.097
41	905.627	98.9582
42	1084.37	125.012
43	835.416	95.7076
44	798.269	70.0529
45	725.184	57.3667
46	803.969	82.5288
47	1180.66	102.701
48	1145.39	111.701
49	1185.51	112.727
50	1155.09	99.6901
51	1179.84	130.513
52	1165.61	98.6749
53	1226.15	111.8
54	1583.78	183.314
55	1166.41	77.9482
56	1134.91	138.668
57	1235.88	116.092
58	1185.89	99.4155
59	1442.49	163.288
60	1139.82	144.423
61	1389.56	126.949
62	1189.46	113.808
63	1114.07	123.301
64	1155.45	87.0477
65	1375.82	145.943
66	1279.89	155.157
67	1316.59	113.474
68	1150.99	121.254
69	1066.58	123.326
70	930.527	133.735
71	909.366	102.484
72	681.999	83.8748
73	981.93	104.799
74	965.494	97.0042
75	1104.74	122.912
76	939.122	114.99
77	1150.93	149.144
78	989.891	171.28
79	738.776	62.6039
80	865.782	127.535
81	832.174	96.2807
82	903.689	79.6237
83	1208.82	113.317
84	858.665	96.3339
85	1089.26	132.696
86	1017.4	111.939
87	1181.89	176.302
88	758.216	89.2576
89	944.511	105.256
90	993.539	89.1585
91	964.335	139.86
92	755.258	86.8165
93	1010.2	107.125
94	1025.85	73.3677
95	1139.15	183.941
96	1199.76	127.729
97	1462.44	150.011
98	1568.12	159.673
99	1190.7	124.447
100	1142.45	98.3827
101	1121.19	108.52
102	1140.5	116.061
103	1459.78	130.107
104	1167.56	111.667
105	1188.5	134.967
106	1353.6	160.734
107	1723.75	178.217
108	1361.94	121.94
109	1136.3	95.2589
110	1148.23	121.446
111	1862.57	173.042
112	1162.01	140.518
113	1151.9	143.644
114	1222.26	85.583
115	1219.51	97.4083
116	1170.09	85.5874
117	923.626	127.545
118	1006.81	139.655
119	1030.92	124.137
120	866.71	108.132
121	1007.94	109.494
122	1170.41	116.707
123	1168.56	100.801
124	892.299	115.309
125	1014.57	120.769
126	986.573	98.1929
127	820.91	75.5358
128	1075.26	149.309
129	636.031	63.4949
130	969.048	146.038
131	819.455	88.7951
132	725.616	83.7281
133	847.049	100.908
134	1056.01	124.31
135	1085.84	101.826
136	1128.41	160.147
137	957.669	148.122
138	898.776	76.0153
139	852.661	84.0506
140	986.441	129.904
141	1189.17	101.953
142	1152.77	97.3948
143	953.049	90.2891
144	1102.12	134.739
145	1143.78	99.5966
146	1134.47	93.4635
147	1372.23	103.586
148	1134.91	105.343
149	1349.65	138.267
150	1267.02	136.088
151	1130.91	98.2636
152	1156.62	116.32
153	1557.3	135.033
154	1559.8	149.658
155	1149.62	162.121
156	1322.29	103.58
157	1368.55	146.587
158	1792.71	148.062
159	1231.91	154.574
160	1655.27	186.42
161	1563.62	134.247
162	1108.13	119.208
163	1130.95	140.842
164	1277.65	133.893
165	880.174	144.285
166	940.616	97.9306
167	767.956	89.2369
168	865.934	113.883
169	987.231	127.844
170	992.152	106.989
171	1115.13	150.617
172	1095.23	151.652
173	1051	139.793
174	1104.17	114.298
175	1066.96	144.486
176	923.117	86.6827
177	796.281	126.231
178	1065.34	138.13
179	987.655	104.743
180	835.255	95.6469
181	923.113	96.215
182	968.894	104.182
183	1132.16	106.828
184	1161.67	115.339
185	714.882	61.7022
186	1123.02	119.797
187	906.644	107.511
188	1084.25	103.892
189	1042.87	91.4519
190	821.902	95.7619
191	280.065	0.247076
192	1565.93	123.621
193	1133.18	104.4
194	1169.36	116.219
195	1211.65	97.7616
196	1236.15	120.618
197	1184.67	103.448
198	1199.68	141.061
199	1206.09	115.754
200	1548.23	174.642
201	1221.84	118.411
202	1206.28	139.534
203	1095.74	109.023
204	1165.2	94.1477
205	1161.06	120.578
206	1144.37	101.439
207	1222.1	103.973
208	1172.78	107.968
209	1149.99	114.525
210	1199.19	114.433
211	1148.04	115.814
212	1857.65	178.68
213	1106.15	136.876
214	917.198	104.552
215	715.249	296.565
216	906.123	131.064
217	855.051	110.866
218	1137.6	120.185
219	1107.65	132.418
220	1159.2	137.754
221	943.467	127.85
222	1059.42	115.499
223	981.443	80.6585
224	1100.78	129.347
225	892.508	93.7768
226	825.255	66.4882
227	888.61	139.426
228	933.032	109.291
229	1093.21	108.026
230	768.343	76.4337
231	683.864	50.6623
232	821.366	90.7298
233	849.598	68.1446
234	1025.45	104.002
235	1154.59	127.131
236	796.556	87.8143
237	775.115	69.8426
238	1179.46	107.362
239	904.724	94.2178
240	1145.97	111.254
241	1114.36	93.1506
242	1355.75	108.451
243	1181.7	139.533
244	1141.45	103.794
245	1165.34	111.352
246	1195.91	120.879
247	1211.03	94.7683
248	1464.78	140.98
249	1250.19	121.378
250	1478.32	146.411
251	1172.88	121.971
252	1213.05	132.089
253	1132.85	104.544
254	1219.14	104.799
255	1105.7	149.1
256	1378.49	191.663
257	1148.57	115.357
258	1548.48	138.542
259	1178.93	125.12
260	1956.13	180.415
261	776.758	126.613
262	1040.8	126.877
263	1132.76	119.502
264	1183.37	136.445
265	1063.37	114.413
266	816.588	117.649
267	994.666	160.052
268	979.533	150.571
269	979.036	94.2174
270	821.005	96.5583
271	775.833	89.4416
272	944.213	110.404
273	859.636	106.015
274	1310.93	151.213
275	1378.38	136.518
276	890.913	79.4678
277	895.411	95.0379
278	871.869	79.5765
279	748.692	72.588
280	988.964	87.369
281	1078.68	120.379
282	738.551	75.0146
283	869.867	90.4775
284	857.402	93.87
285	867.789	69.6513
286	1056.98	117.817
287	894.796	105.195
288	1263.63	112.849
289	1319.02	119.262
290	1466.8	122.045
291	1103.4	145.151
292	1154.97	111.756
293	1213.05	112.433
294	1135.61	136.359
295	1163.08	99.9202
296	1189.21	95.6087
297	1149.11	110.749
298	1192.8	123.12
299	1283.25	121.109
300	1165.71	109.73
301	1322.27	135.367
302	1149.17	103.485
303	1169.1	121.152
304	1170.31	104.729
305	1110.92	120.274
306	1192.96	101.354
307	1202.17	100.565
308	1144.61	98.1759
309	1083.19	114.506
310	1027.96	106.031
311	1117.21	139.28
312	788.258	92.9378
313	1131.32	124.148
314	896.839	76.0451
315	977.369	111.63
316	938.722	109.907
317	1691.64	176.782
318	946.83	105.044
319	792.905	112.645
320	1147.74	139.716
321	981.134	114.99
322	874.637	131.449
323	854.94	90.8294
324	947.793	104.641
325	1333.09	131.281
326	955.115	101.068
327	901.284	70.634
328	936.142	127.403
329	1180.83	117.576
330	1059.68	103.05
331	930.08	84.4976
332	1094.55	130.594
333	1146.06	123.663
334	786.474	85.6462
335	826.385	88.0018
336	1171.56	107.917
337	1208.23	136.813
338	1193.63	127.419
339	1460.21	151.734
340	1196.15	110.872
341	1267.54	119.079
342	1133.89	92.1449
343	1353.8	134.976
344	1152.2	109.32
345	1389.27	174.52
346	1160.07	107.433
347	1186.38	91.0868
348	1563.93	157.366
349	1181.49	114.583
350	1092.01	115.213
351	1132.23	144.398
352	1168.4	84.7179
353	1194.52	158.831
354	1477.03	142.58
355	1153.07	117.12
356	1611.48	139.314
357	461.176	66.1735
358	1041.31	102.29
359	1107.05	120.745
360	939.912	315.268
361	966.541	104.633
362	980.018	110.674
363	1987.6	225.955
364	1158.53	180.287
365	1052.68	121.814
366	830.004	96.1144
367	1169.99	174.904
368	1096.45	113.42
369	1015.2	145.056
370	909.838	97.7272
371	1152.44	135.488
372	945.008	90.5543
373	1004.92	89.8429
374	776.579	93.3216
375	1602.51	146.879
376	1149.68	137.512
377	1012.18	100.422
378	777.153	65.9999
379	1102.37	130.35
380	1122.58	116.02
381	1078.15	122.064
382	966.346	112.961
383	868.45	110.555
384	1145.69	90.0891
385	1380.72	130.668
386	1484.72	162.472
387	1362.02	139.501
388	1325.41	100.051
389	1262.09	145.127
390	1237.34	98.4638
391	1166.56	118.338
392	1133.83	92.9889
393	1150.1	110.789
394	1117.57	118.823
395	1104.28	118.18
396	1198.27	147.546
397	1283.22	102.974
398	1133.03	103.193
399	1197.6	102.831
400	1132.47	113.824
401	1172.12	115.95
402	1353.92	100.307
403	1143.07	151.272
404	1188.04	102.273
405	945.399	108.694
406	886.643	112.759
407	1061.52	109.59
408	1001.67	134.315
409	922.982	99.7846
410	948.879	88.9968
411	879.668	117.586
412	837.478	97.773
413	896.836	107.363
414	808.161	112.065
415	1089.87	98.1472
416	852.223	123.6
417	834.6	90.3416
418	1052.01	94.6598
419	406.841	54.1405
420	839.742	90.8794
421	927.329	104.393
422	919.731	90.2931
423	1068.2	96.6282
424	1132.65	108.197
425	936.114	82.0662
426	1278.43	74.3216
427	997.853	75.8118
428	988.233	84.7877
429	773.896	88.6041
430	1056.17	119.916
431	951.347	107.521
432	1192.18	113.332
433	1327.46	91.5106
434	1100.91	113.588
435	1176.55	86.4806
436	1105.36	117.923
437	1199.76	94.8519
438	1597.06	129.268
439	1228.93	122.142
440	1342.42	90.2488
441	1458.52	119.834
442	1168.62	95.8834
443	1344.03	139.062
444	1192.74	134.95
445	1065.95	95.8529
446	1294.97	109.206
447	1192.85	106.679
448	1121.45	104.068
449	1149.8	137.007
450	1553.35	129.289
451	1126.37	99.1811
452	1240.75	118.53
453	720.204	94.6316
454	985.006	126.829
455	1156.06	105.222
456	957.815	289.321
457	927.051	100.705
458	928.755	135.249
459	760.385	99.9158
460	765.685	105.012
461	966.742	125.711
462	997.728	117.382
463	1157.43	127.739
464	927.327	105.355
465	901.447	98.2169
466	883.808	95.4538
467	948.648	101.752
468	1128.31	107.813
469	901.172	97.3344
470	1111.77	143.129
471	404.569	55.2272
472	778.78	90.9759
473	973.011	87.3776
474	1065.7	113.664
475	1011.73	93.6019
476	1004.99	135.714
477	896.192	92.0997
478	1119.02	117.477
479	880.225	105.05
480	1274.06	142.669
481	1164.46	122.065
482	1289.7	127.344
483	1166.16	96.0039
484	1081.86	121.093
485	1414.43	104.343
486	1154.34	113.643
487	1195.91	108.424
488	1169.27	111.66
489	1188.76	93.6078
490	1421.75	134.502
491	1159.94	106.77
492	1171.39	90.8487
493	1296.49	110.098
494	1541.38	179.929
495	1082.95	116.597
496	1178.82	88.1444
497	1328.56	151.746
498	1204.93	127.183
499	1126.77	119.599
500	1274.07	154.744
501	902.294	95.0303
502	1037.55	128.927
503	1132.43	133.415
504	1134.53	120.626
505	793.022	116.778
506	912.3	101.975
507	1015.14	137.861
508	968.228	116.35
509	1153.8	141.181
510	1058.35	89.8566
511	965.564	105.75
512	844.43	101.2
513	1112.13	132.183
514	761.738	83.309
515	1100.98	111.315
516	966.457	88.9605
517	1040.78	112.384
518	999.76	107.167
519	493.279	78.9904
520	493.1	39.7031
521	1146.86	119.127
522	1014.83	99.8322
523	1007.86	113.191
524	1069.86	87.5319
525	1128.39	125.24
526	1082.93	105.264
527	1011.32	78.952
528	1161.22	111.922
529	1588.69	141.326
530	1084.44	122.498
531	963.578	64.1915
532	1196.94	96.5676
533	1163.06	87.9325
534	1180.55	81.438
535	1193.12	100.429
536	1168.48	123.578
537	1146.19	138.071
538	1133.16	108.896
539	1163.54	85.4036
540	1157.95	94.0316
541	1144.07	120.131
542	1142.55	124.867
543	1129.96	91.7088
544	1222.5	119.132
545	1253.59	90.5528
546	1278.47	97.3202
547	1313.2	122.618
548	1200.85	94.5921
549	1136.3	90.2812
550	937.39	120.751
551	1022.36	131.371
552	876.841	106.444
553	410.626	80.2196
554	816.175	88.6852
555	912.078	125.319
556	956.87	95.8797
557	793.759	125.336
558	1099.62	134.732
559	803.833	80.4601
560	817.993	108.356
561	797.847	95.5103
562	769.254	73.154
563	927.764	81.2232
564	878.831	83.9729
565	1132.15	124.288
566	957.155	135.841
567	891.535	82.0156
568	1007.72	108.268
569	1152.33	95.9442
570	783.389	72.07
571	1090.36	119.952
572	1045.23	120.274
573	879.857	87.3297
574	1180.55	102.241
575	1018.51	79.63
576	1201.48	100.753
577	1476.71	126.952
578	1293.57	145.605
579	1104.36	106.08
580	1332.82	117.399
581	1268.39	104.446
582	1393.19	108.349
583	1365.88	106.163
584	1141.76	107.531
585	1153.47	95.5756
586	1133.3	94.5725
587	1223.81	150.575
588	1379.27	118.461
589	1344.05	123.906
590	1181.63	113.809
591	1175.19	105.875
592	1296.78	134.994
593	1171.07	115.964
594	1186.06	109.359
595	1172.71	128.552
596	1225.88	126.079
597	967.561	149.338
598	1046.2	107.193
599	1090.77	151.139
600	1395.43	162.437
601	852.157	94.2225
602	1146.06	144.236
603	1115.27	112.892
604	1070.46	147.313
605	817.385	99.655
606	912.016	106.75
607	643.623	90.631
608	769.136	112.816
609	801.257	78.625
610	1052.34	123.766
611	902.705	86.221
612	814.701	88.4752
613	1114.39	114.467
614	1090.45	92.7268
615	937.275	75.9133
616	1050.2	94.7429
617	946.094	75.4157
618	953.272	72.1588
619	814.432	86.7722
620	1021.11	101.733
621	1072.66	100.501
622	1119.84	127.053
623	1033.49	135.321
624	1451.37	124.526
625	1116.08	118.355
626	1120.06	115.699
627	1122.21	115.274
628	1182.11	83.2585
629	1143.61	114.29
630	1279.23	94.4026
631	1131.21	142.245
632	1272.26	106.212
633	1142.04	100.967
634	1145.61	93.3394
635	1139.59	82.5145
636	1126.34	109.728
637	1265.51	133.793
638	1151.59	106.085
639	1238.47	113.608
640	1480.19	172.093
641	1214.73	118.681
642	1274.31	120.595
643	1216.3	113.645
644	771.778	352.167
645	924.682	112.561
646	797.054	113.425
647	784.73	101.03
648	1153.16	146.001
649	816.969	118.459
650	1111.51	174.334
651	1057.68	122.211
652	870.86	150.903
653	822.255	112.882
654	1054.64	113.09
655	1092.81	139.699
656	831.011	93.4091
657	895.564	121.359
658	1100.74	98.4389
659	1095.67	106.028
660	932.449	86.6121
661	1002.55	114.247
662	1103.55	115.5
663	1014.68	90.9643
664	1092.2	92.8373
665	1174.29	125.799
666	930.861	93.624
667	984.865	115.94
668	1088.24	115.84
669	877.65	86.3787
670	1013.69	98.9417
671	1132.97	135.433
672	1155.05	97.165
673	1156.89	98.9757
674	1299.49	110.061
675	1392.73	143.496
676	1256.15	86.7733
677	1222.57	125.617
678	1189.28	117.245
679	1146.19	109.819
680	1217.09	102.22
681	1426.36	105.311
682	1139.92	116.858
683	1153.68	130.802
684	1329.14	472.125
685	1406.44	127.59
686	1279.12	113.808
687	1144.71	119.995
688	1140.59	119.437
689	1171.68	117.527
690	1518.89	166.129
691	1131.95	108.809
692	1282.93	119.926
693	999.359	135.09
694	1057.79	188.637
695	1061.08	131.89
696	1059.7	128.534
697	941.602	145.664
698	1033.43	145.57
699	1124.13	136.44
700	1063.43	125.451
701	985.747	119.565
702	826.992	81.0141
703	1103.63	149.991
704	1058.18	101.866
705	948.418	117.138
706	1101.86	130.36
707	1013.21	94.8762
708	1162.57	101.804
709	917.137	78.2296
710	1094.7	133.73
711	1169.84	80.9223
712	1097.16	103.61
713	1097.29	95.4516
714	1133.1	106.365
715	1069.5	114.95
716	1146.48	88.6294
717	1144.6	102.005
718	1106.73	100.411
719	844.106	77.4251
720	1267.95	134.234
721	1121.89	121.121
722	1177.9	93.0643
723	1250.43	110.056
724	1403.08	107.244
725	1107.48	91.2401
726	1217.09	111.71
727	1187.24	140.711
728	1154.47	104.237
729	1209.42	124.031
730	1277.98	114.207
731	1350.55	90.046
732	1102.15	141.974
733	1140.96	106.199
734	1119.5	113.698
735	1179.94	141.456
736	1153.09	123.579
737	1106.86	128.116
738	1481.87	146.738
739	1203.27	112.652
740	1213.07	97.069
741	930.376	84.0071
742	967.018	109.958
743	1024.47	139.672
744	1168.28	154.101
745	742.208	101.658
746	657.014	87.7884
747	940.284	92.4618
748	1095.85	126.845
749	1089.56	142.293
750	1098.98	159.176
751	908.245	143.134
752	838.534	98.4868
753	1150.47	159.534
754	1087.84	115.297
755	857.458	97.9042
756	797.013	69.1135
757	781.166	108.479
758	862.315	92.6739
759	1154.13	130.215
760	1160.8	120.345
761	932.929	124.166
762	1143.76	127.801
763	1055.17	133.427
764	931.063	101.245
765	797.678	75.673
766	1157.99	124.052
767	902.679	89.3957
768	1277.6	121.183
769	1363.99	127.68
770	1396.16	136.087
771	1637.34	176.48
772	1263.08	125.054
773	1288.15	133.848
774	1175.35	101.802
775	1243.88	119.734
776	1287.08	124.674
777	1207.44	112.592
778	1244.03	129.858
779	1200.38	121.987
780	1187.58	164.119
781	1154.04	105.779
782	1169.1	128.74
783	1192.24	121.064
784	1259.29	84.687
785	1223.24	115.512
786	1539.62	137.92
787	1290.03	119.119
788	1310.2	144.262
789	1157.19	145.272
790	951.825	380.034
791	1026.47	137.713
792	1033.09	129.388
793	758.688	109.634
794	848.127	110.401
795	1122.56	160.965
796	1100.89	158.813
797	922.283	107.071
798	828.222	189.586
799	1055.43	110.725
800	1016.94	110.042
801	1003.34	131.362
802	803.489	105.629
803	1103.36	140.365
804	1055.64	116.403
805	760.06	97.1283
806	1141.3	134.286
807	1017.69	135.698
808	1117.56	138.668
809	1191.6	109.556
810	932.528	106.676
811	831.346	116.491
812	997.993	80.5106
813	1085.31	77.5506
814	1119.01	146.315
815	908.276	96.9014
816	1129.42	118.816
817	1088.63	138.529
818	1396.18	121.85
819	1101.47	91.4772
820	1262.13	115.111
821	1199.2	94.5503
822	1147.31	127.663
823	1403.64	171.037
824	1420.99	119.18
825	1303.3	97.4036
826	1192.12	114.597
827	1193.61	139.865
828	1147.1	115.892
829	1162.93	132.647
830	1285.39	125.508
831	1167.83	117.118
832	1166.91	77.6478
833	1155.38	94.3704
834	1189.57	88.0521
835	1143.7	127.924
836	1389.07	153.431
837	1027.38	111.923
838	1117.62	130.037
839	988.724	188.954
840	771.795	116.469
841	1120.8	155.593
842	993	128.466
843	1135.71	103.578
844	1009.23	105.76
845	909.804	111.155
846	1063.52	129.961
847	803.206	126.486
848	1069	130.901
849	980.057	97.6762
850	909.921	96.6021
851	1192.94	165.043
852	1513.17	147.186
853	888.209	71.4716
854	910.414	103.007
855	923.479	114.93
856	827.879	71.2355
857	969.743	91.9545
858	1116.42	94.7232
859	848.926	86.742
860	1191.52	114.965
861	907.122	99.6942
862	1100.68	125.6
863	1148.92	96.6124
864	1204	89.6939
865	1169.61	121.909
866	1304.26	132.64
867	1295.22	99.7939
868	1146.71	98.8986
869	1068.4	102.327
870	1128.81	106.663
871	1123.68	107.427
872	1144.35	115.578
873	1475.61	245.324
874	1161.81	121.267
875	1131.91	116.037
876	1404.86	189.829
877	1207.55	145.682
878	1190.51	103.696
879	1151.54	99.0504
880	1270.33	121.123
881	978.32	117.535
882	1236.14	161.23
883	1372.6	142.964
884	1173.94	116.645
885	1039.37	222.431
886	724.611	92.5022
887	888.088	106.435
888	614.49	229.652
889	769.451	86.8663
890	838.395	128.515
891	1179.52	104.212
892	654.46	138.408
893	1158.84	149.994
894	583.781	76.1608
895	812.877	132.132
896	949.29	130.741
897	1043.13	135.652
898	660.892	91.8555
899	1015.17	88.6143
900	919.693	93.6911
901	730.227	74.8717
902	1166.24	108.701
903	1005.66	123.665
904	767.825	84.9212
905	898.927	104.799
906	697.792	103.521
907	1122.33	125.788
908	955.423	102.804
909	1197.22	103.167
910	1136.62	102.247
911	988.391	114.606
912	1189.58	109.356
913	1218.27	111.686
914	1306.02	129.328
915	1257.19	85.7881
916	1160.09	117.609
917	1157.3	133.716
918	1183.62	101.636
919	1178.47	92.0509
920	1148.69	109.834
921	1093.42	113.172
922	1339.28	113.438
923	1321.59	123.234
924	1170.88	129.657
925	1132.85	132.622
926	1232.43	124.805
927	1170.41	94.1755
928	1151.01	137.798
929	1331.39	120.204
930	1200.51	137.241
931	853.861	297.875
932	1453.65	206.122
933	501.917	92.7623
934	548.817	78.3313
935	1038.81	159.189
936	346.301	300.534
937	793.914	92.3332
938	1162.57	155.275
939	714.647	90.0323
940	620.26	56.1372
941	534.039	91.9095
942	1009.11	125.538
943	722.321	91.5977
944	1138.75	112.765
945	1049.4	106.973
946	1003.57	92.8983
947	943.316	91.5958
948	1117.24	105.797
949	868.119	106.252
950	1161.11	103.613
951	1044.54	95.7061
952	988.498	82.5191
953	1059.89	104.533
954	1087.47	117.619
955	981.196	112.209
956	1151.95	90.6243
957	1060.11	129.792
958	956.752	100.137
959	446.294	77.3365
960	1231.96	141.38
961	1634.73	139.595
962	1120.18	100.963
963	1142.19	116.531
964	1207.14	86.0058
965	1461.43	153.55
966	1161.68	126.044
967	1163.9	77.3309
968	1155.5	120.324
969	1364.01	155.924
970	1377.08	141.137
971	1300.81	118.382
972	1277.32	112.489
973	1198.42	92.4587
974	1232.91	132.522
975	1416.01	116.694
976	1216.05	105.629
977	1123.34	115.605
978	1332.64	166.047
979	1272.3	185.973
980	1397.19	142.796
981	911.496	110.606
982	1055.68	151.611
983	708.798	81.8757
984	1090.17	91.182
985	715.558	89.6997
986	995.065	126.457
987	940.78	105.982
988	1006.1	89.4621
989	826.663	123.056
990	1074.59	139.06
991	901.621	92.2551
992	1100.22	116.21
993	1087.31	91.4335
994	1140.87	119.966
995	688.018	86.4543
996	965.656	121.63
997	923.667	70.1469
998	1097.41	109.125
999	893.171	74.9656
1000	1219.83	112.304
1001	1184.13	104.881
1002	1421.51	100.14
1003	1114.17	102.382
1004	1084.35	94.6258
1005	1158.05	84.5406
1006	1240.27	99.1111
1007	1444.27	146.661
1008	1216.78	137.953
1009	1159.03	120.295
1010	1351.61	116.644
1011	1203.53	124.185
1012	1173.51	86.6341
1013	1187.86	130.658
1014	1165.25	155.857
1015	1251.31	150.388
1016	1176.37	151.455
1017	1349.88	122.462
1018	1153.86	400.48
1019	1638.2	179.22
1020	1259.65	99.0536
1021	924.122	145.538
1022	964.129	134.028
1023	1602.84	148.591
1024	1182.04	168.493
1025	1152.37	128.469
1026	1028.79	114.996
1027	1127.25	147.966
1028	1161.71	96.6734
1029	1051.92	136.062
1030	1142.14	106.223
1031	972.448	122.755
1032	1023.2	126.891
1033	1007.23	76.3959
1034	1135.59	148.177
1035	1119.1	132.414
1036	805.471	108.218
1037	1077.84	151.2
1038	1095.41	123.62
1039	933.915	74.3201
1040	1282.42	119.924
1041	1111.47	94.8344
1042	1503.33	143.143
1043	1292.71	109.65
1044	1240.24	89.0919
1045	1142.77	118.985
1046	1127.65	108.412
1047	1287.37	107.452
1048	1999.13	196.041
1049	1186.14	103.059
1050	1350.98	146.675
1051	1097.11	126.494
1052	1144.66	99.7233
1053	1742.08	189.707
1054	1090.71	141.402
1055	1737.81	162.049
1056	1239.9	104.985
1057	1107.67	116.236
1058	1249.21	506.137
1059	1339.64	636.065
1060	1424.66	138.778
1061	699.942	117.756
1062	935.975	124.28
1063	1005.39	153.279
1064	839.279	108.849
1065	872.699	129.814
1066	893.234	82.5413
1067	1107.02	130.522
1068	986.5	116.243
1069	1133.4	170.696
1070	1095.11	116.36
1071	1166.85	117.183
1072	1125.55	120.385
1073	969.214	100.431
1074	765.77	103.64
1075	1102.14	151.883
1076	1110.36	92.4887
1077	1009.4	90.4664
1078	825.371	107.763
1079	1092.93	105.977
1080	1720.68	144.927
1081	1358.51	105.699
1082	1162.23	119.436
1083	1179.5	97.4019
1084	1188.22	92.2756
1085	1152.96	91.4634
1086	1161.89	112.256
1087	1265.54	129.03
1088	1118.9	105.972
1089	1129.1	120.643
1090	1155.22	101.046
1091	1394.19	129.141
1092	1213.26	134.931
1093	1236.39	76.1811
1094	1150.1	96.1799
1095	1345.25	155.033
1096	1281.94	88.9192
1097	1142.1	135.79
1098	1130.51	164.206
1099	912.285	378.217
1100	748.689	134.422
1101	582.36	73.1144
1102	920.123	122.391
1103	1257.11	124.761
1104	938.202	141.847
1105	1082.4	118.037
1106	1128.27	120.3
1107	934.223	117.675
1108	1022.13	141.071
1109	1146.69	91.9606
1110	1106.02	150.529
1111	1105.46	134.923
1112	658.322	92.1736
1113	973.363	109.868
1114	749.359	62.6323
1115	1129.52	144.028
1116	714.422	74.219
1117	885.854	89.2961
1118	943.637	106.859
1119	863.805	127.343
1120	1436.35	153.911
1121	1432.28	147.022
1122	1331.31	120.928
1123	1401.59	172.035
1124	1169.03	137.538
1125	1168.25	111.722
1126	1370.36	138.506
1127	1153.21	96.81
1128	1213.97	112.083
1129	1162.68	95.4476
1130	1596.77	157.16
1131	1292	97.7024
1132	1133.31	114.483
1133	1165.22	87.1477
1134	1528.21	113.619
1135	1181.69	102.834
1136	1273.78	112.421
1137	1218.14	107.7
1138	1079.07	592.547
1139	1015.89	329.972
1140	776.137	125.511
1141	938.012	278.199
1142	942.072	99.2015
1143	1122.04	159.93
1144	649.059	92.7935
1145	1042.59	122.294
1146	752.635	74.5741
1147	1031.95	117.835
1148	833.358	93.0799
1149	956.858	72.8242
1150	985.156	80.1106
1151	845.031	75.0343
1152	895.949	80.2311
1153	1025.19	98.5785
1154	1109.68	129.158
1155	1093.79	140.026
1156	1087.68	74.1962
1157	1031.97	140.087
1158	1023.28	107.355
1159	1063.36	136.662
1160	1447	130.598
1161	1198.14	68.4341
1162	1155.99	116.288
1163	1193.23	84.4808
1164	1166.68	119.255
1165	1080.1	140.393
1166	1184.18	140.347
1167	1235.92	80.5213
1168	1138.77	108.008
1169	1154.63	133.09
1170	1155.37	110.176
1171	1206.37	118.476
1172	1220.96	106.431
1173	1168.63	144.485
1174	1324.1	124.262
1175	1554.12	173.634
1176	1693.69	168.248
1177	1349.09	143.324
1178	1085.79	153.608
1179	1267.83	147.932
1180	1206.61	461.785
1181	914.56	115.61
1182	1111.87	105.513
1183	831.117	125.951
1184	1031.06	129.07
1185	953.126	126.269
1186	1153.39	108.924
1187	935.829	99.4027
1188	979.213	135.526
1189	972.653	98.5736
1190	960.856	138.411
1191	701.255	67.37
1192	1142.68	106.963
1193	1143.48	126.463
1194	1154.06	119.614
1195	905.485	86.8957
1196	1091.98	98.9772
1197	778.877	84.9138
1198	884.43	105.657
1199	779.022	85.5925
1200	1111.24	121.944
1201	1332.36	103.955
1202	1457.31	136.81
1203	1305.44	130.137
1204	1471.57	131.844
1205	1316.71	138.551
1206	1239.58	127.681
1207	1143.04	84.076
1208	1271.5	137.979
1209	1115.02	90.2874
1210	1334.15	124.802
1211	1294.21	149.534
1212	1148.23	88.6395
1213	1530.6	138.684
1214	1399.19	186.4
1215	1342.39	126.014
1216	1593.27	253.128
1217	1358.72	125.835
1218	1260.78	123.803
1219	1115.84	139.348
1220	1212.31	134.983
1221	1067.95	176.574
1222	1089.42	139.613
1223	1025.37	113.647
1224	1144.45	127.767
1225	730.364	73.0537
1226	1087.36	115.092
1227	1107.66	101.301
1228	1106.29	87.4979
1229	1007.14	131.471
1230	1131.5	121.044
1231	1033.86	112.498
1232	970.399	81.9069
1233	882.5	84.3965
1234	911.872	75.1011
1235	1041.93	103.954
1236	1165.92	110.67
1237	910.127	112.771
1238	900.902	49.351
1239	834.389	75.5325
1240	1396.55	111.028
1241	1135.85	110.596
1242	1196.93	115.295
1243	1144.44	109.732
1244	1206.65	116.383
1245	1125.65	89.2794
1246	1128.4	125.327
1247	1153.41	116.701
1248	1143.79	111.511
1249	1541.63	140.757
1250	1124.71	102.631
1251	1206.2	114.754
1252	1206.93	104.812
1253	1330.78	137.04
1254	1176.29	88.5008
1255	1166.8	114.258
1256	1226.94	152.323
1257	1375.2	130.459
1258	1295.71	500.013
1259	1467.92	597.084
1260	769.828	132.424
1261	969.592	157.603
1262	811.049	85.5925
1263	688.473	98.3461
1264	1091.7	87.2883
1265	836.551	82.1091
1266	985.998	111.696
1267	1030.4	125.051
1268	959.477	77.0723
1269	1078.23	125.188
1270	855.682	108.134
1271	1130.31	91.6416
1272	1062.63	99.2799
1273	835.171	81.7769
1274	922.194	93.0014
1275	801.649	78.9392
1276	714.371	69.2321
1277	702.648	82.2417
1278	932.67	82.3883
1279	785.36	54.7236
1280	1402.34	94.8465
1281	1276.66	117.319
1282	1484.91	128.907
1283	1123.04	112.759
1284	1216.18	110.666
1285	1358.15	143.547
1286	1759.41	151.172
1287	1425.21	106.777
1288	1350.84	121.009
1289	1138.2	202.139
1290	1247.01	127.25
1291	1341.32	113.829
1292	1313.66	102.997
1293	1248.96	139.567
1294	1141.35	111.852
1295	1443.54	201.709
1296	1153.59	118.44
1297	1447.22	200.726
1298	1050.41	249.662
1299	1024.21	365.693
1300	1118.38	107.681
1301	1106.91	116.604
1302	1385.4	131.42
1303	1135.24	97.4943
1304	1105.22	110.525
1305	1285.93	131.498
1306	1171.07	117.756
1307	1119.3	111.658
1308	783.225	134.239
1309	1098.54	113.715
1310	1112.73	135.424
1311	856.3	84.4938
1312	1006.57	131.47
1313	1075.07	112.034
1314	859.107	111.21
1315	751.832	98.8598
1316	853.279	83.5211
1317	951.951	96.7549
1318	953.421	88.1186
1319	1016.96	101.815
1320	677.993	62.3776
1321	919.281	89.5983
1322	714.378	115.009
1323	721.365	69.838
1324	854.76	73.168
1325	753.32	104.236
1326	1333.35	119.136
1327	736.481	91.1277
1328	1199.72	101.008
1329	1163.53	100.773
1330	1278.84	105.245
1331	1301.73	120.462
1332	1535.57	135.851
1333	1205.87	110.576
1334	1362.48	131.47
1335	1365.55	130.624
1336	1096.11	115.124
1337	1073.35	92.3342
1338	1111.02	112.287
1339	1132.73	109.748
1340	1430.68	145.164
1341	1229.62	119.186
1342	1486.17	132.482
1343	1243.05	112.965
1344	1090.35	113.651
1345	1273.12	146.173
1346	1091.98	424.312
1347	1177.24	145.691
1348	1119.13	141.606
1349	1503.21	187.391
1350	1280.59	109.885
1351	1297.1	649.724
1352	-1240.22	21.05
1353	1166.16	127.471
1354	1142.46	127.133
1355	1188.98	112.352
1356	808.331	94.562
1357	682.537	95.403
1358	831.813	84.1069
1359	663.699	73.7216
1360	837.323	112.215
1361	741.271	104.244
1362	963.022	94.9841
1363	1134.31	126.819
1364	821.418	75.6808
1365	721.116	67.6253
1366	954.455	105.192
1367	636.794	83.949
1368	716.904	94.8427
1369	548.544	55.7882
1370	942.148	86.1894
1371	1040.13	115.886
1372	965.968	96.5932
1373	1053.35	110.827
1374	1013.46	90.1625
1375	760.905	50.9051
1376	1405.48	135.859
1377	1163.71	90.7609
1378	1185.7	93.3908
1379	1153.4	103.181
1380	1418.83	144.279
1381	1268.25	117.85
1382	1174.6	105.038
1383	1105.72	94.8911
1384	1141.52	130.309
1385	1346.62	170.901
1386	1210.32	102.177
1387	1218.45	134.091
1388	1295.33	118.827
1389	1174.06	130.01
1390	1134.24	97.7639
1391	1184.8	129.523
1392	1192.73	139.937
1393	1082.19	98.502
1394	1169.47	102.319
1395	1141.29	107.697
1396	1285.51	160.619
1397	1440.75	117.614
1398	1145.73	123.403
1399	1150.96	91.7832
1400	846.696	246.036
1401	1142.06	112.382
1402	1248.74	147.081
1403	1147.3	105.234
1404	751.632	99.555
1405	1016.06	139.415
1406	871.471	106.016
1407	728.748	97.3579
1408	962.058	116.084
1409	837.378	86.1992
1410	1126.71	104.298
1411	1087.51	153.303
1412	896.717	81.6569
1413	827.233	99.8015
1414	782.145	76.1612
1415	877.308	87.2218
1416	724.067	64.7569
1417	729.153	72.1747
1418	964.632	99.2923
1419	828.296	95.6025
1420	1105.81	132.18
1421	891.625	112.875
1422	1116.19	126.271
1423	864.808	89.5504
1424	1110.15	98.1265
1425	1409.04	98.8689
1426	1141.17	130.298
1427	1138.9	88.7555
1428	1369.71	126.237
1429	1337.32	152.578
1430	1609.61	144.689
1431	1154.42	97.8692
1432	1114.46	108.97
1433	1151.68	123.016
1434	1191.56	130.167
1435	1441.19	152.041
1436	1304.88	133.613
1437	1140.64	103.914
1438	1114.29	93.5564
1439	1270.07	130.884
1440	1093.68	142.626
1441	1162.26	110.891
1442	1124.38	114.958
1443	988.562	297.104
1444	1286.03	101.679
1445	1143.73	127.656
1446	1196.4	131.994
1447	1130.14	113.457
1448	1156.96	142.597
1449	1111.61	115.813
1450	1235.51	106.517
1451	1086.29	333.897
1452	1308.31	130.261
1453	914.692	96.1116
1454	750.427	114.424
1455	1062.25	171.94
1456	758.247	90.5474
1457	1113.2	136.352
1458	901.276	110.409
1459	633.19	73.0905
1460	1069.33	174.242
1461	838.67	101.708
1462	907.095	75.5967
1463	542.281	53.3981
1464	797.323	63.7734
1465	1163.09	102.43
1466	836.932	83.6514
1467	911.102	80.2079
1468	816.791	73.6525
1469	980.067	87.3319
1470	995.238	126.731
1471	663.579	74.4066
1472	1151.47	116.04
1473	1217.33	77.948
1474	1128.02	111.78
1475	1123.98	101.669
1476	1516.77	142.255
1477	1167.46	112.612
1478	1206.82	140.711
1479	1343.16	109.117
1480	1158.78	95.5385
1481	1089.96	148.674
1482	1294.51	115.31
1483	1257.84	134.281
1484	1239.05	112.745
1485	1505.38	148.146
1486	1240.48	112.176
1487	1378.75	118.355
1488	1891.95	141.62
1489	1441.83	139.943
1490	1113.87	102.372
1491	1078.46	160.936
1492	1305.06	167.378
1493	1176.33	117.366
1494	1068.18	350.957
1495	1107.1	138.897
1496	806.56	352.523
1497	1164.32	136.208
1498	1067.46	104.584
1499	904.278	409.446
1500	1150.77	158.993
1501	812.132	95.0026
1502	1060.15	129.213
1503	956.612	93.4835
1504	981.962	119.958
1505	1121.39	120.568
1506	1054.56	128.235
1507	784.304	87.2178
1508	1142.75	102.816
1509	932.746	83.9187
1510	1203.24	91.7819
1511	981.009	111.872
1512	923.964	88.8175
1513	894.837	63.6864
1514	1038.46	82.9648
1515	993.857	109.185
1516	861.191	86.7266
1517	991.693	95.7637
1518	995.159	126.385
1519	954.173	63.1987
1520	1251.24	123.308
1521	1495.04	109.137
1522	1313.47	99.2473
1523	1206.13	140.245
1524	881.782	68.5993
1525	1166.59	76.3199
1526	1145.74	104.761
1527	1365.62	139.429
1528	1330.07	133.703
1529	1243.97	139.997
1530	1519.65	120.304
1531	1222.41	127.296
1532	1118.58	106.855
1533	1388.02	136.98
1534	1286.31	135.6
1535	1496.13	133.818
1536	1212.86	116.083
1537	1202.21	119.191
1538	1125.08	105.997
1539	1191.67	122.316
1540	1130.28	117.457
1541	1489.64	132.583
1542	1108.91	115.269
1543	1182.58	119.933
1544	804.872	378.203
1545	1220.77	122.272
1546	1109.21	391.814
1547	1125.04	117.495
1548	1148.03	113.154
1549	1085.05	108.602
1550	1113.2	131.017
1551	998.809	105.303
1552	1156.13	127.896
1553	1052.48	103.683
1554	1063.04	133.684
1555	1138.29	137.426
1556	994.442	122.799
1557	773.446	128.369
1558	1021.97	101.303
1559	1132.37	106.104
1560	1073.24	116.159
1561	1168.29	106.37
1562	977.656	103.687
1563	1049.79	105.877
1564	977.564	93.9182
1565	927.065	75.7887
1566	903.541	72.6218
1567	1089.01	110.297
1568	1302.88	113.725
1569	1514.81	151.879
1570	1239.12	127.95
1571	1180.23	97.5602
1572	1139.98	123.417
1573	1360.46	132.247
1574	1169.16	86.3771
1575	1233.16	86.1081
1576	1149.15	130.839
1577	1155.53	127.077
1578	1233.12	97.4989
1579	1271.43	138.178
1580	1332.64	109.151
1581	1302.35	122.044
1582	1165.96	97.1547
1583	1285.33	128.557
1584	1583.07	147.82
1585	1263.68	123.582
1586	1254.61	141.303
1587	1257.4	122.525
1588	1181.48	113.411
1589	1220.3	145.864
1590	1132.1	105.142
1591	1051.52	116.302
1592	1105.16	125.977
1593	1454.83	175.715
1594	1224.77	150.173
1595	1318.68	134.022
1596	1100.49	132.756
1597	1073.04	144.674
1598	1057.15	124.732
1599	1171.47	121.22
1600	914.018	94.1322
1601	1005.69	117.77
1602	1021.67	129.274
1603	1018.83	102.589
1604	995.205	114.469
1605	1093.69	131.118
1606	1099.98	120.405
1607	1170.06	109.916
1608	945.378	99.9003
1609	939.245	95.4219
1610	976.441	95.5336
1611	1053.68	102.689
1612	1277.25	119.209
1613	1034.66	92.3985
1614	997.813	100.279
1615	997.524	107.531
1616	1348.52	87.2917
1617	1289.31	183.362
1618	1377.37	149.18
1619	1432.49	120.069
1620	1533.89	96.1071
1621	1202.53	102.764
1622	1487.53	125.084
1623	1510.79	138.684
1624	1125.38	110.317
1625	1181.44	84.931
1626	1281.77	125.153
1627	1145.03	144.57
1628	1409.12	151.284
1629	1148.42	118.242
1630	1276.75	98.0251
1631	1117.41	99.6357
1632	1133.47	156.11
1633	1141.67	116.261
1634	1254.51	88.5351
1635	1482.38	151.343
1636	1316.87	146.813
1637	1155.51	102.245
1638	1333.54	118.879
1639	952.655	364.665
1640	1009.06	606.559
1641	1181.63	129.626
1642	1144.99	134.598
1643	1106.35	89.7942
1644	1040.67	86.5346
1645	864.594	107.566
1646	1077.9	126.892
1647	1078.36	169.528
1648	1114.69	109.858
1649	795.583	90.3618
1650	1131.76	125.933
1651	882.078	140.404
1652	1057.91	112.608
1653	1400.15	126.232
1654	1077.79	86.178
1655	768.193	73.9745
1656	974.138	106.848
1657	1122.1	108.391
1658	1023.53	99.6703
1659	1217.41	119.117
1660	1113.27	94.4393
1661	821.671	76.1664
1662	1143.91	123.054
1663	991.032	84.2593
1664	1137.71	111.793
1665	1194.43	111.103
1666	1164.62	102.735
1667	1111.09	127.276
1668	1156.99	95.1305
1669	1158.46	102.233
1670	1122.83	92.1608
1671	1339.21	122.108
1672	1221.52	125.375
1673	1129.79	93.413
1674	1477.37	141.544
1675	1278.32	100.069
1676	1141.84	103.721
1677	1321.23	128.226
1678	1163.74	98.7113
1679	1315.11	121.437
1680	1522.16	142.739
1681	1244.73	104.409
1682	1029.14	390.888
1683	1780.92	233.265
1684	1176.15	111.542
1685	1364.41	124.936
1686	1387.18	147.405
1687	1276.65	100.202
1688	327.053	43.9946
1689	1262.85	121.769
1690	1124.79	138.952
1691	1123.6	116.621
1692	1136.57	107.385
1693	1069.58	123.189
1694	1100.5	133.619
1695	1185.26	95.3697
1696	1060.33	104.482
1697	1113.22	139.815
1698	1038.72	111.446
1699	870.344	61.9838
1700	1060.74	123.375
1701	1091.37	123.289
1702	908.929	82.0738
1703	1009.89	88.192
1704	1030.15	75.1423
1705	1091.84	87.8835
1706	889.992	100.637
1707	1202.39	107.063
1708	1168.44	103.293
1709	1067.74	97.0554
1710	1009.23	147.789
1711	1155.65	80.2061
1712	1182.29	113.798
1713	1178.3	94.1511
1714	1228.61	95.1844
1715	1145.22	116.899
1716	1402.74	132.001
1717	1199.23	99.2922
1718	1326.47	139.046
1719	1343.53	146.609
1720	1458.83	102.167
1721	1360.52	113.938
1722	1568.88	127.203
1723	1209.62	118.133
1724	1158.78	97.3676
1725	1144.54	77.0907
1726	1531.41	124.65
1727	1221.51	150.793
1728	1191.53	118.574
1729	1430.66	114.165
1730	1191.28	133.818
1731	1205.81	108.348
1732	1209.65	123.838
1733	1459.43	117.498
1734	1384.16	136.894
1735	1103.53	94.885
1736	1170.26	137.877
1737	1193.54	151.891
1738	1250.92	124.788
1739	1390.77	116.33
1740	976.983	107.128
1741	1018.65	116.848
1742	1146.79	130.875
1743	1147.04	131.064
1744	901.063	91.0017
1745	793.464	103.029
1746	785.028	92.0408
1747	895.429	91.5829
1748	1037.15	97.5374
1749	870.347	97.7707
1750	1167.22	115.553
1751	940.069	92.776
1752	1019.05	72.9859
1753	879.589	89.2172
1754	1076.94	127.527
1755	675.079	61.942
1756	917.028	106.334
1757	771.633	65.9323
1758	1085.96	89.5185
1759	826.359	75.9121
1760	1162.87	104.842
1761	1136.51	108.051
1762	1207.04	90.7391
1763	1339.78	124.215
1764	1267.93	99.7845
1765	1563.72	124.525
1766	1338.2	86.4043
1767	1203.97	118.456
1768	1139.68	94.2968
1769	1111.42	104.969
1770	1352.69	130.979
1771	1180.84	110.259
1772	1190.91	102.364
1773	1140.01	103.414
1774	1152.94	110.916
1775	1290.43	139.136
1776	1107.1	120.336
1777	1126	138.843
1778	1308.71	139.903
1779	1182.33	130.692
1780	1331.09	102.015
1781	1250.66	107.245
1782	1298.66	129.1
1783	1318.5	183.878
1784	2379.43	201.158
1785	1197.88	139.405
1786	1129.19	114.086
1787	1113	117.664
1788	934.102	91.5779
1789	1095.7	99.3292
1790	424.027	58.7715
1791	1152.56	122.879
1792	933.079	108.577
1793	1154.62	137.368
1794	838.934	92.4393
1795	970.713	80.3922
1796	1096.18	115.27
1797	1063.87	79.4933
1798	1136.09	115.385
1799	379.021	45.8884
1800	832.785	69.7666
1801	946.516	101.138
1802	1000.36	78.1472
1803	1014.72	88.7342
1804	988.484	104.198
1805	931.828	84.8392
1806	1007.74	68.7799
1807	962.602	93.3076
1808	1473.64	135.312
1809	1234.93	111.455
1810	1172.33	124
1811	1260.63	125.62
1812	1437.97	108.789
1813	1176.77	96.3506
1814	1188.11	87.7788
1815	1128.6	109.595
1816	1368.64	128.309
1817	1088.75	123.763
1818	1148.26	113.257
1819	1146.63	95.1685
1820	1213.15	80.7406
1821	1232.03	129.153
1822	1242.78	110.473
1823	1169.24	94.2723
1824	1135.53	126.381
1825	1088.47	110.417
1826	1231.46	114.843
1827	1140.64	96.0528
1828	1159.75	82.3614
1829	1326.24	122.244
1830	1173.02	98.6323
1831	1127.09	97.3946
1832	1188.4	124.192
1833	998.237	368.708
1834	1135.83	96.7059
1835	1385.46	101.663
1836	985.679	122.807
1837	961.699	137.44
1838	934.139	109.236
1839	945.119	104.908
1840	901.627	83.9384
1841	944.525	100.283
1842	1037.82	124.857
1843	951.357	74.2713
1844	1080.84	119.965
1845	913.694	115.034
1846	1095.44	102.096
1847	769.841	81.2235
1848	1181.7	109.202
1849	981.194	111.158
1850	1114.35	105.122
1851	929.254	85.7815
1852	1101.36	127.711
1853	1066.08	104.553
1854	1010.02	124.953
1855	983.312	119.526
1856	1185.91	131.655
1857	1159.42	115.422
1858	1258.69	90.9963
1859	1298.84	111.471
1860	1136.41	103.606
1861	1130.99	90.5097
1862	1148.03	98.8516
1863	1163.67	115.173
1864	1509.22	140.34
1865	1160.07	158.6
1866	1140.68	87.6425
1867	1155.01	104.637
1868	1117.98	100.82
1869	1508.75	146.557
1870	1281.08	114.129
1871	1093.8	138.321
1872	1137.01	141.191
1873	1132.74	89.3472
1874	1119.78	92.0978
1875	1082.85	125.898
1876	1141.29	110.677
1877	1382.45	122.727
1878	1132.58	112.563
1879	1788.95	181.805
1880	1383.1	184.102
1881	1210.62	122.29
1882	1091.39	89.6725
1883	1203.79	112.647
1884	1051.9	131.82
1885	870.075	110.559
1886	937.944	127.835
1887	1023.69	79.8462
1888	906.344	92.3455
1889	741.699	97.9091
1890	861.306	81.1151
1891	920.029	95.0974
1892	791.492	87.0519
1893	825.349	111.913
1894	897.938	92.6041
1895	773.638	91.6022
1896	1001.45	96.7744
1897	772.62	127.389
1898	361.974	38.3672
1899	374.219	42.6748
1900	830.308	87.0316
1901	1055.6	84.2286
1902	944.766	94.9548
1903	1227.8	96.3612
1904	1222.07	123.967
1905	1410.99	130.432
1906	1162.85	129.643
1907	1301.22	123.481
1908	1188.08	113.119
1909	1155.58	112.54
1910	1245.1	109.53
1911	1283.71	110.455
1912	1320.76	123.716
1913	1174.53	103.611
1914	1467.83	140.42
1915	1142.7	120.393
1916	1146.28	116.414
1917	1163.8	95.2479
1918	1273.16	109.626
1919	1257.61	125.092
1920	1157.39	131.163
1921	1127.11	110.565
1922	1202.54	94.5795
1923	1148.25	99.1572
1924	1131.28	97.5144
1925	1111.72	115.855
1926	1234.87	127.789
1927	1128.39	145.674
1928	1399.63	215.927
1929	1138.32	138.91
1930	1162.12	100.881
1931	1076.64	110.841
1932	742.911	102.998
1933	821.983	112.406
1934	1047.38	127.938
1935	761.568	79.0072
1936	857.799	97.8269
1937	866.928	90.4648
1938	919.852	94.7252
1939	778.796	95.4839
1940	1246.6	98.5486
1941	1092.39	114.649
1942	1024.31	127.721
1943	719.441	67.9386
1944	1114.8	145.103
1945	979.98	103.215
1946	762.778	76.3317
1947	971.617	86.6391
1948	1086.89	112.405
1949	844.145	104.615
1950	971.674	129.008
1951	845.519	75.9358
1952	1127.2	103.962
1953	1144.33	110.546
1954	1138.81	101.144
1955	1615.39	200.266
1956	1473.3	136.261
1957	1384.09	122.837
1958	1238.6	103.639
1959	1333.03	118.293
1960	1158.24	81.4358
1961	1379.69	107.285
1962	1256.47	78.8843
1963	1255.12	131.151
1964	1707.81	239.954
1965	1255.74	97.7387
1966	1442.74	155.786
1967	1112.94	117.668
1968	1604.99	125.554
1969	1344.86	138.068
1970	1121.43	112.94
1971	1184.19	111.181
1972	1131.1	124.784
1973	1287.89	120.449
1974	1140.8	70.4208
1975	1315.1	161.326
1976	1263.79	126.98
1977	1119.39	97.4053
1978	1158.15	140.3
1979	1130	111.697
1980	871.398	122.52
1981	931.628	110.572
1982	1133.75	125.468
1983	1116.91	126.366
1984	921.528	84.3399
1985	853.935	84.3583
1986	1484.28	135.029
1987	1198.07	128.723
1988	861.891	74.7581
1989	782.14	106.325
1990	809.307	71.4787
1991	831.538	92.6004
1992	1185.73	116.723
1993	869.434	112.102
1994	853.431	84.6402
1995	967.677	96.3308
1996	1058.14	102.421
1997	1133.98	127.958
1998	802.316	80.4094
1999	768.676	90.8456
2000	1126.86	109.432
2001	1090.77	117.269
2002	1110.47	89.2275
2003	1124.92	76.2147
2004	1445.17	142.659
2005	1134.79	115.081
2006	1219.75	123.139
2007	1159.66	94.7383
2008	1114.83	89.1582
2009	1297.01	120.998
2010	1209.32	96.5657
2011	1117.39	139.63
2012	1120.78	109.934
2013	1114.35	102.306
2014	1200.25	113.314
2015	1148.62	117.14
2016	1195.44	113.175
2017	1235.11	94.8485
2018	1233.52	146.864
2019	1156.98	100.591
2020	1142.16	153.016
2021	1172.28	104.528
2022	1144.77	130.524
2023	1204.88	102.272
2024	1513.49	194.989
2025	1216.65	135.321
2026	1172.38	114.683
2027	1185.11	135.804
2028	913.725	111.233
2029	1005.64	122.591
2030	845.02	76.0392
2031	980.438	95.8792
2032	1001.78	81.7841
2033	1007.28	125.868
2034	931.609	87.5503
2035	1147.08	162.507
2036	955.02	106.543
2037	990.049	107.467
2038	982.335	114.412
2039	713.314	71.0758
2040	1152.3	123.049
2041	768.164	82.3777
2042	1029.48	100.599
2043	932.668	92.2095
2044	1128.31	148.526
2045	1039.35	78.9684
2046	1198.14	115.784
2047	812.962	63.1319
2048	1180.39	85.0885
2049	1124.24	111.192
2050	1389.83	116.945
2051	1179.18	135.721
2052	1283.5	105.903
2053	1131.37	106.671
2054	1148.78	95.7783
2055	1193.37	115.041
2056	1255.05	113.686
2057	1136.77	104.409
2058	1186.47	107.345
2059	1120.86	87.7093
2060	1186.82	135.593
2061	1157.97	112.182
2062	1179.85	119.707
2063	1158.26	88.6684
2064	1117.96	105.331
2065	1264.62	88.6455
2066	1233.36	148.826
2067	1112.15	117.782
2068	1142.2	126.927
2069	1177.12	83.3397
2070	1144.62	114.578
2071	1255.36	497.85
2072	1637.41	189.925
2073	1168.53	115.802
2074	1150.17	102.15
2075	1086.33	128.082
2076	847.82	115.029
2077	862.554	99.3904
2078	884.592	87.7193
2079	1096.82	121.896
2080	984.983	82.7624
2081	1129.71	138.963
2082	1064.41	102.715
2083	859.931	102.302
2084	921.633	90.3027
2085	642.436	65.3987
2086	839.618	97.8149
2087	852.132	63.144
2088	776.304	66.8601
2089	831.189	92.8287
2090	1097.68	93.5924
2091	970.77	85.1105
2092	921.119	86.4322
2093	880.76	70.6246
2094	835.124	91.7679
2095	594.452	67.734
2096	1183.56	129.851
2097	1187.62	125.296
2098	1171.94	111.947
2099	1183.73	116.925
2100	1263.99	129.527
2101	1185.31	87.1565
2102	1192.91	105.201
2103	1182.11	111.213
2104	1201.93	125.394
2105	1127.04	107.049
2106	1282.43	147.484
2107	1270.77	107.749
2108	1420.73	85.6851
2109	1135.35	104.199
2110	1099.42	134.206
2111	1086.12	123.321
2112	1177.05	104.125
2113	415.86	64.1926
2114	1171.65	110.991
2115	1166.76	130.945
2116	1252.33	131.563
2117	1451.56	134.599
2118	1188.67	136.818
2119	1389.08	148.756
2120	1377.01	120.457
2121	1188.17	127.879
2122	1173.1	109.75
2123	1102.27	104.518
2124	1118.99	141.599
2125	1104.17	122.386
2126	920.864	110.728
2127	1139.49	124.175
2128	665.71	78.1002
2129	1029.51	107.059
2130	930.874	110.087
2131	932.493	107.549
2132	938.863	88.4551
2133	833.592	93.3511
2134	826.609	97.084
2135	989.889	105.609
2136	1140.93	112.405
2137	1083.08	125.024
2138	1104.86	127.176
2139	1451.25	115.581
2140	991.479	109.711
2141	1125.15	105.882
2142	1143.02	149.364
2143	869.815	102.596
2144	1588.67	208.015
2145	1276.66	141.046
2146	1141.46	109.966
2147	1221.74	146.917
2148	1185.97	123.573
2149	1316.28	126.854
2150	1157.14	130.38
2151	1165.08	120.7
2152	1187.94	107.66
2153	1148.94	107.719
2154	1299.69	106.731
2155	1139.3	125.123
2156	1233.08	131.341
2157	1180.05	157.376
2158	1163.71	129.063
2159	1198.51	88.9165
2160	1263.01	115.886
2161	1185.26	136.131
2162	1196.48	116.95
2163	1204.31	121.078
2164	1159.54	119.704
2165	1146.29	108.392
2166	1181.82	90.8953
2167	1154.69	127.255
2168	1175	111.892
2169	1747.6	220.557
2170	1141.62	79.692
2171	1145.59	103.691
2172	1086.75	167.508
2173	996.907	96.9697
2174	574.674	73.0124
2175	864.077	82.2656
2176	950.5	112.28
2177	1167.11	106.62
2178	764.525	80.8163
2179	766.238	87.7342
2180	934.589	88.6127
2181	893.921	107.059
2182	1123.99	105.873
2183	933.95	80.0663
2184	1201.66	128.849
2185	1028.85	94.9593
2186	1105.38	114.459
2187	908.755	80.5924
2188	1019.2	100.602
2189	579.956	87.4776
2190	1483.41	176.529
2191	730.117	94.3931
2192	1169.94	116.228
2193	1277.84	121.57
2194	1172.39	97.8036
2195	1235.05	111.306
2196	1200.19	94.9328
2197	1199.23	96.9627
2198	1186.72	119.672
2199	1148.5	130.005
2200	2222.01	227.933
2201	1430.73	131.063
2202	1193.81	133.959
2203	1142.96	117.538
2204	1222.81	108.513
2205	1126.81	108.03
2206	1173.75	104.158
2207	1144.95	128.714
2208	1185.21	124.348
2209	1157.73	82.508
2210	1230.99	105.217
2211	1186.9	109.378
2212	1354.97	119.255
2213	1341.3	130.348
2214	1149.7	96.1417
2215	1250.9	131.931
2216	1132.45	147.922
2217	1288.74	139.03
2218	1206.9	109.798
2219	1171.95	117.239
2220	1111.13	126.137
2221	545.337	71.1015
2222	1162.5	130.406
2223	1204.2	101.6
2224	849.568	97.9417
2225	837.638	121.757
2226	674.095	77.1063
2227	1165.71	105.86
2228	731.254	90.8927
2229	1207.46	85.9773
2230	912.968	117.177
2231	813.469	117.613
2232	1238.21	102.321
2233	1095.68	143.292
2234	946.346	96.9025
2235	977.493	101.96
2236	852.222	66.4533
2237	967.497	75.343
2238	911.239	113.382
2239	693.034	69.2353
2360	1187.28	88.9491
2361	1214.15	93.2551
2362	1586.26	90.4688
2363	1222.08	90.179
2364	1152.18	89.9563
2365	1144.86	90.0598
2366	1155.92	83.3584
2367	1211.78	109.343
2368	1275.55	109.185
2369	1193.81	77.9125
2370	1221.53	103.534
2371	1192	88.27
2372	1199.86	96.9967
2373	1562.66	137.337
2374	1473.88	95.1696
2375	1249.43	103.663
2376	1237.51	100.861
2377	1224.57	129.938
2378	1426.05	111.272
2379	1067.13	87.891
2380	1357.83	111.83
2381	1135.67	90.4891
2382	1143.04	100.65
2383	1208.28	86.7292
2384	1163.77	75.2775
2385	1205.23	81.5216
2386	1484.78	112.694
2387	1273.24	114.31
2388	1288.4	113.763
2389	1364.68	99.5186
2390	1163.73	86.3957
2391	1248.44	88.8814
2392	1358.15	107.37
2393	1197.78	80.8608
2394	1345.13	113.114
2395	1182.73	89.6976
2396	1231.57	87.058
2397	1684.23	110.428
2398	1390.12	109.11
2399	1131.32	63.8095
2400	1143.15	94.7932
2401	1168.98	91.6933
2402	1169.18	85.0626
2403	1192.39	85.8312
2404	1231.58	92.1872
2405	1372.13	117.647
2406	1269.05	100.625
2407	1124.54	94.0466
2408	1187.53	94.7484
2409	1204.96	94.121
2410	1203.93	105.196
2411	1159.68	111.55
2412	1260.81	105.245
2413	1183.36	82.3902
2414	1609.05	111.216
2415	1580.38	132.716
2416	1175.57	80.9591
2417	1677.54	122.124
2418	1416.33	90.861
2419	1503.92	132.138
2420	1283.99	98.7128
2421	1165.22	97.7672
2422	1845.45	154.886
2423	1156.25	81.6354
2424	1294.59	101.061
2425	1285.55	92.8432
2426	1328.53	94.6175
2427	1318.87	98.3476
2428	1869.33	132.871
2429	1719.84	148.693
2430	1181.84	98.2059
2431	1163.7	78.376
2432	1279.14	89.2771
2433	1106.8	94.6093
2434	862.751	1271.53
2435	-4699.68	277.746
2436	1187.79	71.8994
2437	1469.57	108.839
2438	1158.15	91.5582
2439	1162.55	98.0069
2440	1443.7	107.616
2441	1172.31	87.3417
2442	1265.89	109.421
2443	1211.53	84.1236
2444	1180.7	81.4648
2445	1147.54	86.3434
2446	1240.48	89.4889
2447	1164.11	88.0033
2448	1151.56	85.5526
2449	1200.86	83.479
2450	1161.99	80.3907
2451	1155.68	85.4277
2452	1368	98.2186
2453	1146.43	89.5318
2454	1172.87	111.899
2456	1626.03	134.623
2457	1688.51	169.639
2458	1132.27	74.889
2459	1156.04	91.8811
2460	1181.06	95.8518
2461	1171.36	93.3482
2462	1113.41	88.5755
2463	1185.16	85.7017
2464	1167.56	85.3745
2465	1195.41	79.7064
2466	1156.87	114.37
2467	1169.48	80.4435
2468	1174.56	72.0148
2469	1233.56	89.2715
2470	1163.14	86.6857
2471	1172.11	85.243
2472	1551.05	114.971
2473	1551.26	119.416
2474	1797.08	141.93
2475	1346.8	108.474
2476	1357.1	108.596
2477	1192.98	100.108
2478	1245.05	97.4502
2479	1367.94	180.612
2480	1150.42	129.622
2481	1188.81	81.7779
2482	1151.56	89.5037
2483	1207.57	92.951
2484	1135.81	92.4443
2485	1129.02	92.9346
2486	1137.36	94.2762
2487	1423.53	92.3133
2488	1225.79	109.91
2489	1176.8	93.2868
2490	1195.87	95.5814
2491	1515.3	234.232
2492	1294.86	190.942
2493	1408.48	111.874
2494	1411.44	104.205
2495	1114.78	86.6314
2496	1159.89	88.8284
2497	1160.22	92.6493
2498	1238.57	90.584
2499	1171.21	88.3599
2500	1517.65	121.527
2501	1354.33	115.295
2502	1145.53	88.8571
2503	1433.68	112.269
2504	647.296	3492.46
2505	-10097	855.611
2506	1128.26	102.145
2507	1477.88	94.0728
2508	1144.62	99.9364
2509	1187.8	94.5257
2510	1149.69	85.4789
2511	1152.98	81.1891
2512	1163.4	109.245
2513	1132.32	85.0483
2514	1194.34	78.0865
2515	1149.34	79.244
2516	1350.65	93.6463
2517	1125.69	86.5371
2518	1173.88	82.7837
2519	1157.38	91.6182
2520	1170.36	93.2913
2521	1323.17	101.085
2522	1379.65	116.497
2523	1163.64	94.2658
2524	1308.85	122.787
2525	1105.24	80.8042
2526	1401.55	199.533
2527	317.285	3753.33
2528	1134.7	79.9947
2529	1201.73	99.5591
2530	1169.06	87.5388
2531	1244.15	90.3043
2532	1137	79.199
2533	1164.19	81.1644
2534	1139.82	84.6492
2535	1130.59	86.9277
2536	1163.49	106.284
2537	1178.36	93.0266
2538	1177.68	71.5605
2539	1195	99.403
2540	1698.5	107.499
2541	1256.21	103.488
2542	1136.13	84.5007
2543	1220.08	94.4726
2544	1196.7	81.4517
2545	1245.33	92.6403
2546	1155.77	98.8224
2547	1351.04	100.357
2548	1130.23	74.2421
2549	1278.32	97.706
2550	1215.17	104.111
2551	1551.19	112.48
2552	1117.67	81.2368
2553	1147.45	81.8706
2554	1145.13	88.3699
2555	1127.5	77.6347
2556	1361.81	94.7479
2557	1171.42	95.8987
2558	1469.32	98.2616
2559	1514.26	101.799
2560	1157.39	106.099
2561	1159.6	86.2158
2562	1215.15	108.415
2563	1639.71	130.521
2564	1129.6	98.3897
2565	1117.38	83.9016
2566	1126.76	75.9175
2567	1703.12	152.434
2568	1145.87	87.6429
2569	1645.16	125.796
2570	1157.17	69.8588
2571	1110.46	83.9453
2572	1194.06	73.1054
2573	1180.31	90.1756
2574	1167.21	88.9746
2575	1212.46	72.6682
2576	1120.38	88.7316
2577	1171.72	84.5727
2578	1194.55	81.8766
2579	1215.68	96.5478
2580	1660.49	144.575
2581	1187.08	102.838
2582	1563.98	124.9
2583	1287.68	99.8474
2584	1149.92	95.3097
2585	1195.84	73.6685
2586	1147.06	86.1738
2587	1182.23	93.8919
2588	1177.79	80.2591
2589	1162.7	84.9913
2590	1123.17	92.538
2591	1194.82	74.5591
2592	1165.21	97.2571
2593	1166.83	90.2027
2594	1317.18	114.049
2595	1220.21	79.178
