0	1154.39	128.923
1	1088.53	107.422
2	1906.46	165.925
3	1193.57	107.028
4	1524.11	132.274
5	1208.47	106.18
6	456.724	55.1697
7	1329.95	106.797
8	1192.96	90.016
9	767.718	77.1245
10	1181.78	108.36
11	889.499	112.521
12	1235.64	140.725
13	1623.91	153.325
14	1416.08	167.4
15	1229.67	121.119
16	1698.31	131.793
17	1401.8	128.06
18	1008.56	97.4502
19	1487.47	148.348
20	1700.72	127.455
21	1169.07	132.917
22	1049.86	97.3164
23	963.729	87.1279
24	825.055	83.006
25	1331.29	110.861
26	1081.16	98.0283
27	955.164	70.6988
28	1299.59	164.121
29	1028.28	103.38
30	1019.91	94.6489
31	962.088	96.0911
32	1254.19	115.378
33	1043.9	94.1253
34	1253.11	125.909
35	1102.02	130.997
36	777.982	66.5129
37	1158.37	101.295
38	1026	105.349
39	1004.14	92.6677
40	984.761	82.8625
41	950.074	81.7216
42	1111.15	112.312
43	839.607	92.2496
44	826.766	94.9048
45	691.419	88.1243
46	788.89	108.464
47	2079.63	180.186
48	1132.23	94.488
49	1249.2	129.862
50	999.818	78.468
51	1341.6	125.874
52	1267.18	73.7877
53	1389.62	113.103
54	1832.53	144.316
55	1163.03	108.232
56	1166.06	126.284
57	1442.15	107.374
58	1274.45	128.068
59	1744.87	123.344
60	1335.92	124.868
61	1573.04	130.935
62	1193.91	97.8934
63	1315.49	155.918
64	1267.16	111.334
65	1522.51	145.1
66	1432.1	162.875
67	1500.34	124.189
68	1193.47	117.907
69	1080.13	112.689
70	1064.21	86.2177
71	967.85	83.2456
72	665.122	70.9799
73	1078.14	103.318
74	1030.52	107.489
75	1130.53	110.68
76	937.149	88.8405
77	1335.6	129.772
78	1428.15	152.663
79	777.792	70.5408
80	990.104	84.171
81	815.431	82.6474
82	975.248	80.0472
83	1222.42	168.621
84	903.848	105.012
85	1036.44	155.925
86	1053.12	87.6684
87	1186.28	130.376
88	790.863	76.7787
89	1019.75	92.5229
90	1018.21	115.646
91	994.502	93.0919
92	804.169	62.8141
93	1035.8	175.311
94	995.011	104.513
95	1299.93	118.353
96	1359.73	109.043
97	1669.26	149.826
98	1771.94	144.339
99	1427.29	110.149
100	1154.46	122.201
101	1282.22	130.053
102	1161.19	82.8999
103	1647.47	153.036
104	1099	87.5568
105	1038.53	89.7732
106	1506.6	155.198
107	1924.3	172.588
108	1513.38	125.224
109	1110.75	72.6618
110	1140.25	81.173
111	2129.65	153.584
112	1372.08	155.312
113	1304.55	131.962
114	1204.79	101.741
115	1357.3	118.534
116	1229.17	133.516
117	996.521	86.1525
118	1586.21	144.529
119	1047.49	101.621
120	919.826	89.0837
121	1108.28	101.704
122	1491.64	119.811
123	1251.01	129.883
124	933.886	83.7321
125	1071.85	94.9738
126	1049.22	107.089
127	874.489	87.1784
128	1048.2	121.459
129	656.906	71.355
130	1052.08	93.2306
131	833.533	80.1308
132	756.535	84.6599
133	852.359	65.8759
134	1077.9	94.3958
135	2290.94	207.728
136	1166.45	101.303
137	1034.19	96.338
138	889.748	97.8647
139	831.525	72.1332
140	1089.46	105.968
141	1220.19	150.186
142	1325.06	154.768
143	992.202	84.2833
144	1327.28	127.353
145	1233.05	109.233
146	1302.46	88.217
147	1574.42	124.089
148	1202.25	97.9922
149	1588.04	167.694
150	1511.09	120.133
151	1249.37	113.888
152	1069.14	101.305
153	1689.51	123.117
154	1781.22	172.207
155	1336.54	104.173
156	1562.74	125.107
157	1630.21	136.774
158	2038.91	155.499
159	1474.73	130.137
160	1966.21	179.915
161	1803.7	135.345
162	1187.78	80.2706
163	1146.98	98.9584
164	1501.61	104.604
165	917.119	112.761
166	962.208	92.2229
167	783.873	71.0126
168	921.93	85.5215
169	1024.14	75.6451
170	1094.67	84.418
171	1350.14	122.235
172	1257.01	119.857
173	1635.54	143.466
174	1179.81	112.289
175	1145.05	147.437
176	877.973	86.355
177	852.12	112.512
178	1418.67	176.393
179	1071.22	98.2314
180	873.336	79.034
181	923.885	86.2004
182	1122.23	110.441
183	1211.59	130.831
184	1214.04	103.201
185	735.046	80.6176
186	1213.74	121.115
187	941.899	111.052
188	1172.86	95.965
189	1075.51	106.608
190	906.744	87.9717
192	1765.35	156.293
193	1165.05	86.9597
194	1212.24	96.498
195	1170.94	122.21
196	1416.41	166.783
197	1228.66	118.27
198	1335.16	115.628
199	1441.52	124.745
200	1761.39	174.234
201	1346.96	120.508
202	1437.98	113.3
203	1302.91	115.696
204	1283.67	116.333
205	1372.84	145.251
206	1336.76	108.753
207	1399.07	144.177
208	1323.48	123.079
209	1341.21	169.881
210	1396.32	139.425
211	1272.74	115.166
212	2137.74	198.639
213	1442.85	170.699
214	976.714	78.3123
215	1069.12	94.4647
216	922.264	87.7234
217	872.76	74.4625
218	1170.69	102.44
219	1787.14	158.692
220	1228.76	117.408
221	1008.78	91.7759
222	1185.91	85.43
223	986.978	112.553
224	1405.79	131.7
225	870.41	88.2589
226	799.75	79.2483
227	935.563	106.424
228	942.671	76.2927
229	1240.76	100.266
230	844.502	78.4911
231	732.059	42.1605
232	825.193	87.1467
233	875.749	78.1327
234	1073.41	119.506
235	2115.42	286.078
236	845.75	82.9488
237	775.693	58.3641
238	1246.24	104.294
239	979.293	100.061
240	1397.31	116.847
241	1174.41	92.8083
242	1510.43	127.459
243	1363.9	114.687
244	1262.61	107.703
245	968.528	100.503
246	1370.52	114.486
247	1099.09	91.5323
248	1631.44	136.584
249	1471.83	136.353
250	1727.29	141.219
251	1188.49	94.9223
252	1218.02	111.784
253	1115.5	91.5205
254	1389.13	130.694
255	1252.17	110.938
256	1709.74	151.305
257	1115.24	111.06
258	1734.7	166.38
259	1098.74	104.546
260	2235.02	185.108
261	766.24	77.3307
262	1071.01	103.133
263	1390.57	150.634
264	1318.59	127.371
265	1149.62	88.302
266	815.587	77.315
267	1083.13	82.1547
268	1067.99	86.1957
269	1017.52	75.1837
270	878.434	76.8035
271	783.918	65.5328
272	1065.96	86.0912
273	853.831	77.2872
274	1349.6	117.334
275	1368	154.439
276	917.874	82.1843
277	1080.08	101.361
278	897.868	91.0253
279	772.506	63.4567
280	1002	105.688
281	1163.64	103.793
282	756.27	64.6602
283	913.773	99.1487
284	934.293	64.1649
285	832.873	82.462
286	1141.02	86.1259
287	933.939	95.036
288	1410.99	126.87
289	1439.52	133.584
290	1653.68	130.069
291	1298.64	127.241
292	1092.16	68.8814
293	1161.93	95.4992
294	943.137	79.145
295	1393.58	97.935
296	1268.96	80.0339
297	1231.02	108.183
298	1211	96.9214
299	1455.37	150.326
300	932.044	86.5614
301	1462.78	107.299
302	1062.87	91.4283
303	995.346	102.955
304	1282.39	97.1637
305	1230.87	123.822
306	1121.47	78.5816
307	1342.65	114.797
308	1171.6	85.5124
309	1167.34	111.158
310	1001.95	109.309
311	1586.73	118.297
312	948.997	77.5202
313	2537.77	199.674
314	945.128	74.2925
315	999.614	118.314
316	1009.32	86.9369
317	3382.72	314.824
318	953.335	90.2069
319	819.299	70.6677
320	1242.45	96.058
321	935.316	99.6554
322	1046.39	103.151
323	986.713	98.0238
324	1023.85	75.8869
325	1362.93	133.74
326	982.972	102.671
327	904.688	104.42
328	997.957	104.143
329	1449.86	123.024
330	1103.68	104.302
331	976.071	103.475
332	1349.19	135.544
333	1374.03	144.618
334	828.888	102.813
335	856.854	96.8061
336	1280.49	112.778
337	1227.59	105.939
338	1390.38	141.982
339	1711.65	138.286
340	1281.44	111.519
341	1352.39	175.014
342	1221.6	107.048
343	1542.98	135.907
344	1320.96	101.12
345	1525.23	167.057
346	1213.07	104.546
347	1233.84	84.3203
348	1810.17	168.027
349	1326.53	118.812
350	1104.96	97.1158
351	1205.97	114.418
352	1216.36	102.759
353	1424.99	99.7084
354	1692.39	143.725
355	1313.76	95.5802
356	1784.76	171.604
357	477.905	59.6615
358	1034.57	98.1114
359	1233.77	122.381
360	1319.75	147.566
361	1066.05	92.8135
362	1069.68	108.586
363	4594.83	401.937
364	1344.98	114.472
365	1432.24	152.92
366	858.913	88.2896
367	1184.55	110.833
368	1571.8	154.799
369	1047.35	117.583
370	1012.19	84.9649
371	1168.13	113.389
372	1033.74	79.1282
373	1026.11	117.358
374	844.245	66.6893
375	3542.66	368.17
376	1367.65	128.831
377	1079	91.4283
378	820.028	83.8468
379	1169.96	98.1072
380	1399.14	135.666
381	1129.21	139.484
382	995.752	114.175
383	976.7	77.023
384	1288.57	111.405
385	1529.9	131.275
386	1638.64	135.899
387	1229.54	88.665
388	1565.58	128.897
389	1482.45	132.238
390	1330.15	115.808
391	1311.89	121.74
392	1204.07	99.8872
393	1341.41	111.173
394	1231.34	93.3599
395	1250.11	85.938
396	1430.82	88.2811
397	1424.25	131.168
398	1013.21	106.91
399	1320.63	118.082
400	1237.31	107.972
401	1352.52	119.724
402	1493.64	129.735
403	1075.54	83.0254
404	952.194	100.5
405	951.687	91.7145
406	869.102	125.536
407	1090.48	128.738
408	1092.42	100.349
409	961.92	81.1655
410	944.34	95.0072
411	942.215	74.3704
412	890.002	75.9599
413	957.348	77.5531
414	861.926	73.8842
415	1412.74	157.623
416	914.225	77.1417
417	986.88	47.0959
418	1077.93	99.3753
419	406.723	33.0032
420	948.1	77.378
421	964.887	108.943
422	1004.56	73.1827
423	1063.56	128.2
424	1185.99	88.209
425	920.241	95.7675
426	1337.26	108.065
427	987.689	100.161
428	1019.02	95.8226
429	845.912	81.3401
430	1090.71	111.812
431	1029.46	97.4469
432	1125.37	111.67
433	1509.48	154.851
434	1171.1	86.5104
435	1363.99	137.99
436	1249.9	98.9829
437	838.623	78.152
438	1728.42	154.678
439	1421.74	128.585
440	1537.94	98.0978
441	1653.13	149.266
442	1234.96	92.6278
443	1536.55	118.891
444	1351.1	128.325
445	1288.45	108.274
446	1435.02	121.789
447	1180.62	101.764
448	1215.47	103.93
449	1099.52	105.624
450	1673.19	144.232
451	1194.11	85.8802
452	1342.27	116.299
453	773.487	62.7416
454	1041.27	78.9372
455	1268.38	118.029
456	1096.34	98.6319
457	959.297	78.1748
458	1059.35	94.567
459	855.323	64.4837
460	841.68	61.9124
461	979.695	95.7079
462	1030.63	106.046
463	1305.86	161.442
464	904.811	76.8565
465	907.392	97.7735
466	971.113	86.6284
467	982.666	94.1708
468	1396.12	128.375
469	1021.31	66.1261
470	1125.74	113.491
471	409.374	58.2906
472	866.775	71.1526
473	993.171	97.6397
474	1471.03	132.58
475	1006.09	97.2583
476	1107.97	132.199
477	907.242	101.736
478	1175.53	102.018
479	949.502	72.4462
480	1464.95	114.219
481	1140.08	97.8532
482	1480.37	112.107
483	1121.39	87.858
484	921.275	84.0143
485	1630.12	137.085
486	1359.49	133.991
487	1360.85	143.615
488	1304.62	93.8675
489	1391.22	93.7638
490	1623.19	169.255
491	1215.18	94.6619
492	1311.11	99.8894
493	1454.33	109.645
494	1835.99	152.142
495	1174.3	101.164
496	1328.59	105.519
497	1556.57	150.3
498	1315.41	104.157
499	1065.06	76.738
500	1468.42	138.569
501	905.899	82.4912
502	1069.48	92.9721
503	1201.41	118.144
504	1272.55	126.512
505	854.243	60.8327
506	510.493	56.3453
507	1104.41	93.6685
508	1048.28	96.3303
509	1372.41	85.8015
510	1069.39	120.6
511	1007.79	90.1803
512	863.641	92.5984
513	1418.67	156.068
514	800.629	68.6355
515	1101.19	108.878
516	962.085	98.2754
517	1110.1	111.165
518	1132.08	93.5822
519	441.603	62.9566
520	482.691	41.3583
521	1302.75	142.187
522	1115.59	95.9048
523	1098.12	99.1552
524	1116.28	101.569
525	1204.17	130.231
526	1177.38	97.6254
527	1080.8	113.377
528	1317.63	129.399
529	1852	180.389
530	1264.65	118.406
531	1067.38	107.449
532	1448.23	112.709
533	1271.12	110.299
534	1310.64	105.962
535	1092.13	107.726
536	1255.27	73.7731
537	1110.78	87.2098
538	1253.09	99.2178
539	1224.82	117.268
540	1305.79	76.3218
541	1299.31	136.554
542	897.341	95.655
543	1148.83	88.7751
544	1448.3	94.3081
545	1386.72	117.293
546	1463.71	121.68
547	1549.73	137.687
548	1176.11	117.493
549	1397.46	105.117
550	1001.72	101.679
551	1075.92	94.0394
552	963.448	82.8616
553	567.539	73.8065
554	856.69	70.3785
555	938.033	82.7288
556	1001.31	86.5948
557	857.457	77.9875
558	1731.78	182.249
559	863.883	61.3929
560	861.695	87.772
561	866.688	66.2162
562	782.57	68.1721
563	1021.04	103.987
564	890.564	80.7566
565	1205.55	113.76
566	932.6	104.328
567	940.052	98.8163
568	1092.42	116.35
569	1451.95	151.938
570	847.477	63.4867
571	1121.41	112.678
572	1213.63	80.8982
573	855.371	91.9139
574	1312.38	113.752
575	1056.1	111.269
576	1364.42	129.877
577	1669.98	144.457
578	1543.64	113.116
579	1258.31	96.0002
580	1546.47	110.321
581	1368.2	125.533
582	1669.24	134.656
583	1476.23	136.093
584	1318.03	122.732
585	1234.18	102.812
586	1264.86	98.2115
587	1360.6	129.664
588	1555.1	151.923
589	1546.59	109.797
590	1250.13	96.7357
591	1034.15	87.0233
592	1463.99	106.167
593	1330.4	104.581
594	1246.36	104.228
595	1153.34	100.66
596	1423.14	109.782
597	1110.05	110.865
598	1110.45	96.7083
599	1254.58	167.324
600	3586.63	350.691
601	851.42	79.3518
602	1173.21	113.854
603	1196.47	86.105
604	1116.95	115.666
605	857.577	84.5297
606	976.469	108.704
607	695.92	66.0007
608	803.643	82.7111
609	784.942	82.0324
610	1133.98	86.5998
611	868.575	96.9432
612	880.859	80.0632
613	1286.74	125.669
614	1170.07	109.538
615	941.743	84.2554
616	1122.16	89.5624
617	940.567	94.674
618	1035.76	83.9639
619	876.695	96.9429
620	1098.5	70.594
621	1057.47	102.944
622	1184.25	100.856
623	1090.16	111.339
624	1598.51	133.269
625	1288.92	120.857
626	1214.93	111.99
627	1311.55	103.479
628	1330.28	115.909
629	1312.52	101.233
630	1463.71	145.319
631	1328.6	122.249
632	1448	123.682
633	1232.57	74.9192
634	1057.12	87.9608
635	1289.81	98.7335
636	1346.68	121.705
637	1453.65	115.597
638	1202.56	111.657
639	1369.73	134.79
640	1711.54	122.961
641	1379.26	118.115
642	1395.41	141.523
643	1352.92	109.027
644	1121.72	77.818
645	994.975	91.3081
646	852.088	91.2331
647	772.135	83.0519
648	1256.71	102.763
649	883.897	75.0887
650	1432.21	142.488
651	1081.99	122.582
652	878.969	97.1154
653	829.291	87.0141
654	1145.89	97.4971
655	1110.68	77.3978
656	828.51	82.8711
657	980.427	98.4833
658	1235.53	95.6
659	1122.6	106.017
660	963.723	75.6106
661	1101.98	107.687
662	1166.07	96.9826
663	1070.59	100.951
664	1405.43	127.373
665	1308.05	114.335
666	913.152	87.3482
667	1105.38	95.4329
668	1224.54	115.588
669	932.802	90.6242
670	1075.95	98.2081
671	1839.99	174.325
672	1316.49	112.167
673	1105.13	94.9631
674	1487.32	117.206
675	1567.32	138.418
676	1521.15	129.621
677	793.412	68.5583
678	1243.92	105.272
679	1290.37	92.2332
680	1479.78	133.736
681	1556.01	150.188
682	1284.25	106.158
683	1371.78	114.117
684	1712.76	126.666
685	1622.53	122.795
686	1423.64	118.495
687	881.176	77.4391
688	1282.28	111.068
689	981.262	75.4364
690	1792.39	170.363
691	1174.5	105.381
692	1564.66	111.456
693	1112.33	102.025
694	1412.33	124.614
695	1260	134.378
696	1159.63	110.697
697	1035.58	81.0976
698	1088.21	95.8997
699	1155.32	106.374
700	1433.73	164.275
701	1007.61	100.468
702	885.961	82.0567
703	1208.24	101.175
704	1114.76	125.083
705	990.923	132.629
706	2369.56	210.246
707	1041.96	110.084
708	1245.89	100.561
709	989.638	83.9129
710	1196.36	113.714
711	1115.81	105.858
712	1091.89	103.712
713	1181.17	75.2804
714	1160.79	104.777
715	1140.3	104.893
716	1178.57	139.046
717	1233.6	89.6901
718	1211.21	90.5807
719	841.334	101.101
720	1459.98	132.284
721	1334.8	100.483
722	1312.85	130.17
723	1472.39	121.909
724	1540.41	147.981
725	1238.13	94.8479
726	1404.44	103.62
727	1390.3	147.312
728	1144.27	90.2107
729	1425.9	123.658
730	1447.24	119.445
731	1534.46	126.362
732	1281.57	73.2513
733	1296.32	106.159
734	1233.35	108.867
735	1370.76	117.298
736	1388.21	127.933
737	1306.34	104.622
738	1669.08	153.061
739	1360.32	115.484
740	1347.06	97.5645
741	961.427	83.6745
742	1058.26	104.551
743	1115.14	113.08
744	1270.27	152.086
745	869.12	73.9516
746	691.901	73.3772
747	958.997	85.4696
748	1302.62	147.334
749	1130.44	108.734
750	1342.51	140.366
751	941.989	85.0991
752	910.827	105.484
753	1205.99	130.122
754	1416.67	114.301
755	874.598	102.592
756	844.365	82.9475
757	902.348	91.9989
758	962.442	80.1704
759	1204.49	139.37
760	1155.2	138.354
761	1058.88	76.5699
762	1179.91	123.938
763	1122.73	112.858
764	1012.26	84.4974
765	788.753	86.6813
766	1246.12	123.484
767	911.308	96.0452
768	1509.79	129.591
769	1495.24	104.328
770	1587.21	116.529
771	1881.45	153.665
772	1454.36	115.898
773	1484.67	133.694
774	1255.95	135.043
775	1401.07	131.516
776	1438.6	100.131
777	1359.72	102.548
778	1395.57	118.7
779	1345.12	147.201
780	1373.44	164.311
781	1306.21	109.302
782	1271.14	95.8279
783	1328.13	85.911
784	1469.31	121.734
785	1392.05	149
786	1793.18	144.782
787	1426.31	121.889
788	1585.33	156.8
789	1227.36	117.196
790	1332.38	154.216
791	1052.48	112.357
792	1526.19	156.138
793	900.859	53.8997
794	930.239	68.6914
795	1418.12	119.535
796	1262.8	153.211
797	976.266	97.818
798	927.685	104.3
799	1119.23	129.76
800	1023.16	82.3146
801	1080.36	101.762
802	943.687	106.719
803	1140.95	131.469
804	1556.85	170.82
805	770.017	90.8331
806	1239.89	93.9821
807	1104.52	129.474
808	1272	114.93
809	1233.85	125.196
810	991.855	88.5359
811	900.98	111.448
812	1021.7	96.4915
813	1424.44	96.2434
814	1606.14	200.65
815	999.097	105.671
816	1239.12	93.2853
817	1172.71	81.3577
818	1534.72	150.278
819	1168.27	62.9699
820	1385.12	109.744
821	1377.68	116.469
822	1325.65	119.104
823	1638.32	131.848
824	1620.29	160.233
825	1477.74	126.076
826	1378.67	108.672
827	1368.32	128.047
828	1312.53	120.069
829	1012.94	84.5492
830	1443.17	134.193
831	1099.68	108.028
832	1223.01	89.1496
833	1215.05	93.1575
834	1175.7	97.4044
835	1261.22	121.159
836	1629.4	171.365
837	1070.28	101.672
838	1232.47	107.276
839	1041.88	133.103
840	880.546	73.5188
841	1454.18	139.186
842	1135.88	91.3904
843	1180.57	112.91
844	1048.63	114.178
845	976.199	101.25
846	1294.98	104.551
847	795.913	101.745
848	1223.62	117.026
849	1023.41	101.942
850	1116.01	87.6193
851	1211.33	135.49
852	3267.86	283.719
853	953.149	82.5378
854	955.89	83.3932
855	952.307	121.674
856	903.44	76.7357
857	948.046	85.7897
858	1163.71	113.201
859	868.151	65.3052
860	1135.29	113.22
861	943.911	88.9456
862	1186.45	112.404
863	1265.63	106.297
864	1352.85	84.7551
865	1341.36	102.668
866	1460.12	136.592
867	1604.41	117.976
868	1253.26	90.4642
869	1275.94	104.58
870	1294.61	100.802
871	1257.89	117.378
872	1266.61	130.272
873	1771.11	163.38
874	1238.61	117.261
875	1198.43	100.288
876	1650.86	132.525
877	1500.61	146.942
878	1365.88	133.432
879	1337.05	120.794
880	1485.63	103.433
881	554.834	74.0022
882	1416.95	99.5096
883	1437.6	124.15
884	950.113	65.2459
885	1121.75	134.737
886	833.013	94.9884
887	989.127	87.6574
888	895.136	105.222
889	839.907	81.6586
890	924.208	82.2874
891	1275.13	136.537
892	705.551	90.3669
893	1286.81	116.246
894	676.696	56.1699
895	873.486	100.579
896	1120.22	76.9403
897	1184.52	104.107
898	695.745	79.6445
899	1112.43	106.283
900	1009.47	92.2282
901	710.886	94.5504
902	1137.5	105.934
903	1065.38	105.097
904	825.577	84.6415
905	954.916	109.31
906	761.171	82.8367
907	1169.19	124.478
908	944.899	96.8222
909	1238.27	120.542
910	1102.6	104.138
911	1112.15	106.205
912	1319.34	145.869
913	1413.24	123.173
914	1550.31	143.41
915	1476.6	124.551
916	1299.19	88.0921
917	1353.18	124.693
918	1264	106.18
919	1274.87	131.217
920	1325.52	87.8378
921	1166.16	117.51
922	1474.89	129.782
923	1484.66	135.152
924	1330.8	125.325
925	1348.05	126.135
926	1388.84	114.798
927	1298.39	108.179
928	1245.79	114.824
929	1512.49	113.22
930	1350.48	132.635
931	1184.28	95.8012
932	1702.93	220.775
933	550.87	99.3433
934	617.887	64.6511
935	1426.9	194.723
936	947.309	132.294
937	799.374	74.4503
938	2719.25	203.974
939	762.886	55.3483
940	623.288	82.4133
941	600.839	53.7706
942	1075.52	114.321
943	791.652	80.729
944	1346.27	134.569
945	1051	118.389
946	1015.74	83.5468
947	957.609	119.046
948	1440.36	120.18
949	898.37	82.4174
950	1311.97	113.819
951	1052.78	111.555
952	1011.13	92.4023
953	1093.23	95.4833
954	1439.42	131.068
955	1108.56	118.494
956	1175.97	128.738
957	1227.44	109.053
958	974.37	97.4424
959	502.514	53.0394
960	1501.41	150.354
961	1839.64	171.468
962	1260.97	82.9527
963	1269.52	118.619
964	1361.41	110.295
965	1703.22	167.241
966	1245.95	112.528
967	1316.19	131.367
968	1313.28	97.9315
969	1626.93	148.791
970	1605.3	170.369
971	1497.86	152.886
972	1359.89	123.067
973	1349.03	121.725
974	1400.36	142.677
975	1633.2	146.61
976	1387.04	134.504
977	1169.47	108.778
978	1538.36	165.214
979	1446.99	112.384
980	3269.26	239.186
981	968.807	75.8258
982	1310.26	112.472
983	775.53	69.4689
984	1094.03	109.273
985	753.481	88.2534
986	1024.01	103.637
987	965.056	119.132
988	1032.22	88.7947
989	1019.41	71.3576
990	1310.57	130.725
991	1029.57	83.189
992	1144.57	118.613
993	1296.3	138.119
994	1182.53	110.139
995	731.58	90.5712
996	1010.1	102.518
997	984.12	92.1824
998	1205.9	94.855
999	996.528	131.783
1000	1345.92	129.999
1001	1278.63	123.237
1002	1472.13	140.319
1003	1348.01	104.959
1004	1273.35	101.478
1005	1350.13	115.933
1006	1387.47	103.208
1007	1614.88	113.661
1008	1397.1	129.551
1009	1266.22	123.846
1010	1549.02	144.43
1011	1250.31	108.916
1012	1349	112.522
1013	1415.93	130.993
1014	1452.73	126.467
1015	1407.95	131.892
1016	1482.52	170.994
1017	1573.6	151.518
1018	1615.82	155.265
1019	1896.96	150.939
1020	2677.04	237.817
1021	1037	107.671
1022	990.65	111.219
1023	3514.49	298.542
1024	1269.68	110.708
1025	1242.63	124.408
1026	1134.84	98.235
1027	1192.21	123.678
1028	1311.92	122.129
1029	1023.75	118.311
1030	1164.52	135.734
1031	1050.68	104.08
1032	1108.51	94.5654
1033	1056.75	74.8123
1034	1645.9	178.513
1035	1172.38	97.8957
1036	854.448	83.6504
1037	1224.83	97.7202
1038	1264.5	109.882
1039	958.701	96.6495
1040	1477.07	130.026
1041	1100.67	97.6054
1042	1731.64	179.77
1043	1474.27	142.193
1044	972.892	81.4807
1045	1200.68	115.09
1046	1254.96	109.25
1047	1497.01	148.883
1048	2367.07	142.203
1049	1382.57	129.277
1050	1526.57	113.65
1051	1274.95	109.495
1052	1267	105.589
1053	2086.7	142.751
1054	1291.72	130.193
1055	1986.06	196.233
1056	1391.9	124.296
1057	1297.25	123.034
1058	1619.27	192.504
1059	1870.12	164.607
1060	3270.73	266.085
1061	845.546	79.6466
1062	973.685	109.25
1063	1160.04	98.0461
1064	883.024	115.129
1065	952.658	105.25
1066	942.748	94.7922
1067	1252.32	117.683
1068	1079.37	99.6353
1069	1123.31	143.065
1070	1063.9	115.39
1071	1217.57	126.012
1072	1162.96	134.302
1073	957.64	125.255
1074	851.208	74.3108
1075	1263.09	131.711
1076	1111.05	107.921
1077	1089.41	89.0132
1078	901.18	84.5036
1079	1093.05	100.672
1080	1985.85	161.116
1081	1486.07	173.624
1082	1142.22	86.4295
1083	1156.08	94.8343
1084	1418.36	108.034
1085	1318.07	109.123
1086	1260.82	104.952
1087	1406.93	134.734
1088	1162.58	93.9103
1089	1064.44	87.4792
1090	1392.13	134.68
1091	1674.78	133.584
1092	1342.57	104.588
1093	1094.87	102.858
1094	1212.9	99.6157
1095	1519.8	158.134
1096	1439.44	138.906
1097	1112.74	107.966
1098	1280.2	130.251
1099	1161.26	87.5963
1100	800.742	83.4927
1101	588.223	71.0694
1102	992.994	96.7207
1103	2852.5	228.6
1104	1069.3	85.5379
1105	1116.19	162.104
1106	1409.59	157.201
1107	1054.37	81.9336
1108	1510.4	175.294
1109	2379.87	180.46
1110	1145.72	115.116
1111	1129.8	163.28
1112	730.547	84.145
1113	1057.84	107.778
1114	712.966	64.6508
1115	1251.95	145.609
1116	747.026	82.7665
1117	945.809	76.9792
1118	1071.42	87.5169
1119	859.838	111.717
1120	1722.27	148.434
1121	1563.01	143.601
1122	1510.03	126.431
1123	1589.68	153.379
1124	1300.99	136.058
1125	1316.67	122.703
1126	1611.51	150.627
1127	1295.23	112.134
1128	1271.35	136.771
1129	1334.4	110.502
1130	1838.89	159.598
1131	1459.66	120.332
1132	1236.58	110.541
1133	1279.26	116.073
1134	1667.71	158.513
1135	1211.83	82.4116
1136	1444.1	114.837
1137	1341.36	110.467
1138	1788.4	158.872
1139	1121.77	80.8938
1140	923.725	79.3391
1141	1377.33	162.521
1142	1009.36	92.7462
1143	1151.6	158.13
1144	658.93	97.9871
1145	1116.46	132.517
1146	806.673	69.9073
1147	1854.64	180.722
1148	873.44	87.6122
1149	954.052	96.0093
1150	1014.83	109.08
1151	841.544	87.5285
1152	945.192	93.7676
1153	997.279	135.401
1154	1138.59	158.463
1155	1161.14	133.553
1156	1149.22	97.0925
1157	1459	149.907
1158	1069.06	90.4012
1159	1119.53	120.185
1160	1633.55	163.766
1161	1155.64	85.0097
1162	1164.52	83.1338
1163	1369.23	110.864
1164	1202.99	154.262
1165	1239.86	102.8
1166	1344.41	107.437
1167	1406.98	121.569
1168	1203.41	114.559
1169	1229.37	106.517
1170	1342.46	151.91
1171	1042.6	83.5874
1172	1331.15	117.953
1173	1291.9	128.983
1174	1481.4	120.113
1175	1809.12	140.486
1176	1877.7	152.059
1177	1540.28	140.082
1178	1353.26	117.39
1179	1472.97	141.817
1180	2968.35	308.951
1181	1005.49	80.8048
1182	1702.28	170.236
1183	829.321	108.827
1184	1016.69	94.5556
1185	1014.99	120.686
1186	1345.75	110.339
1187	959.445	104.823
1188	1090.78	96.2893
1189	1047.55	118.247
1190	2485.75	292.066
1191	698.511	54.6694
1192	1188.12	139.297
1193	1199.03	102.7
1194	1184.24	136.786
1195	984.9	96.8157
1196	1214.92	120.303
1197	830.07	89.6551
1198	983.424	93.4858
1199	872.106	75.6027
1200	1189.5	107.446
1201	1538.7	126.228
1202	1698.9	157.043
1203	1509.22	152.804
1204	1632.62	113.761
1205	1587.21	149.554
1206	1396	107.561
1207	1402.81	104.449
1208	1505.06	132.381
1209	1287.89	126.741
1210	1497.24	123.257
1211	1481.59	111.118
1212	1209.58	98.0537
1213	1813.84	140.433
1214	1498.12	144.535
1215	1515.77	111.656
1216	2069.58	209.41
1217	1588.97	147.76
1218	1434.29	118.158
1219	1201.86	98.0362
1220	2606.11	226.69
1221	1362.02	116.899
1222	1375.81	121.375
1223	1103.43	97.7688
1224	1445.47	178.447
1225	808.745	79.005
1226	1158.83	98.6823
1227	2124.38	145.076
1228	1099.75	116.338
1229	1079.98	126.106
1230	1211.1	116.639
1231	1078.34	97.164
1232	1056.49	95.9326
1233	950.911	77.3835
1234	904.493	77.1086
1235	1096.61	108.443
1236	1357.56	105.381
1237	908.48	91.1197
1238	870.691	75.5334
1239	881.805	76.2822
1240	1571.03	164.511
1241	1239.22	86.4774
1242	1339.02	129.131
1243	1192.89	98.6455
1244	1402.01	120.593
1245	1087.33	84.9964
1246	1148.98	94.582
1247	1108.42	110.761
1248	1003.92	104.059
1249	1803.08	164.777
1250	1327.11	146.086
1251	1468.17	167.837
1252	1385.16	133.528
1253	1491.33	136.886
1254	1293.44	118.701
1255	1357.04	103.152
1256	1460.98	100.714
1257	1581.13	130.178
1258	1628.72	132.314
1259	1605.64	111.619
1260	871.003	68.1764
1261	992.897	111.661
1262	884.858	70.6622
1263	798.553	70.7822
1264	1076.67	124.474
1265	925.304	68.631
1266	1088.21	91.7549
1267	1776.67	146.079
1268	1003.85	93.7823
1269	1174.49	103.889
1270	922.731	84.4961
1271	1202.11	136.421
1272	1095.02	102.715
1273	947.688	76.1461
1274	994.203	106.861
1275	883.411	80.1897
1276	737.675	80.1923
1277	795.748	81.4859
1278	946.892	90.9669
1279	835.534	80.8948
1280	1519.65	128.513
1281	1444.38	136.811
1282	1663.69	122.939
1283	1305.1	102.672
1284	1346.76	122.4
1285	1596.72	166.817
1286	2004.06	190.916
1287	1662.48	121.82
1288	1530.53	124.445
1289	1397.45	116.745
1290	1474.54	97.0779
1291	1551.87	152.643
1292	1539.72	137.092
1293	1409.01	125.757
1294	1284.28	133.463
1295	1678.42	168.5
1296	1260.77	101.139
1297	1684.81	164.357
1298	1207.27	116.01
1299	1281.88	85.083
1300	1305.36	113.695
1301	1285.96	109.324
1302	1639.43	152.049
1303	1323.16	94.0734
1304	1282	112.852
1305	1457.66	122.493
1306	1098.01	77.7576
1307	1297.63	105.887
1308	904.42	75.5713
1309	1574.08	143.001
1310	1504.33	128.704
1311	889.129	105.034
1312	974.41	92.7934
1313	1070.3	107.451
1314	962.791	79.6914
1315	919.917	71.1014
1316	875.615	75.0866
1317	1020.9	102.444
1318	999.399	101.79
1319	1006.13	91.2516
1320	726.163	53.7117
1321	953.768	89.6469
1322	815.299	115.848
1323	758.368	69.5308
1324	917.925	69.7433
1325	851.914	85.3115
1326	2742.61	187.963
1327	787.676	60.4715
1328	1356.52	100.196
1329	1310.95	105.484
1330	1458.16	128.097
1331	1536.15	121.252
1332	1777	167.919
1333	1414.07	88.7198
1334	1522.86	113.487
1335	1525.72	114.118
1336	1305.37	111.993
1337	1113.53	132.206
1338	1324.31	118.757
1339	1178.21	128.623
1340	1692.14	136.373
1341	1417.96	120.717
1342	1661.88	164.238
1343	1479.41	128.191
1344	1109.86	98.4927
1345	1475.68	157.002
1346	1532.44	129.936
1347	1333.66	119.332
1348	1309.8	116.137
1349	1800.2	159.718
1350	1418.68	124.358
1351	1493.13	125.331
1352	1546.63	126.46
1353	1189.97	106.569
1354	1112.46	107.868
1355	1418.81	144.072
1356	868.96	72.9633
1357	819.036	62.0898
1358	851.398	84.9651
1359	808.763	47.0061
1360	855.714	91.8853
1361	747.647	87.9248
1362	1045.46	91.1904
1363	1225.32	97.434
1364	890.776	81.9294
1365	706.417	75.2761
1366	929.954	87.7359
1367	702.845	83.0161
1368	819.17	65.2158
1369	585.292	51.4749
1370	994.937	106.681
1371	1114.64	88.0877
1372	1010.71	68.3178
1373	1136.25	116.577
1374	1109.43	110.211
1375	725.81	69.6507
1376	1641.29	116.531
1377	1306.92	97.2397
1378	1367.32	116.184
1379	1257.71	114.161
1380	1661.28	124.244
1381	1392.82	122.537
1382	1324.59	96.3416
1383	1227.73	95.4375
1384	1293.15	102.205
1385	1550.73	133.536
1386	1440.67	101.844
1387	1420.07	129.943
1388	1488.58	136.568
1389	1133.3	100.552
1390	1174.8	128.991
1391	1403.87	122.917
1392	1315.46	90.7086
1393	1249.07	95.4734
1394	1228.5	107.601
1395	1317.87	119.371
1396	1478.46	113.809
1397	1618.85	130.836
1398	1213.62	108.974
1399	1226.99	110.002
1400	1234.04	91.205
1401	1108.5	72.2844
1402	1421.93	129.717
1403	1278.34	90.1029
1404	802.504	77.1076
1405	1090.91	145.038
1406	961.106	82.7546
1407	800.395	71.4987
1408	1029.08	98.7117
1409	869.958	89.3417
1410	1327.99	112.566
1411	1269.68	104.971
1412	942.054	101.938
1413	866.14	61.1169
1414	830.125	82.2022
1415	981.922	68.363
1416	768.147	81.3688
1417	746.496	84.4047
1418	1116.79	93.1353
1419	932.752	87.5238
1420	1110.09	131.808
1421	1013	80.17
1422	1240.17	111.724
1423	921.846	98.8426
1424	1216.25	108.227
1425	1584.81	150.242
1426	1266.79	113.964
1427	1233.98	125.961
1428	1608.06	123.996
1429	1552.53	112.067
1430	1771.82	145.044
1431	1377.18	105.052
1432	1177.18	116.803
1433	1182.27	97.9238
1434	1286.3	104.007
1435	1693.26	139.292
1436	1498.96	118.42
1437	1219.21	104.458
1438	1191.17	103.986
1439	1428.91	128.762
1440	1355	141.883
1441	1237.49	113.056
1442	1270.84	119.638
1443	1419.04	120.249
1444	1543.69	119.394
1445	1334.55	137.389
1446	1372.74	126.371
1447	1189.83	115.309
1448	1253	87.8252
1449	1334.93	117.039
1450	1448.78	98.0582
1451	1376.58	112.105
1452	2726.66	235.279
1453	1000.9	74.7886
1454	842.746	90.504
1455	1114.85	99.9705
1456	818.026	81.4817
1457	1245.77	138.097
1458	976.869	96.1421
1459	681.207	51.0819
1460	1341.01	117.52
1461	860.068	86.5809
1462	934.22	82.9158
1463	595.796	65.9958
1464	858.107	76.9356
1465	1781.45	143.318
1466	903.693	73.3715
1467	967.636	76.3062
1468	908.067	64.3282
1469	975.388	95.6221
1470	1058.9	97.8743
1471	768.755	71.7245
1472	1105.95	81.3948
1473	1313.89	110.43
1474	1210.01	101.892
1475	1284.06	102.343
1476	1785.97	135.204
1477	1322.83	107.607
1478	1412.42	115.109
1479	1537.78	109.194
1480	1168.88	74.6907
1481	1313.97	131.3
1482	1428.56	110.678
1483	1431.05	124.756
1484	1387.81	115.897
1485	1677.07	153.256
1486	1426.84	116.815
1487	1566.7	122.6
1488	2242.99	202.406
1489	1516.16	158.513
1490	1253.33	103.48
1491	1222.84	98.0483
1492	1579.15	116.517
1493	1182.82	93.2865
1494	1200.55	108.482
1495	1323.54	113.6
1496	1182.19	86.9582
1497	1208.18	123.945
1498	647.12	65.5044
1499	1182.39	89.7606
1500	1192.66	113.077
1501	897.947	71.4625
1502	1193.49	135.838
1503	1010.22	96.7027
1504	1790.04	153.669
1505	1407.37	116.938
1506	1206.73	76.2975
1507	885.404	49.838
1508	1283.95	105.179
1509	1041.76	84.4446
1510	2572.81	259.247
1511	1073.67	91.0475
1512	961.62	85.5246
1513	942.318	103.464
1514	1073.67	120.515
1515	1042.76	110.521
1516	882.318	102.936
1517	1108.54	74.5685
1518	1035.99	89.1941
1519	945.055	98.6809
1520	1374.09	105.882
1521	1640.47	132.098
1522	1472.26	122.202
1523	1348.43	109.075
1524	488.147	56.211
1525	1335.87	104.73
1526	1290.79	96.3585
1527	1565.68	108.29
1528	1510.38	165.223
1529	1463.52	109.236
1530	1725.72	154.245
1531	1452.06	129.121
1532	1314.28	106.236
1533	1660.94	138.524
1534	1422.32	110.402
1535	1737	142.591
1536	1460.52	106.595
1537	1391.54	114.365
1538	1312.01	128.454
1539	1332.79	112.214
1540	1356.22	104.005
1541	1703.89	137.974
1542	1239.19	88.7261
1543	1076.72	96.5314
1544	1263.5	117.888
1545	1485.07	115.384
1546	1426.32	113.494
1547	1162.12	103.935
1548	1391.16	133.689
1549	1157.12	110.963
1550	1226.9	124.432
1551	1110.41	85.6964
1552	1236.56	123.958
1553	1197.08	72.4668
1554	1254.49	73.7256
1555	1253.77	108.755
1556	1038.66	96.6333
1557	879.697	78.3629
1558	1005.84	98.3967
1559	1191	81.3569
1560	1073.56	106.117
1561	1275.47	113.568
1562	1029.48	103.37
1563	1140.88	100.007
1564	1003.2	78.1057
1565	957.675	86.1669
1566	949.995	109.018
1567	1127.74	101.355
1568	1382.83	137.691
1569	1757.88	149.761
1570	1407.13	110.546
1571	1273.33	134.33
1572	1262.29	116.671
1573	1624.69	144.815
1574	1131.78	107.244
1575	1330.02	88.6883
1576	1240.03	131.897
1577	1286.46	99.2712
1578	1414.13	131.15
1579	1760.19	106.71
1580	1527.57	119.309
1581	1470.46	108.506
1582	1345.59	124.396
1583	1552.9	140.016
1584	1776.87	143.953
1585	1470.79	117.185
1586	1474.79	123.925
1587	1428.12	90.3581
1588	1274.49	111.08
1589	1445.67	136.009
1590	1274.51	99.3299
1591	1219.87	106.305
1592	1335.51	118.315
1593	1725.1	143.189
1594	1475.43	135.381
1595	1515.26	133.647
1596	1288.44	92.0203
1597	1224.38	87.4397
1598	1113.58	109.452
1599	1365.31	137.297
1600	996.428	95.969
1601	1041.17	79.6739
1602	1642.98	133.01
1603	1133.56	80.3668
1604	1035.03	92.0474
1605	1325.48	116.496
1606	1124.16	102.919
1607	1206.43	106.46
1608	1033.26	103.642
1609	950.704	103.586
1610	1055.33	98.7365
1611	1137.13	100.376
1612	2536.09	182.193
1613	1078.29	106.21
1614	992.796	79.8378
1615	1037.73	115.021
1616	1551.91	127.823
1617	1477.93	120.375
1618	1511.91	110.02
1619	1563.4	129.727
1620	1735.59	140.008
1621	822.334	79.1679
1622	1655.21	99.6666
1623	1723.27	137.023
1624	1338.66	102.223
1625	1304.29	96.2941
1626	1470.18	122.67
1627	1341.1	115.853
1628	1607.19	147.858
1629	1292.14	119.697
1630	1384.17	112.918
1631	757.812	62.1852
1632	1126.17	91.131
1633	1210.61	99.6705
1634	1380.88	115.78
1635	1712.04	144.639
1636	1527.8	138.557
1637	1340.01	102.525
1638	1475.88	123.394
1639	1213.99	96.1134
1640	1383.01	136.674
1641	1321.22	80.4297
1642	1297.04	133.735
1643	1323.37	101.91
1644	1102.54	87.5281
1645	958.14	74.3381
1646	1181.34	77.4504
1647	1361.38	199.186
1648	1203.4	124.082
1649	847.756	60.7287
1650	1285.15	107.551
1651	1012.3	68.1603
1652	1099.91	106.976
1653	2927.96	244.749
1654	1132.21	101.52
1655	831.384	74.8317
1656	1091.03	96.3854
1657	1158.5	106.342
1658	1067.92	103.072
1659	1251	122.87
1660	1227.9	108.609
1661	870.849	84.0417
1662	1219.93	123.022
1663	1053.34	79.8181
1664	1064.63	92.8089
1665	1263.42	111.052
1666	1316.09	82.3707
1667	1135.92	90.222
1668	1288.48	95.6674
1669	1171.95	93.4234
1670	1307.48	74.9598
1671	1527.02	120.57
1672	1404.46	169.591
1673	1187.85	93.2762
1674	1706.4	126.988
1675	1470	145.555
1676	1316.22	122.612
1677	1607.4	118.682
1678	1399.07	98.4786
1679	1537.09	124.965
1680	1810.37	136.638
1681	1468.98	120.464
1682	1265.3	104.762
1683	2107.27	184.423
1684	1364.5	122.186
1685	1532.14	132.747
1686	1607.2	126.561
1687	1453.18	116.94
1689	1439.11	130.473
1690	1276	113.9
1691	1295.1	90.5018
1692	1204.68	110.381
1693	1249.75	95.8345
1694	1270.36	106.109
1695	1229.28	104.133
1696	1108.34	115.965
1697	1179.6	108.302
1698	1075.93	95.8297
1699	931.704	80.7602
1700	1098.22	95.789
1701	1235.2	124.763
1702	983.022	96.8849
1703	1045.73	113.351
1704	1077.75	115.335
1705	1076.36	106.613
1706	956.558	100.991
1707	1201.71	100.059
1708	1360.51	118.532
1709	1127.21	106.637
1710	1075.04	88.0243
1711	1512.61	141.662
1712	1470.63	131.13
1713	1094.97	70.5718
1714	1390.89	93.2404
1715	1261.19	105.852
1716	1529.25	143.214
1717	1309.97	84.2909
1718	1522	132.012
1719	1509.02	90.0885
1720	1669.01	138.032
1721	1555.04	121.997
1722	1818.97	107.099
1723	1433.89	132.704
1724	1300.53	144.975
1725	1309.53	96.2014
1726	1703.67	152.347
1727	1410.27	109.682
1728	1328.7	100.527
1729	1662.36	104.937
1730	1402.35	105.726
1731	1367.97	109.895
1732	1449.76	108.374
1733	1630.14	145.218
1734	1550.35	108.283
1735	1025.89	107.724
1736	1343.2	114.025
1737	1477.92	129.357
1738	1475.21	128.982
1739	1600.24	123.528
1740	984.667	104.498
1741	1131.25	93.5425
1742	1489.25	154.729
1743	1170.75	105.656
1744	947.7	101.344
1745	877.502	98.9363
1746	814.701	80.3852
1747	991.117	84.6211
1748	1045.04	119.793
1749	965.345	76.2785
1750	1221.03	127.459
1751	961.622	85.8751
1752	986.021	113.88
1753	892.872	84.4043
1754	1091.56	94.1145
1755	674.857	61.6143
1756	968.151	103.967
1757	746.012	78.6887
1758	1149.7	95.7794
1759	900.428	89.5795
1760	1190.89	101.212
1761	1097.47	112.538
1762	1333.2	99.6074
1763	1528.96	136.665
1764	1403.53	142.233
1765	1783.72	136.173
1766	1420.64	135.144
1767	1338.37	101.759
1768	1197.53	106.366
1769	1214.74	89.0311
1770	1595.92	129.312
1771	1238.41	93.3976
1772	1263.56	102.901
1773	1319.22	131.837
1774	1330.05	120.621
1775	1549.39	101.341
1776	1099.99	82.7224
1777	1375.83	118.05
1778	1481.98	123.159
1779	1355	120.355
1780	1497.22	116.807
1781	1406.58	116.259
1782	1522.37	154.167
1783	1604.14	116.74
1784	2703.43	212.124
1785	1445.5	116.27
1786	1279.99	100.977
1787	1357.79	97.0081
1788	981.578	91.6044
1789	1222.48	95.1042
1790	478.644	33.3255
1791	1170.91	122.415
1792	995.199	93.2326
1793	1239.93	105.213
1794	858.039	74.1316
1795	1014.8	111.384
1796	1203.75	133.24
1797	1097.52	121.805
1798	1220.59	121.614
1799	493.329	43.375
1800	892.988	82.1512
1801	1000.88	91.6487
1802	1067.71	92.5729
1803	1052.48	112.083
1804	1022	98.4541
1805	951.585	90.2127
1806	1056.18	101.003
1807	995.452	86.8517
1808	1588.48	137.646
1809	1446.36	111.636
1810	1342.34	127.984
1811	1446.66	106.124
1812	1591.79	157.16
1813	1331.24	94.4334
1814	1299.72	94.65
1815	1207.3	101.592
1816	1516.79	118.569
1817	1272.89	91.7038
1818	1337.46	108.335
1819	1131.76	83.8904
1820	1254.13	90.955
1821	1408.35	85.0605
1822	1393.12	107.82
1823	1240.45	86.5689
1824	1182.89	84.5237
1825	1178.18	83.3562
1826	1448.14	149.474
1827	1160.66	103.825
1828	1228.66	116.616
1829	1479.35	107.123
1830	881.73	91.8139
1831	1342.25	103.935
1832	1138.12	94.8111
1833	1372.95	111.578
1834	1251.51	119.195
1835	1614.84	131.1
1836	1051.83	95.5903
1837	1057.78	81.1023
1838	1000.24	83.1112
1839	1021.61	90.1919
1840	987.342	85.0142
1841	1052.22	81.3388
1842	1101.76	92.9772
1843	971.322	105.415
1844	1310.99	150.255
1845	1021.63	113.303
1846	1157.59	93.6099
1847	818.041	80.3422
1848	1126.94	113.063
1849	1048.85	90.7929
1850	1402.15	141.895
1851	1011.53	88.0303
1852	1151.82	94.8036
1853	1101.26	122.763
1854	1102.66	107.038
1855	1086.29	96.826
1856	1431.1	124.896
1857	1266.25	86.2966
1858	1429.79	96.7399
1859	1458.31	115.632
1860	1319.31	116.275
1861	1322.13	106.647
1862	1066.2	107.364
1863	1243.64	94.4263
1864	1676.37	136.318
1865	1261.55	104.831
1866	1189.81	103.275
1867	1270.7	98.7363
1868	1283.8	100.207
1869	1693.59	144.228
1870	1478.21	104.734
1871	1242.32	107.132
1872	1142.92	114.018
1873	1311.73	103.986
1874	972.541	83.4432
1875	1182.41	98.2851
1876	1309.64	108.068
1877	1568.12	99.4181
1878	1283.2	102.234
1879	2042.6	160.913
1880	1558.56	132.676
1881	1343.8	115.101
1882	1240.27	118.926
1883	1371.66	99.1385
1884	1625.75	179.291
1885	924.616	92.1762
1886	980.501	99.4417
1887	1098.57	98.7796
1888	920.912	95.6355
1889	758.775	80.2532
1890	901.505	93.3807
1891	905.492	90.7342
1892	823.64	80.417
1893	904.851	95.6795
1894	938.072	92.1241
1895	827.629	80.7573
1896	1019.49	93.823
1897	859.899	65.9109
1898	378.095	50.3483
1899	504.243	100.038
1900	861.116	75.2613
1901	1016.87	119.966
1902	970.863	111.747
1903	2456.79	221.453
1904	1497.13	142.92
1905	1604.26	144.536
1906	1076.14	77.6463
1907	1582.19	129.211
1908	1342.22	122.201
1909	1309.55	112.419
1910	1378.91	119.666
1911	1477.67	179.239
1912	1496.73	125.917
1913	1269.64	97.4443
1914	1724.55	167.325
1915	1254.39	102.799
1916	1198.13	90.2448
1917	1273.34	115.185
1918	1440.31	120.538
1919	1462.79	141.29
1920	1271.61	91.4721
1921	1171.51	93.7227
1922	1353.29	115.396
1923	1230.94	86.6083
1924	1167.83	103.843
1925	964.637	87.0823
1926	1390	132.741
1927	750.003	75.1766
1928	1677.54	195.078
1929	1177.67	116.042
1930	1230.8	93.186
1931	1188.77	84.1391
1932	805.936	57.9107
1933	890.799	77.5849
1934	1106.7	96.9818
1935	852.855	65.1329
1936	908.579	78.7819
1937	920.861	83.8268
1938	1013.61	72.3992
1939	818.892	76.3629
1940	1906.28	165.866
1941	1369	123.06
1942	1320.75	140.476
1943	739.256	87.3293
1944	1212.28	150.443
1945	1067.62	95.6876
1946	778.51	80.6697
1947	962.789	89.4244
1948	1161.53	110.948
1949	859.679	91.5765
1950	997.431	92.6865
1951	811.36	86.4254
1952	1273.59	95.9139
1953	1319.79	120.717
1954	1257.93	93.9227
1955	1793.62	141.434
1956	1614.5	119.117
1957	1631.7	117.266
1958	1352.87	123.412
1959	1475.92	109.988
1960	1323.49	99.9303
1961	1562.18	157.248
1962	1513.09	135.063
1963	1426.59	139.762
1964	2047.92	215.158
1965	1437.86	131.068
1966	1645.5	138.044
1967	1213.64	106.209
1968	1863.09	159.176
1969	1593.59	123.244
1970	1097.32	74.7477
1971	1388.93	107.159
1972	1365.81	84.2276
1973	1517.84	117.331
1974	1264.34	109.767
1975	1465.63	111.013
1976	1472.47	117.439
1977	1241.2	103.848
1978	1248.55	111.616
1979	1236.38	102.248
1980	946.423	82.2268
1981	954.097	100.282
1982	1156.37	84.4569
1983	1195.65	110.037
1984	933.738	95.1569
1985	890.712	70.2672
1986	3224.87	231.614
1987	2639.2	195.953
1988	885.57	74.8961
1989	845.732	80.4502
1990	900.637	85.273
1991	909.477	76.7506
1992	1254.21	114.262
1993	937.278	91.569
1994	880.357	72.405
1995	1047.74	74.3936
1996	1114.93	104.238
1997	1186.54	104.226
1998	851.297	64.208
1999	783.006	73.7072
2000	1193	114.152
2001	1178.41	101.944
2002	1209.8	91.5212
2003	1293.48	132.338
2004	1616.89	106.913
2005	1355.92	94.8216
2006	756.49	76.0585
2007	1122.32	112.927
2008	1299.08	88.8961
2009	1469.61	138.446
2010	1354.53	118.447
2011	1284.68	100.684
2012	1307.13	92.7123
2013	1014.9	85.1656
2014	1379.17	87.0496
2015	1380.59	111.941
2016	1002.91	80.7342
2017	1446.13	85.2312
2018	1457.52	106.759
2019	1123.07	90.7698
2020	1112.39	122.854
2021	1356.12	121.919
2022	1290.97	91.4065
2023	1459.38	118.232
2024	1778.52	156.116
2025	1395.1	99.6451
2026	995.632	81.7416
2027	1077.46	95.4123
2028	963.48	99.6847
2029	1054.18	108.341
2030	865.974	65.374
2031	1053.44	104.387
2032	989.717	84.6847
2033	1088.12	99.718
2034	939.121	110.962
2035	1329.39	101.264
2036	1012.01	104.926
2037	993.347	112.35
2038	975.304	117.031
2039	784.442	86.4565
2040	1345.55	123.077
2041	858.271	77.3512
2042	1076.45	106.162
2043	1035.18	109.671
2044	1331.41	127.747
2045	1076.38	102.717
2046	1430.29	145.409
2047	850.97	95.4087
2048	1304.21	112.292
2049	1335.48	113.641
2050	1532.65	122.95
2051	1365.23	97.1493
2052	1390.45	115.958
2053	1243.62	99.788
2054	1255.83	102.632
2055	1264.89	127.786
2056	1411.16	100.821
2057	1253.16	119.08
2058	1271.23	121.123
2059	996.097	105.234
2060	1400	134.492
2061	1271.84	98.6791
2062	1206.23	97.058
2063	1353.34	108.183
2064	1264.33	115.895
2065	1475.45	137.352
2066	1374.51	118.145
2067	1301.06	93.4026
2068	1038.93	99.5015
2069	1247.54	110.435
2070	1116.45	81.4752
2071	1479.92	115.562
2072	1834.51	157.02
2073	1322.98	101.403
2074	856.87	57.3871
2075	1312.17	92.2382
2076	934.459	68.2827
2077	920.707	71.4597
2078	916.51	115.879
2079	1258.79	107.961
2080	922.144	107.743
2081	1409.43	147.17
2082	1131.02	97.1356
2083	935.767	104.982
2084	945.613	94.3441
2085	731.836	44.8647
2086	858.731	112.43
2087	864.639	73.2295
2088	770.612	80.4377
2089	856.418	97.1955
2090	1146.29	96.4238
2091	1003.95	104.895
2092	951.7	84.8665
2093	944.132	72.1914
2094	860.84	62.5204
2095	623.431	55.452
2096	1131.99	97.4717
2097	1332.36	117.145
2098	859.938	66.5135
2099	1383.22	120.98
2100	1372.62	121.999
2101	1208.34	91.0478
2102	1341.42	106.331
2103	1338.96	131.977
2104	1323.92	115.827
2105	1179.3	86.783
2106	1400.11	130.971
2107	1362.17	111.847
2108	1570.61	117.339
2109	1146.9	83.7231
2110	1133.31	82.5858
2111	1196.36	104.24
2112	1339.45	122.42
2114	1260.19	94.4708
2115	1224.31	103.678
2116	1453.13	106.299
2117	1648.52	123.567
2118	880.052	70.2295
2119	1535.82	141.225
2120	1550.12	140.95
2121	1155.1	97.7342
2122	1406.15	106.303
2123	1147.77	112.771
2124	1130.27	88.1144
2125	1190.06	94.5142
2126	911.962	81.444
2127	1179.62	124.455
2128	703.14	74.6916
2129	1066.96	103.197
2130	986.432	86.0994
2131	931.688	107.902
2132	952.835	109.174
2133	930.877	96.8389
2134	897.292	85.9139
2135	993.82	84.1375
2136	1143.97	112.676
2137	1037.19	106.214
2138	985.882	106.748
2139	3597.97	261.07
2140	1092.59	99.4955
2141	1257.08	98.4505
2142	1230.47	131.027
2143	1004.75	90.5469
2144	1449.76	178.922
2145	1408.86	114.828
2146	1078.21	100.398
2147	1379.67	152.986
2148	1310.08	94.3761
2149	1576.39	115.646
2150	1113.22	89.2486
2151	1067.68	84.9247
2152	1219.36	85.7377
2153	1102.01	105.161
2154	1484.73	117.226
2155	1149.67	104.385
2156	1033.12	88.7861
2157	1326.7	125.983
2158	1352.11	112.768
2159	1011.28	65.0951
2160	1433.04	115.81
2161	866.688	66.2719
2162	1089.77	91.7839
2163	1013.37	63.9721
2164	1269.33	115.412
2165	1197.45	105.601
2166	1295.1	82.2641
2167	1250	103.98
2168	1193.24	108.802
2169	1934.66	169.147
2170	1172.84	99.2219
2171	1315.81	88.9283
2172	1414.82	154.153
2173	1090.78	99.4711
2174	622.79	66.9259
2175	933.188	103.605
2176	986.427	98.9134
2177	1203.9	123.997
2178	781.802	71.8843
2179	711.575	72.5857
2180	953.621	92.0212
2181	1039.76	85.0853
2182	1152.89	124.992
2183	935.09	86.3258
2184	1147.62	122.455
2185	1061.44	91.483
2186	1492.05	141.901
2187	889.998	79.8708
2188	1027.51	76.8469
2189	677.455	64.2794
2190	3038.35	238.309
2191	773.751	86.4215
2192	1173.14	89.4552
2193	1378.35	106.14
2194	1207.75	98.2928
2195	1275.54	100.219
2196	1063.88	78.3939
2197	1424.06	118.011
2198	1191.15	135.459
2199	1217.89	124.383
2200	2482.82	208.437
2201	1622.9	149.298
2202	1175.88	100.368
2203	1097.59	114.441
2204	1186.87	105.334
2205	1320.76	104.526
2206	1150.68	79.9943
2207	1206.28	90.3944
2208	999.471	97.9377
2209	1154.53	95.6264
2210	1413.02	107.951
2211	1122.06	93.8652
2212	1582.43	138.691
2213	1501.08	133.267
2214	1096.39	80.9795
2215	1421.03	120.073
2216	1466.37	136.077
2217	1521.62	137.645
2218	1223.36	91.2202
2219	1029.92	85.1009
2220	1158.7	116.684
2221	605.813	64.6012
2222	2305.12	175.797
2223	2612.11	217.58
2224	906.802	90.6445
2225	976.158	109.687
2226	724.028	41.1658
2227	1227.6	127.441
2228	787.192	66.248
2229	1262.86	109.075
2230	918.66	81.5189
2231	840.813	106.094
2232	1221.04	110.278
2233	1168.08	114.266
2234	1006.8	105.209
2235	1027.67	110.844
2236	802.61	69.7877
2237	965.8	78.6771
2238	953.167	95.8832
2239	745.881	82.292
2360	1081.77	89.4613
2361	627.571	45.5963
2362	1788.1	150.069
2363	923.03	82.3293
2364	1118.52	89.6231
2365	1319.14	97.4152
2366	1207.98	86.5644
2367	1032.28	74.5993
2368	1455.71	116.01
2369	1145.84	89.6317
2370	1412.91	111.343
2371	1073.62	85.6781
2372	1410.51	106.059
2373	1778.46	128.787
2374	1675.79	112.412
2375	1410.38	101.966
2376	1465.34	97.035
2377	1436.53	94.6334
2378	1656.89	111.835
2379	1242.43	78.5377
2380	1583.07	114.3
2381	1358.37	98.8861
2382	1143.28	85.2854
2383	1038.73	74.775
2384	1201.63	75.3395
2385	1387.71	93.0364
2386	1720.46	116.419
2387	1441.59	107.538
2388	1492.45	101.58
2389	1568.33	124.649
2390	861.532	59.511
2391	1478.96	98.4372
2392	1594.9	119.33
2393	1415.1	108.307
2394	1524.74	97.8763
2395	1178.42	72.9508
2396	1426.66	97.2683
2397	1949.87	130.413
2398	1573.55	112.89
2399	970.429	58.8839
2400	1232.36	93.711
2401	966.321	71.9323
2402	1295.3	82.6261
2403	1276.12	86.6724
2404	1424.21	100.08
2405	1596.26	123.992
2406	1402.4	113.698
2407	1322.05	90.907
2408	1336.84	99.6173
2409	1388.98	93.8593
2410	1467.42	120.861
2411	981.533	81.4227
2412	1492.77	108.62
2413	1135.1	92.906
2414	1839.94	136.936
2415	1813.65	94.2625
2416	1123.12	78.2283
2417	2017.99	161.815
2418	1650.22	130.911
2419	1791.94	135.41
2420	1519.47	118.95
2421	1286.46	86.6378
2422	2190.06	144.132
2423	1190.05	78.6268
2424	1505.18	115.753
2425	1497.8	116.582
2426	1560.18	113.802
2427	1473	93.6811
2428	2148.12	147.715
2429	1983.51	148.355
2430	1130.43	97.0513
2431	1174.71	87.135
2432	1463.51	112.847
2433	1320.82	89.4317
2434	-2682.17	314.376
2435	1650.06	195.368
2436	1393.83	101.969
2437	1646.28	125.23
2438	1332.2	92.0285
2439	1189.26	88.7668
2440	1666.66	119.89
2441	1263.48	111.476
2442	1394.14	114.098
2443	1408.41	119.209
2444	1142.22	80.9752
2445	1042.63	76.8399
2446	1500.23	105.796
2447	807.753	62.7149
2448	889.069	65.867
2449	1416.32	93.3604
2450	778.098	49.7067
2451	1318.06	99.2016
2452	1621.93	127.314
2453	1310.49	104.234
2454	1254.75	95.1506
2456	1919.27	153.77
2457	1961.42	154.449
2458	1281.55	98.3375
2459	1005.67	69.9666
2460	904.243	69.4381
2461	1352.37	92.6404
2462	1112.81	82.3317
2463	1251.42	96.6099
2464	1325.55	105.404
2465	1217.64	85.3744
2466	1220.9	104.522
2467	992.266	77.5219
2468	1011.63	69.0923
2469	1463.19	113.889
2470	939.729	67.0544
2471	1168.02	72.5689
2472	1773.72	111.968
2473	1856.88	112.21
2474	2143.95	144.784
2475	1626.58	122.475
2476	1612.02	111.52
2477	896.903	65.6996
2478	1444.78	124.917
2479	1658.02	204.782
2480	1069.96	82.5841
2481	1157.59	92.3004
2482	1254.68	85.4493
2483	1407.39	107.5
2484	1076.14	81.3455
2485	1151.14	83.7766
2486	1111.31	78.1785
2487	1677.22	118.3
2488	1398.07	87.1758
2489	1057.26	72.6667
2490	1158.6	99.2121
2491	1615	132.625
2492	833.446	68.9395
2493	1705.65	114.79
2494	1675.1	122.26
2495	1232.87	91.3389
2496	1202.26	100.252
2497	971.628	66.7835
2498	1445.71	104.142
2499	1333.43	94.0798
2500	1808.88	123.692
2501	1559.77	117.684
2502	923.853	71.193
2503	1662.98	122.717
2504	1241.18	90.394
2505	6414.38	8151.52
2506	1129.51	84.3674
2507	1700.68	141.605
2508	1315.32	90.935
2509	1304.7	88.5163
2510	1380.62	100.446
2511	1061.57	89.0514
2512	1270.15	87.4552
2513	1141.83	90.3282
2514	916.121	68.2252
2515	1157.74	73.4006
2516	1562.24	120.449
2517	1091.41	77.6559
2518	976.63	76.0289
2519	1113.8	90.4083
2520	1092.29	86.6336
2521	1506.83	113.997
2522	1809.73	134.049
2523	919.627	78.5816
2524	1611.3	119.622
2525	1207.77	118.297
2526	1326.03	100.163
2527	1137.64	496.826
2528	1183.91	82.1098
2529	1406.55	106.744
2530	1387.3	97.7572
2531	1423.36	105.502
2532	1153.66	84.5882
2533	1202.85	78.4403
2534	1287.14	88.9043
2535	1375.25	85.7247
2536	1076.23	72.9907
2537	912.482	78.2399
2538	1236.25	104.277
2539	668.62	50.1902
2540	1945.86	141.101
2541	1578.7	104.392
2542	1367.19	113.294
2543	1089.3	87.6337
2544	1388.09	102.361
2545	1421.99	93.5476
2546	1313.91	99.2555
2547	1551.3	109.249
2548	1165.2	102.457
2549	1502.25	97.9059
2550	569.567	53.2262
2551	1822.13	115.197
2552	1222.23	76.4571
2553	984.891	67.4261
2554	1224.13	114.588
2555	1062.5	82.696
2556	1609.6	115.755
2557	1108.91	83.9539
2558	1716.9	107.087
2559	1767.29	125.847
2560	1088.89	94.6381
2561	1060.89	86.6988
2562	1451.44	113.534
2563	1957.16	124.028
2564	1181.73	85.8026
2565	1312.73	92.3152
2566	1121.79	84.5953
2567	2088.98	183.826
2568	1140.78	87.0951
2569	1808.47	119.858
2570	1224.89	98.4653
2571	1268.31	83.5563
2572	937.224	67.9708
2573	1380.05	96.6823
2574	1271.09	79.1116
2575	1393.25	98.5405
2576	1296.47	106.354
2577	1257.97	100.525
2578	995.363	64.1678
2579	852.113	56.3803
2580	1911.42	131.928
2581	905.683	69.2329
2582	1862.21	121.871
2583	1480.66	127.976
2584	1204.04	98.2474
2585	1177.77	100.561
2586	1092.58	94.4617
2587	870.346	65.4014
2588	997.334	86.3643
2589	1365.79	100.896
2590	970.015	67.4622
2591	1076.33	79.6766
2592	1352.05	104.794
2593	1085.37	79.8095
2594	1568.85	112.523
2595	1401.44	100.926
