0	1157.64	115.35
1	1167.94	111.72
2	1690.89	183.319
3	1193.69	112.92
4	1307.27	140.044
5	1177.88	125.98
6	853.081	112.731
7	1221.62	128.88
8	1179.89	116.028
9	1180.35	121.857
10	1152.82	128.644
11	1345.97	238.16
12	1184.28	113.591
13	1512.27	146.978
14	1286.85	112.263
15	1192.36	119.711
16	1520.48	138.7
17	1223.84	129.606
18	1204.61	119.819
19	1301.93	153.622
20	1498.36	127.02
21	1169.89	126.139
22	1041.96	101.011
23	907.439	99.5214
24	831.925	93.7847
25	1177.08	124.542
26	1049.96	96.7084
27	880.432	102.252
28	1123.68	153.914
29	1035.91	113.441
30	1050.83	102.056
31	948.455	94.8199
32	1209.63	131.259
33	1049.6	103.871
34	1185.78	128.388
35	1167.11	127.571
36	763.63	71.3481
37	1169.68	113.873
38	983.935	95.4302
39	984.795	108.434
40	975.751	107.111
41	945.751	89.8634
42	1162.96	110.947
43	886.836	93.6545
44	822.753	94.7451
45	736.204	61.0253
46	802.6	87.9626
47	1196.77	109.632
48	1160.64	108.368
49	1189.09	114.496
50	1193.95	109.557
51	1182.06	114.017
52	1164.17	102.505
53	1253.36	116.011
54	1587.24	158.003
55	1176.3	114.348
56	1173.4	119.273
57	1223.24	126.046
58	1198.53	128.993
59	1510.67	129.792
60	1169.1	108.386
61	1393.65	138.954
62	1184.17	116.965
63	1181.36	127.762
64	1156.68	113.619
65	1385.12	147.498
66	1301.14	128.245
67	1333.46	125.057
68	1184.76	113.23
69	1073.46	114.188
70	1007.11	133.847
71	921.343	109.48
72	703.806	89.9558
73	1038.59	85.4571
74	1030.74	93.9684
75	1137.75	94.574
76	935.33	93.7116
77	1167.92	120.817
78	1131.06	135.804
79	785.106	82.1161
80	939.666	80.9748
81	866.745	92.6985
82	938.807	96.0547
83	1203.79	140.367
84	951.133	90.7772
85	1144.96	117.091
86	1052.81	102.903
87	1167.5	139.565
88	791.202	90.6063
89	969.934	104.037
90	1040.56	118.329
91	1015.47	112.57
92	782.972	88.1554
93	1079.99	119.058
94	1013.38	91.0768
95	1172.73	132.009
96	1208.69	118.143
97	1526.05	135.574
98	1541.59	138.91
99	1231.06	125.169
100	1167.71	110.666
101	1176.1	112.469
102	1162.18	105.56
103	1469.66	165.41
104	1187.62	117.056
105	1183.02	119.316
106	1340.03	135.178
107	1698.25	187.416
108	1361.09	138.693
109	1191.9	114.287
110	1167.09	123.838
111	1903.43	162.054
112	1220.38	132.71
113	1162.91	135.514
114	1180.77	108.258
115	1212.02	116.11
116	1175.63	108.898
117	986.291	101.458
118	1073.41	122.695
119	1046.33	99.7591
120	943.601	85.4069
121	1046.08	100.685
122	1176.03	116.635
123	1160.15	121.748
124	923.603	106.447
125	1036.4	103.844
126	1037.11	112.478
127	832.531	102.475
128	1072.12	116.804
129	670.695	67.2932
130	1034.88	95.0653
131	869.599	89.9746
132	784.759	86.4415
133	872.351	79.5287
134	1116.96	113.33
135	1154.61	108.876
136	1194.06	133.493
137	1035.46	101.719
138	922.514	102.477
139	865.421	86.1525
140	1050.57	121.411
141	1213.52	151.022
142	1165.44	127.291
143	977.831	108.005
144	1177.46	118.537
145	1161.51	115.138
146	1181.6	114.168
147	1391.98	138.205
148	1160.68	104.623
149	1395.76	148.965
150	1293.41	135.834
151	1173.34	111.26
152	1169.12	112.256
153	1542.62	144.615
154	1542.2	157.519
155	1181.9	116.534
156	1359.26	130.134
157	1427.09	139.174
158	1823.97	169.274
159	1288.36	128.702
160	1665.85	154.048
161	1590.19	146.831
162	1155.95	102.628
163	1166.95	117.482
164	1300.71	129.212
165	949.092	88.5887
166	964.978	101.469
167	785.129	77.0482
168	928.299	124.039
169	1017.24	98.7289
170	1050.58	96.9621
171	1172.53	119.572
172	1197.92	146.452
173	1070.32	108.225
174	1134.65	100.022
175	1172.72	138.733
176	912.894	96.9994
177	872.039	93.8282
178	1137.16	120.964
179	1045.92	114.147
180	869.057	86.1253
181	956.028	92.1465
182	1065.44	122.471
183	1191.67	126.119
184	1199.56	122.101
185	756.733	76.707
186	1160.8	142.175
187	958.269	96.1571
188	1120.59	113.478
189	1105.03	96.3507
190	902.526	104.601
191	336.497	28.4413
192	1564.21	153.328
193	1157.54	104.631
194	1216.38	119.904
195	1185.8	108.827
196	1275.83	122.829
197	1174.39	109.198
198	1182.18	111.785
199	1245.43	119.947
200	1544.49	149.081
201	1218.78	123.069
202	1244.02	143.48
203	1164.99	132.702
204	1171.96	121.664
205	1213.49	129.434
206	1170.25	114.297
207	1228.25	130.518
208	1195.93	115.469
209	1181.13	111.028
210	1218.58	127.764
211	1170.89	113.773
212	1850.71	174.708
213	1125.83	108.595
214	972.207	99.8534
215	1025.21	121.722
216	912.541	103.651
217	870.939	86.4868
218	1169.07	114.058
219	1139.85	127.464
220	1208.91	136.625
221	960.204	104.437
222	1072.66	106.516
223	977.872	90.3994
224	1164.91	129.072
225	889.502	95.535
226	809.554	83.5141
227	954.279	104.814
228	980.551	105.327
229	1166.08	122.483
230	829.538	99.8458
231	677.942	66.2787
232	839.371	93.3154
233	858.617	74.6478
234	1125.98	104.539
235	1203.33	129.431
236	830.322	94.9944
237	798.716	88.8064
238	1161.62	117.486
239	957.353	98.098
240	1197.68	113.149
241	1126.92	103.573
242	1354.21	136.861
243	1225.97	136.471
244	1189.67	143.971
245	1201.4	144.284
246	1202.78	119.9
247	1193.69	128.798
248	1478.94	142.585
249	1280.12	134.184
250	1481.02	147.903
251	1185.13	115.144
252	1186.23	112.918
253	1168.95	114.478
254	1244	124.396
255	1168.73	120.468
256	1449.49	143.219
257	1167.44	121.302
258	1561.56	158.008
259	1159.43	108.377
260	1994.98	199.568
261	801.357	94.8331
262	1095.72	145.485
263	1133.72	131.027
264	1191.89	133.523
265	1127.65	102.223
266	839.713	105.457
267	1044.89	118.552
268	1047.02	104.789
269	964.763	103.02
270	833.216	95.5191
271	783.257	77.1012
272	1047.4	114.03
273	914.917	99.3714
274	1305.29	154.947
275	1359.09	145.213
276	898.692	102.965
277	959.131	89.9219
278	867.893	78.957
279	765.544	82.6634
280	1027.49	94.8407
281	1128.02	103.956
282	767.526	76.4576
283	931.416	82.1849
284	878.493	93.9027
285	822.748	94.4032
286	1115.45	128.067
287	918.663	103.404
288	1294.52	120.513
289	1312.73	123.303
290	1508.56	134.726
291	1167.67	124.438
292	1188.16	103.856
293	1179.35	116.636
294	1194.17	118.136
295	1192.09	118.707
296	1226.14	128.852
297	1182.21	109.163
298	1188.13	114.299
299	1304.28	153.218
300	1182.07	112.829
301	1288.89	128.974
302	1178.05	111.359
303	1177.6	110.453
304	1171.23	121.174
305	1181.98	112.255
306	1184.74	123.628
307	1202.48	119.576
308	1158.79	113.231
309	1131.72	115.87
310	1049.54	116.358
311	1089.89	113.654
312	884.974	87.6272
313	1169.54	109.395
314	946.132	83.8552
315	991.512	106.514
316	957.866	109.719
317	1649.49	156.458
318	960.173	93.9064
319	817.97	93.518
320	1169.84	113.677
321	1039.29	109.125
322	949.908	102.093
323	877.207	91.9869
324	979.848	106.075
325	1289.75	147.427
326	1030.03	93.1334
327	926.375	112.914
328	1023.43	89.418
329	1183.03	118.836
330	1125.31	111.865
331	956.665	89.8396
332	1155.73	121.688
333	1156.72	110.579
334	818.737	94.9829
335	871.739	92.1666
336	1179.04	110.185
337	1193.05	109.396
338	1263.26	125.558
339	1545.1	150.342
340	1176.41	109.012
341	1281.28	135.989
342	1147.03	103.062
343	1384.5	135.53
344	1164.96	111.478
345	1401.99	168.786
346	1192.24	111.314
347	1171.11	111.235
348	1595.51	161.126
349	1179.09	118.71
350	1155.47	112.863
351	1196.33	120.499
352	1163.98	103.537
353	1218.4	126.813
354	1495.84	140.199
355	1175.27	105.313
356	1605.44	161.896
357	501.594	52.0609
358	1040.32	95.9986
359	1178.35	131.115
360	1154.52	111.671
361	1038	95.1631
362	1024.59	96.8063
363	2049.83	197.166
364	1169.37	129.608
365	1117.06	119.887
366	877.267	90.479
367	1163.45	132.181
368	1131.96	142.37
369	1094.59	129.57
370	962.117	91.799
371	1158.62	126.913
372	996.951	98.4553
373	1029.42	94.6584
374	812.135	96.0962
375	1639.73	154.515
376	1152.53	143.292
377	1040.96	89.9766
378	789.508	84.1473
379	1141.75	121.818
380	1107.75	125.32
381	1125.71	109.778
382	1039.88	99.7089
383	948.769	88.7533
384	1183.64	109.527
385	1414.88	130.468
386	1490.16	153.615
387	1330.98	110.902
388	1347.05	113.186
389	1378.68	137.959
390	1210.35	127.341
391	1168.91	98.6235
392	1187.92	115.755
393	1166.03	106.935
394	1174.78	122.75
395	1174.94	122.124
396	1202.57	117.59
397	1288.57	123.793
398	1167.81	110.151
399	1201.11	116.629
400	1157.57	112.092
401	1178.83	110.863
402	1406.96	135.011
403	1174.28	120.319
404	1199.36	114.756
405	954.06	88.7268
406	918.374	120.818
407	1080.96	117.651
408	1085.13	111.61
409	945.5	86.0672
410	956.753	93.7944
411	910.139	106.604
412	870.829	85.8115
413	947.13	86.7784
414	828.008	94.0524
415	1139.97	101.804
416	906.399	96.7371
417	866.577	94.8914
418	1070.22	120.226
419	370.917	42.7058
420	882.592	89.5732
421	984.392	104.211
422	938.688	89.9705
423	1076.14	109.102
424	1161.39	117.637
425	940.875	85.2861
426	1165.97	113.47
427	1016.56	96.5231
428	1037.1	94.3164
429	827.379	99.4821
430	1067.55	124.514
431	1032.9	98.1144
432	1160.34	99.0034
433	1348.94	121.192
434	1147.23	99.6121
435	1222.24	123.82
436	1142.67	103.194
437	1190.65	126.66
438	1549.08	144.568
439	1258.65	123.159
440	1380.86	126.515
441	1529.68	158.768
442	1163.73	116.611
443	1363.64	136.882
444	1223.85	139.116
445	1154.02	111.015
446	1293.07	125.796
447	1170.02	111.313
448	1182.52	111.448
449	1169.08	122.692
450	1546.57	141.938
451	1164.34	111.83
452	1198.49	114.057
453	652.623	84.5354
454	995.067	102.7
455	1181.56	112.944
456	1116.57	101.764
457	934.539	83.4049
458	1057.2	106.792
459	797.234	89.1896
460	790.099	87.4439
461	1003.5	104.952
462	1029.86	98.5635
463	1202.84	127.054
464	943.017	89.0209
465	892.197	91.363
466	958.157	92.5346
467	964.469	100.013
468	1138.74	106.549
469	946.002	90.0747
470	1134.85	131.338
471	389.304	50.5812
472	822.478	99.7918
473	990.292	108.752
474	1144.64	122.109
475	987.771	105.592
476	1107.8	108.658
477	949.209	89.0891
478	1144.12	122.733
479	889.134	95.1655
480	1279.15	119.048
481	1170.51	104.792
482	1327.95	119.078
483	1174.22	104.68
484	1130.72	111.27
485	1449.52	140.206
486	1195.93	113.131
487	1202.02	116.966
488	1168.62	110.725
489	1216.99	118.054
490	1446.56	133.549
491	1172.04	115.587
492	1163.88	107.99
493	1289.5	124.572
494	1577.7	150.6
495	1142.84	112.084
496	1160.33	103.03
497	1362.92	138.168
498	1195.96	121.599
499	1169.36	109.131
500	1313.77	130.069
501	911.995	111.14
502	1067.97	112.284
503	1173.49	128.07
504	1168.07	126.051
505	802.33	92.2424
506	877.358	91.9358
507	1060.53	110.871
508	1034.76	96.2943
509	1176.68	112.36
510	1114.93	101.824
511	1022.02	103.002
512	867.324	95.3395
513	1149.63	122.213
514	790.089	80.6694
515	1131.46	107.739
516	951.291	93.3203
517	1109.55	97.6393
518	1051	109.783
519	497.838	59.1685
520	421.37	41.6444
521	1182.83	118.526
522	1052.53	101.501
523	1036.07	96.7621
524	1110.8	96.6665
525	1168.52	115.434
526	1145.92	112.111
527	1048.97	96.3776
528	1164.71	104.332
529	1621.83	166.824
530	1141.99	121.035
531	1055.32	96.4055
532	1240.82	112.128
533	1159.56	102.053
534	1185.28	108.327
535	1179.99	106.318
536	1167.03	112.823
537	1169.77	109.196
538	1167.96	115.228
539	1190.55	118.968
540	1187.04	119.817
541	1176.61	122.333
542	1172.29	105.696
543	1160.11	106.77
544	1251.56	118.975
545	1227.63	126.09
546	1288.41	120.868
547	1364.99	132.914
548	1168.46	103.547
549	1175.42	124.454
550	972.667	116.741
551	1059.88	106.073
552	921.862	120.71
553	346.355	204.668
554	831.028	94.9309
555	921.407	112.187
556	976.234	95.5436
557	828.135	89.015
558	1139.66	111.745
559	819.875	91.5475
560	873.752	99.9584
561	858.824	76.0454
562	773.423	81.2947
563	983.525	112.985
564	890.644	89.9648
565	1178.85	124.43
566	973.844	95.0823
567	955.4	83.7489
568	1104.34	89.5803
569	1160.95	109.772
570	789.744	84.8101
571	1120.85	110.605
572	1123.18	98.7522
573	887.111	91.7549
574	1193.62	118.864
575	1061.28	105.939
576	1235.17	100.078
577	1476.86	127.375
578	1335.66	112.591
579	1155.77	110.245
580	1380.87	131.099
581	1264.33	109.664
582	1462.16	132.762
583	1347.85	125.292
584	1169.8	103.776
585	1165.8	108.783
586	1154.75	100.879
587	1248.26	112.46
588	1421.28	129.592
589	1350.16	121.787
590	1163.79	108.23
591	1193.16	122.012
592	1274.37	115.259
593	1180.04	111.931
594	1182.92	106.261
595	1162.55	122.058
596	1231.42	124.531
597	1065.78	120.422
598	1099.64	107.327
599	1163.13	133.121
600	1444.22	148.997
601	867.959	92.7563
602	1177.64	139.139
603	1142.36	112.864
604	1072.87	146.57
605	838.006	101.034
606	960.902	94.9089
607	686.006	72.5088
608	803.137	97.6238
609	790.816	80.4644
610	1114.37	110.78
611	891.094	97.968
612	823.18	87.8004
613	1165.64	120.233
614	1142.34	109.646
615	949.759	79.2042
616	1075.94	116.881
617	947.425	88.5573
618	944.46	82.9467
619	867.784	82.1093
620	1046.31	112.912
621	1072.42	115.847
622	1154.72	109.788
623	1103.69	113.572
624	1449.82	147.917
625	1160.6	99.6271
626	1175.82	106.995
627	1151.65	99.4209
628	1176.85	103.171
629	1193.95	115.068
630	1272.87	112.887
631	1169.72	109.392
632	1284.1	121.387
633	1178.1	105.886
634	1167.07	111.74
635	1161.36	115.213
636	1158.17	110.018
637	1308.78	136.678
638	1164.52	106.713
639	1245.3	135.709
640	1521.98	136.377
641	1252.21	113.26
642	1282.62	124.921
643	1233.1	126.779
644	1172.58	130.273
645	968.881	102.542
646	870.826	95.5318
647	706.805	87.9713
648	1186.1	123.42
649	844.927	108.429
650	1175.16	120.467
651	1090.24	119.26
652	868.322	86.3775
653	837.412	95.2093
654	1111.16	103.51
655	1113.65	101.388
656	858.589	96.0882
657	958.362	96.1637
658	1161.79	146.209
659	1150.07	106.874
660	941.422	79.655
661	1072.38	115.631
662	1163.89	113.552
663	1060.73	106.011
664	1108.73	103.741
665	1173.63	117.514
666	958.409	93.1679
667	1055.66	99.1229
668	1162.12	115.035
669	892.837	99.1815
670	1064.45	110.109
671	1149.19	109.616
672	1156.09	101.261
673	1165.01	101.526
674	1337.63	117.147
675	1396.65	115.623
676	1327.89	110.273
677	1294.4	126.676
678	1191.73	109.855
679	1176.49	110.995
680	1259.53	122.779
681	1416.25	116.426
682	1172.46	112.711
683	1201.2	120.715
684	1474.1	137.196
685	1440.35	131.668
686	1294.35	127.887
687	1185.47	111.73
688	1160.34	111.036
689	1166.59	103.798
690	1578.79	165.777
691	1154.07	109.684
692	1342.14	118.234
693	1050.89	106.631
694	1156.71	133.511
695	1144.16	135.417
696	1074.34	110.786
697	976.766	105.102
698	1074.22	116.288
699	1144.25	114.051
700	1129.94	127.4
701	972.191	108.508
702	851.682	129.168
703	1132.78	124.744
704	1077.72	110.444
705	997.183	130.59
706	1161.68	106.744
707	1052.58	99.0599
708	1162.06	119.828
709	949.343	94.0167
710	1159.78	109.832
711	1134.09	103.987
712	1092.02	136.135
713	1127.15	97.2468
714	1142.43	106.793
715	1051.24	104.682
716	1161.47	113.08
717	1151.64	127.079
718	1162.54	108.312
719	858.799	90.168
720	1279.8	130.154
721	1178.55	123.902
722	1164.82	108.136
723	1288.43	117.535
724	1437.94	120.318
725	1166.62	106.248
726	1232.06	122.553
727	1216.92	128.005
728	1172.1	111.136
729	1248.02	133.687
730	1264.01	127.246
731	1369.85	124.604
732	1150.85	106.663
733	1170.07	120.679
734	1190.04	112.301
735	1199.46	122.926
736	1180.45	116.881
737	1172.92	112.123
738	1505.84	131.883
739	1215.82	129.432
740	1221.87	125.193
741	944.241	89.3691
742	1028.1	103.937
743	1079.08	121.972
744	1171.63	127.499
745	821.701	99.4368
746	684.132	75.416
747	961.955	91.8915
748	1166	144.051
749	1115.93	112.572
750	1158.87	153.986
751	925.619	119.716
752	894.86	94.542
753	1173.34	125.003
754	1129.28	108.188
755	905.49	99.375
756	834.626	106.301
757	889.134	94.6623
758	905.751	99.2554
759	1172.16	125.54
760	1190.09	153.905
761	1027.34	88.8583
762	1185.62	133.09
763	1072.65	130.305
764	983.915	102.126
765	782.64	83.3659
766	1172.86	116.537
767	907.164	92.3505
768	1296.04	119.506
769	1366.33	117.16
770	1422.31	116.468
771	1616.47	156.975
772	1274.45	118.31
773	1344.76	125.955
774	1162.09	102.141
775	1276.29	119.086
776	1310.29	127.924
777	1212.05	126.465
778	1256.19	120.003
779	1191.75	111.254
780	1184.51	127.485
781	1167.12	100.701
782	1171.29	110.216
783	1200.75	116.503
784	1284.39	125.447
785	1243.56	154.953
786	1562.49	163.932
787	1268.47	118.568
788	1375.31	150.122
789	1168.91	123.98
790	1149.9	130.803
791	1049.31	111.129
792	1123.54	115.576
793	796.335	85.622
794	883.679	99.2207
795	1132.25	113.728
796	1177.15	137.448
797	991.856	110.303
798	947.385	114.736
799	1094.18	124.74
800	1029.32	97.5978
801	1065.52	106.257
802	878.711	106.55
803	1155.49	132.239
804	1132.85	143.011
805	800.81	100.305
806	1192.04	127.079
807	1114.93	128.754
808	1203.67	137.22
809	1191.99	114.088
810	980.359	105.769
811	907.885	114.141
812	1026.53	89.7834
813	1108.9	103.306
814	1112.61	127.829
815	956.099	97.4734
816	1156.75	103.714
817	1169.84	119.558
818	1426.42	127.621
819	1147.12	109.265
820	1280.29	118.109
821	1249.86	107.924
822	1222.27	130.609
823	1452.18	135.984
824	1440.03	130.086
825	1327.9	114.16
826	1179.67	107.594
827	1227.17	127.142
828	1157.62	99.1266
829	1180.69	113.455
830	1318.76	137.586
831	1151.83	100.029
832	1170.49	103.651
833	1161.77	109.357
834	1163.46	110.722
835	1186.15	116.467
836	1420.82	128.207
837	1048.01	100.728
838	1157.12	132.417
839	1045.28	106.698
840	832.178	110.056
841	1148.99	123.448
842	1067.1	111.681
843	1135.21	117.314
844	1028.74	103.849
845	964.527	112.775
846	1165.2	114.94
847	835.99	120.167
848	1139.39	123.616
849	1030.23	107.434
850	1002.52	117.9
851	1199.31	140.322
852	1532.71	146.068
853	894.28	100.889
854	928.291	110.66
855	979.288	105.88
856	879.136	98.3808
857	986.525	105.462
858	1150.84	112.796
859	830.43	100.27
860	1173.56	115.589
861	967.923	97.639
862	1165.44	117.966
863	1168.14	116.76
864	1168.31	102.179
865	1216.76	116.746
866	1339.6	128.881
867	1358.63	115.791
868	1170.48	105.102
869	1134.92	103.685
870	1149.8	117.558
871	1155.39	114.785
872	1179.34	112.995
873	1568.22	161.998
874	1136.66	111.572
875	1154.1	107.125
876	1450.98	140.852
877	1265.49	126.195
878	1201.22	124.55
879	1175.02	107.861
880	1279.66	115.92
881	1042.4	99.5874
882	1258.8	113.522
883	1342.75	120.987
884	1214.31	126.069
885	1124.2	185.755
886	832.948	117.596
887	968.322	97.8645
888	886.663	102.901
889	790.086	86.8937
890	893.751	115.517
891	1177.78	115.99
892	768.637	90.6625
893	1171.79	134.127
894	595.817	75.5015
895	840.546	106.844
896	984.444	113.627
897	1114.69	112.092
898	740.914	83.0475
899	1055.22	96.6698
900	955.505	95.4893
901	753.908	80.9358
902	1148.76	119.828
903	1073.66	123.867
904	791.544	79.4591
905	938.439	93.0839
906	778.604	88.2338
907	1163.88	163.324
908	957.029	93.2871
909	1201.66	128.276
910	1136.86	127.337
911	1043.57	112.343
912	1182.95	107.619
913	1262.43	115.572
914	1359.18	132.486
915	1287.84	118.18
916	1179.36	112.05
917	1173.12	119.967
918	1182.19	107.001
919	1171.92	109.925
920	1171.07	105.708
921	1146.73	107.804
922	1331.51	128.259
923	1338.65	120.366
924	1219.49	126.375
925	1157.45	117.526
926	1251.51	116.254
927	1159.94	114.09
928	1159.5	111.545
929	1325.69	128.123
930	1203.46	122.994
931	1156.65	110.229
932	1420.73	224.257
933	579.798	60.4777
934	516.763	73.8916
935	1163.47	142.877
936	954.984	139.76
937	787.226	88.6921
938	1179.7	125.129
939	769.218	90.1084
940	573.288	70.8899
941	506.539	72.8119
942	1053.02	107.367
943	767.088	83.4938
944	1169.59	119.33
945	1076.41	129.681
946	990.722	99.8058
947	976.847	103.63
948	1162.01	122.678
949	915.9	112.028
950	1191.76	117.874
951	1071.95	100.966
952	985.106	104.163
953	1080.87	116.443
954	1119.71	112.828
955	1077.49	111.248
956	1152.48	116.654
957	1158.1	123.41
958	985.067	101.318
959	423.045	43.9058
960	1330.62	113.624
961	1627.57	141.072
962	1149.46	114.457
963	1164.56	98.0064
964	1219.22	117.777
965	1532.41	137.162
966	1193.77	118.569
967	1169.78	101.772
968	1159	105.599
969	1426.86	121.578
970	1418.12	129.601
971	1322.32	143.006
972	1279.28	127.082
973	1189.71	110.408
974	1288.86	129.875
975	1423.47	128.504
976	1233.55	133.632
977	1152.28	99.9566
978	1381.3	152.785
979	1292.38	137.884
980	1423.18	123.375
981	880.33	95.3968
982	1152.11	137.13
983	750.007	78.8737
984	1093.11	130.778
985	769.246	88.5521
986	1037.75	112.042
987	1004.27	115.867
988	1027.57	101.026
989	916.149	112.615
990	1108.71	118.86
991	941.359	88.6352
992	1103.42	115.131
993	1165.67	133.163
994	1161.06	119.184
995	744.185	77.8524
996	1013.81	86.0556
997	961.434	94.5891
998	1138.5	116.182
999	993.249	105.762
1000	1217.36	124.094
1001	1168.53	102.295
1002	1383.15	121.044
1003	1172.39	110.317
1004	1136.69	91.1387
1005	1202.56	112.859
1006	1251.42	114.013
1007	1468.28	134.571
1008	1281.5	139.647
1009	1176.17	112.805
1010	1382.95	130.569
1011	1166.89	107.597
1012	1182.82	104.318
1013	1220.77	134.458
1014	1216.92	144.285
1015	1247.37	116.808
1016	1258.98	125.473
1017	1362.6	124.794
1018	1436.1	133.688
1019	1674.16	162.896
1020	1260.37	121.448
1021	993.912	124.556
1022	977.639	104.258
1023	1599.47	166.202
1024	1221.32	147.311
1025	1181.32	124.722
1026	1086.16	112.893
1027	1192.23	129.16
1028	1159.92	124.489
1029	1060.25	112.972
1030	1183.65	122.303
1031	1062.91	121.275
1032	1105.9	101.635
1033	998.394	101.877
1034	1167.84	127.146
1035	1135.84	105.415
1036	864.162	80.977
1037	1157.33	124.716
1038	1178.72	132.346
1039	940.46	90.2371
1040	1285.98	118.62
1041	1142.26	101.046
1042	1555.06	141.915
1043	1317.36	133.403
1044	1214.99	119.16
1045	1162.99	110.376
1046	1149.59	100.197
1047	1331.19	113.443
1048	1998.3	203.586
1049	1245.06	109.293
1050	1337.54	122.642
1051	1157.06	108.385
1052	1136.59	100.477
1053	1717.8	157.866
1054	1122.22	115.353
1055	1739.73	158.852
1056	1254.77	114.073
1057	1136.83	103.833
1058	1464.07	166.944
1059	1621.09	169.378
1060	1462.26	150.6
1061	780.767	99.2279
1062	982.937	113.97
1063	1076.62	122.824
1064	876.604	102.568
1065	923.257	108.496
1066	915.822	105.222
1067	1176.51	123.999
1068	1054.25	127.645
1069	1172.22	135.401
1070	1090.9	131.585
1071	1189.33	119.615
1072	1165.05	174.405
1073	1022.86	97.1749
1074	818.86	109.72
1075	1163.97	110.883
1076	1127.9	102.974
1077	1022.69	87.9054
1078	881.924	87.2167
1079	1124.58	106.005
1080	1755.55	149.147
1081	1347.55	113.947
1082	1179.35	112.956
1083	1180.85	108.585
1084	1248.43	110.406
1085	1173.88	108.677
1086	1168.48	111.434
1087	1253.2	107.211
1088	1130.04	99.9817
1089	1167.98	109.713
1090	1164.68	98.6038
1091	1436.18	142.287
1092	1179.2	120.445
1093	1173.22	104.482
1094	1166.86	114.92
1095	1335.51	131.479
1096	1267.89	116.44
1097	1165.37	114.808
1098	1162.9	112.628
1099	1116.71	114.066
1100	801.477	102.671
1101	561.493	69.5894
1102	927.536	132.397
1103	1240.02	129.371
1104	1053.66	121.389
1105	1085.89	140.463
1106	1157.47	125.497
1107	996.927	114.512
1108	1116.53	131.764
1109	1174.14	101.786
1110	1177.81	121.118
1111	1164.21	136.826
1112	728.709	80.1367
1113	995.477	109.675
1114	736.767	75.9908
1115	1190.94	143.787
1116	759.926	69.0067
1117	902.239	92.2593
1118	1031.02	105.081
1119	914.025	108.808
1120	1485.88	124.253
1121	1442.54	120.523
1122	1356.16	124.059
1123	1439.62	133.849
1124	1189.64	116.722
1125	1174.23	105.938
1126	1391.66	150.487
1127	1177.39	104.413
1128	1213.07	128.443
1129	1185.99	114.732
1130	1590.68	163.073
1131	1308.59	120.32
1132	1163.97	113.793
1133	1152.16	98.479
1134	1499.22	134.674
1135	1162.52	102.582
1136	1279.41	126.675
1137	1200.1	119.679
1138	1574.35	153.485
1139	1152.4	115.556
1140	-1018.51	484.813
1141	1151.36	137.307
1142	974.425	106.924
1143	1138.18	138.078
1144	675.306	76.6832
1145	1065.81	165.422
1146	779.568	79.5736
1147	1044.68	109.944
1148	887.95	92.8352
1149	926.689	110.871
1150	1001.55	108.293
1151	872.658	88.3992
1152	945.357	89.9895
1153	1040.62	124.964
1154	1145.94	114.304
1155	1154.39	113.774
1156	1108.24	93.0387
1157	1097.59	111.927
1158	1065.18	97.3662
1159	1135.13	118.617
1160	1497.91	117.408
1161	1157.89	101.471
1162	1155.61	102.761
1163	1214.9	115.839
1164	1170.24	101.21
1165	1150.52	107.697
1166	1214.45	124.591
1167	1256.52	111.234
1168	1159.09	108.737
1169	1182.43	107.2
1170	1196.62	120.773
1171	1203.9	114.759
1172	1205.89	116.928
1173	1176.27	107.129
1174	1345.08	126.227
1175	1546.59	154.014
1176	1617.87	166.715
1177	1332.55	117.297
1178	1172.19	123.399
1179	1284.57	131.958
1180	1368.64	134.255
1181	948.832	88.8262
1182	1089.91	126.04
1183	873.154	99.7529
1184	1001.48	117.383
1185	976.678	114.966
1186	1203.61	129.521
1187	957.842	95.4994
1188	980.902	96.1906
1189	985.286	116.397
1190	1045.75	106.613
1191	689.594	76.8943
1192	1164.85	120.333
1193	1157.78	117.298
1194	1161.33	127.007
1195	942.482	88.8322
1196	1116.8	100.905
1197	814.17	90.7968
1198	937.531	93.2433
1199	802.748	83.727
1200	1143.22	94.0895
1201	1376.98	121.583
1202	1531.83	136.858
1203	1323.43	111.001
1204	1493.12	123.013
1205	1396.79	117.529
1206	1260.46	114.796
1207	1144.14	111.623
1208	1300.06	127.147
1209	1151.79	104.937
1210	1351.43	123.916
1211	1330.74	117.636
1212	1143.54	103.939
1213	1524.99	157.089
1214	1377.4	170.34
1215	1357.58	129.996
1216	1710.12	224.347
1217	1347.73	129.993
1218	1294.95	127.947
1219	1144.92	98.0996
1220	1228.66	132.486
1221	1149.49	129.382
1222	1139.67	151.083
1223	1067.89	105.633
1224	1150.42	114.762
1225	787.676	85.3083
1226	1127.55	105.841
1227	1127.62	90.2377
1228	1072.77	106.683
1229	1039.12	99.2541
1230	1167.63	129.955
1231	1048.46	99.4351
1232	977.334	112.028
1233	876.548	87.6688
1234	921.298	102.933
1235	1102.84	91.9776
1236	1186.64	119.417
1237	944.88	89.1984
1238	831.627	111.139
1239	858.414	77.6774
1240	1401.99	121.887
1241	1168.36	124.608
1242	1244.91	106.433
1243	1157.09	102.901
1244	1212.43	126.803
1245	1158.19	103.47
1246	1184.63	109.407
1247	1151.13	111.475
1248	1172.8	109.773
1249	1543.06	132.134
1250	1174.9	117.894
1251	1261.61	129.26
1252	1220.47	121.694
1253	1350.02	123.409
1254	1188.76	115.585
1255	1183.52	111.265
1256	1260.69	111.634
1257	1390.17	130.583
1258	1439.9	138.367
1259	1394.97	147.306
1260	817.2	107.237
1261	989.709	111.081
1262	834.905	101.399
1263	776.362	84.9982
1264	1081.76	116.843
1265	823.972	100.823
1266	1042.53	107.93
1267	1061.48	109.855
1268	986.533	106.026
1269	1155.41	109.392
1270	884.454	99.1118
1271	1129.82	133.866
1272	1105.38	93.5953
1273	910.563	98.9693
1274	972.2	98.1319
1275	840.318	103.992
1276	758.264	87.818
1277	756.199	79.9707
1278	938.832	79.8278
1279	807.918	88.675
1280	1395.65	111.956
1281	1336.84	110.596
1282	1486.04	117.579
1283	1177.51	108.468
1284	1217.81	115.957
1285	1406.06	114.488
1286	1803.13	155.595
1287	1427.43	114.371
1288	1365.67	124.734
1289	1206.5	121.164
1290	1282.07	119.479
1291	1364.44	129.096
1292	1325.95	106.162
1293	1263.86	116.003
1294	1177.2	121.9
1295	1491.2	134.075
1296	1151.77	113.312
1297	1468.91	209.588
1298	1173.98	113.869
1299	1098.17	102.112
1300	1139.78	104.815
1301	1138.91	102.999
1302	1427.99	144.877
1303	1148.26	102.105
1304	1134.89	120.127
1305	1295.02	133.935
1306	1173.65	115.225
1307	1145.93	107.931
1308	869.741	93.8756
1309	1086.99	125.825
1310	1172.25	130.436
1311	881.565	96.7799
1312	1049.16	100.743
1313	1069.57	120.103
1314	885.274	94.9064
1315	833.437	119.208
1316	882.921	92.3836
1317	969.089	97.9326
1318	958.049	94.5461
1319	991.938	110.115
1320	696.083	79.1806
1321	936.637	83.6428
1322	811.78	97.9123
1323	700.379	85.6374
1324	888.926	87.978
1325	789.322	76.827
1326	1347.92	116.779
1327	781.309	76.4749
1328	1208.44	106.859
1329	1170.86	99.4548
1330	1338.5	113.91
1331	1317.79	106.116
1332	1537.19	142.234
1333	1246.2	111.953
1334	1379.02	125.313
1335	1361.72	143.353
1336	1166.38	123.404
1337	1119.39	103.069
1338	1159.17	101.206
1339	1152.93	104.519
1340	1491.71	132.68
1341	1271	116.535
1342	1488.59	134.889
1343	1227.21	132.562
1344	1157.96	112.185
1345	1308.78	141.509
1346	1282.32	125.461
1347	1215.45	124.989
1348	1142.98	101.917
1349	1522.29	147.595
1350	1278.58	113.695
1351	1276.93	119.156
1352	1343.09	138.85
1353	1187.05	112.424
1354	1176.69	113.747
1355	1261.36	108.476
1356	819.518	91.3905
1357	755.696	78.1618
1358	837.409	99.1519
1359	689.212	82.5539
1360	847.661	106.108
1361	767.785	114.692
1362	997.123	112.422
1363	1161.16	128.187
1364	849.636	112.614
1365	746.001	71.5376
1366	960.152	94.5026
1367	692.101	78.9621
1368	781.384	91.3747
1369	576.011	60.8265
1370	983.202	99.4856
1371	1080.2	131.212
1372	981.406	93.1737
1373	1109.95	110.123
1374	1066.46	106.849
1375	779.009	94.6053
1376	1431.07	125.785
1377	1149.59	91.0622
1378	1233.89	104.423
1379	1158.28	98.5201
1380	1440.54	121.509
1381	1265.88	113.922
1382	1177.74	108.853
1383	1181.3	106.777
1384	1169.6	115.786
1385	1375.03	130.024
1386	1241.61	109.586
1387	1224.17	123.938
1388	1299.92	131.219
1389	1171.51	100.17
1390	1149.14	99.4359
1391	1231.03	123.758
1392	1171.5	106.195
1393	1112	99.5511
1394	1167.5	109.636
1395	1158.36	100.623
1396	1277.68	119.53
1397	1425.61	124.067
1398	1157.9	112.709
1399	1162.54	100.955
1400	1172.78	109.863
1401	1169.11	110.276
1402	1214.11	131.187
1403	1184.3	111.573
1404	724.024	77.785
1405	1074.65	131.604
1406	922.597	107.836
1407	776.589	81.6129
1408	995.788	103.14
1409	864.196	89.3618
1410	1148.62	113.683
1411	1128.16	149.63
1412	912.103	105.009
1413	867.899	93.2296
1414	808.209	92.3867
1415	933.605	123.113
1416	754.701	72.8194
1417	790.795	86.6976
1418	1034.89	102.412
1419	900.547	103.061
1420	1098.72	133.877
1421	946.203	80.9234
1422	1169.27	122.767
1423	900.601	98.6681
1424	1163.34	97.9337
1425	1440.32	118.265
1426	1149.59	125.14
1427	1162.69	108.281
1428	1422.19	123.175
1429	1362.6	115.395
1430	1585	144.86
1431	1197.56	117.072
1432	1147.73	99.2192
1433	1143.84	109.305
1434	1174.94	105.621
1435	1479.98	128.232
1436	1309.31	136.444
1437	1152.61	110.385
1438	1127.29	92.1174
1439	1269.72	114.173
1440	1171.89	111.386
1441	1193.35	115.698
1442	1161.06	103.59
1443	1185.29	120.635
1444	1307.45	127.427
1445	1164.54	112.635
1446	1229.6	135
1447	1131.29	97.7976
1448	1169.8	110.968
1449	1162.88	119.368
1450	1229.08	121.21
1451	1225.3	124.242
1452	1314.54	134.456
1453	913.237	111.787
1454	835.852	116.488
1455	1150.75	113.209
1456	776.143	86.5471
1457	1151.99	114.751
1458	936.298	93.0992
1459	696.976	80.049
1460	1121.17	133.016
1461	844.469	114.871
1462	896.53	105.716
1463	574.215	62.1091
1464	798.906	91.2593
1465	1161.78	109.858
1466	869.248	98.7425
1467	908.346	104.453
1468	846.104	102.59
1469	943.758	103.127
1470	1053.01	109.504
1471	751.151	85.1644
1472	1165.99	100.985
1473	1198.66	110.396
1474	1169.11	104.381
1475	1195.71	112.638
1476	1599.14	146.971
1477	1186.27	113.411
1478	1267.48	112.515
1479	1359.09	112.158
1480	1160.98	100.968
1481	1118.06	138.898
1482	1257.45	120.263
1483	1278.55	138.734
1484	1254.13	98.9826
1485	1517.39	136.979
1486	1277.97	114.215
1487	1369.18	121.477
1488	1950.07	168.332
1489	1378.36	127.809
1490	1173.05	107.647
1491	1145.34	101.358
1492	1419.34	119.601
1493	1165.07	113.39
1494	1162.12	114.722
1495	1171	102.726
1496	1163.08	109.697
1497	1173.84	117.781
1498	1127.22	105.092
1499	1130	99.2166
1500	1165.3	129.149
1501	874.596	84.2167
1502	1133.08	106.507
1503	994.356	99.8245
1504	1019.81	132.021
1505	1168.36	123.084
1506	1124.86	113.765
1507	812.348	100.394
1508	1170.09	124.304
1509	969.481	89.9167
1510	1197.07	120.639
1511	1041.02	116.009
1512	965.982	99.4817
1513	939.631	81.0506
1514	1041.88	102.115
1515	1046.15	105.771
1516	897.298	108.622
1517	1040.43	94.8483
1518	1035.08	100.39
1519	912.121	102.078
1520	1265.28	116.054
1521	1525.63	136.387
1522	1320.72	109.062
1523	1232.51	111.062
1524	884.4	83.7822
1525	1169.87	101.129
1526	1162.8	101.946
1527	1368.69	120.26
1528	1329.89	117.311
1529	1277.86	129.172
1530	1501.67	125.365
1531	1289.89	134.014
1532	1145.76	95.9855
1533	1423.68	117.481
1534	1267.74	123.342
1535	1545.27	138.286
1536	1278.62	123.28
1537	1238.39	108.627
1538	1168.01	106.665
1539	1192.96	109.307
1540	1166.78	101.437
1541	1518.98	138.438
1542	1129.82	93.765
1543	1164.23	112.338
1544	1171.21	109.192
1545	1286.22	123.237
1546	1250.89	114.336
1547	1160.21	110.324
1548	1177.57	121.498
1549	1140.33	111.946
1550	1169.69	122.197
1551	1044.86	100.059
1552	1175.4	116.614
1553	1138.43	116.33
1554	1146.39	116.398
1555	1162.18	120.508
1556	1034.7	90.2134
1557	827.952	93.3073
1558	1046.32	109.097
1559	1165.86	120.948
1560	1049.53	114.046
1561	1168.5	115.665
1562	976.774	103.302
1563	1121.82	102.643
1564	981.959	94.159
1565	903.45	94.1976
1566	929.052	83.1324
1567	1117.34	107.336
1568	1259.25	112.421
1569	1566.44	138.42
1570	1265.78	125.341
1571	1166.39	106.113
1572	1152.63	94.858
1573	1401.78	111.095
1574	1162.52	100.76
1575	1219.57	114.867
1576	1189.88	107.469
1577	1157.69	105.173
1578	1221.9	122.026
1579	1287.76	112.865
1580	1351.7	123.169
1581	1296.46	124.818
1582	1194.5	112.981
1583	1295.74	121.93
1584	1566.62	136.356
1585	1276.92	111.489
1586	1301.51	126.255
1587	1271.48	115.932
1588	1154.65	101.507
1589	1232.49	134.62
1590	1160.24	104.371
1591	1110.42	106.371
1592	1182.05	118.456
1593	1498.62	129.029
1594	1281.47	120.078
1595	1337.07	110.427
1596	1145.84	118.91
1597	1146.92	121.842
1598	1085.54	110.876
1599	1181.43	122.526
1600	952.075	96.3413
1601	1003.82	103.422
1602	1054.99	111.723
1603	1044.72	94.1502
1604	1036.77	94.0843
1605	1163.04	122.814
1606	1123.98	105.16
1607	1168.68	123.667
1608	1002.28	117.796
1609	954.768	91.834
1610	988.179	116.746
1611	1047.46	103.805
1612	1210.2	117.427
1613	1061.25	100.31
1614	985.666	95.6071
1615	1031.94	90.2258
1616	1361.37	115.05
1617	1328.28	130.152
1618	1379.5	124.869
1619	1415.02	110.479
1620	1571.51	135.876
1621	1251.97	113.765
1622	1477.48	121.992
1623	1544.61	146.102
1624	1162.77	97.1956
1625	1157.1	91.1402
1626	1286.84	122.354
1627	1171.32	107.039
1628	1456.1	133.066
1629	1181.08	111.893
1630	1267.67	117.479
1631	1109.25	95.0973
1632	1134.48	90.2561
1633	1159.04	106.452
1634	1245.95	103.877
1635	1495.47	134.977
1636	1346.96	121.096
1637	1169.43	108.272
1638	1305.73	121.649
1639	1136.38	97.0363
1640	1241.72	132.61
1641	1180.52	107.255
1642	1172.54	135.977
1643	1169.35	104.748
1644	1060.45	106.158
1645	900.411	97.6371
1646	1074.3	110.555
1647	1164.76	161.541
1648	1141.14	108.615
1649	818.952	90.0841
1650	1170.25	121.446
1651	947.633	99.1889
1652	1088.19	125.241
1653	1390.95	122.327
1654	1132.49	106.219
1655	785.737	75.7934
1656	1032.11	99.7855
1657	1155.27	116.903
1658	1059.78	106.485
1659	1174.22	126.133
1660	1154.29	110.964
1661	858.808	74.7785
1662	1155.01	122.733
1663	1018.88	103.177
1664	1165.08	97.1487
1665	1158.26	92.9148
1666	1184.81	109.295
1667	1155.28	100.809
1668	1181.42	110.896
1669	1180.58	109.795
1670	1155.63	95.1392
1671	1328.48	119.663
1672	1241.98	114.39
1673	1175.99	106.13
1674	1499.52	118.454
1675	1289.15	113.409
1676	1158.35	99.0851
1677	1374.6	127.693
1678	1199.52	118.475
1679	1330.09	114.265
1680	1537.51	132.956
1681	1264.15	113.017
1682	1160.48	99.3397
1683	1762.23	158.038
1684	1175.58	99.4534
1685	1340.6	123.923
1686	1404.11	124.048
1687	1263.51	113.317
1688	315.898	25.7393
1689	1249.14	102.677
1690	1144.33	121.066
1691	1167.19	105.863
1692	1169.16	132.835
1693	1135.26	102.538
1694	1180.01	111.512
1695	1167.52	112.256
1696	1075.76	114.053
1697	1128.44	103.712
1698	1038.92	98.7914
1699	836.191	97.2577
1700	1058.79	110.756
1701	1169.35	124.625
1702	954.635	92.5121
1703	1021.51	89.9793
1704	1056.92	103.809
1705	1042.1	94.515
1706	914.998	98.8443
1707	1182.77	117.336
1708	1169.57	112.435
1709	1118.77	105.217
1710	1055.67	105.556
1711	1163.45	101.998
1712	1273.65	113.77
1713	1155.53	104.654
1714	1234.13	106.355
1715	1159.52	105.242
1716	1401.8	110.423
1717	1166.53	105.838
1718	1334.89	114.676
1719	1344.71	113.256
1720	1498.73	128.067
1721	1399.37	103.888
1722	1601.01	147.692
1723	1255.56	110.175
1724	1177.18	107.974
1725	1158.1	97.4704
1726	1537.26	124.603
1727	1212.68	112.977
1728	1188.72	105.922
1729	1407.12	113.756
1730	1216.21	114.101
1731	1250.93	111.818
1732	1266.27	112.965
1733	1433.3	123.724
1734	1364.72	128.564
1735	1135.74	96.6653
1736	1160.44	100.942
1737	1219.54	129.739
1738	1286.07	116.263
1739	1393	123.62
1740	975.135	91.349
1741	1053.07	109.556
1742	1151.84	114.642
1743	1149.66	112.721
1744	930.176	116.98
1745	832.134	108.406
1746	784.085	79.333
1747	952.139	85.1388
1748	1050.75	99.4353
1749	894.106	93.138
1750	1163.78	120.526
1751	922.986	104.766
1752	996.687	109.976
1753	880.123	87.015
1754	1082.76	124.273
1755	686.19	73.754
1756	941.366	93.6201
1757	776.108	93.9937
1758	1114.87	99.4163
1759	838.79	99.5046
1760	1154.09	106.404
1761	1147.82	94.6821
1762	1233.8	95.7672
1763	1340.72	113.185
1764	1284.07	112.813
1765	1625.09	149.488
1766	1299.12	114.716
1767	1202.97	114.933
1768	1171.58	111.655
1769	1174.5	109.551
1770	1426.72	126.038
1771	1156.43	101.583
1772	1166.9	102.334
1773	1154.05	100.444
1774	1193.19	111.818
1775	1285.04	121.292
1776	1142.43	98.3143
1777	1194.29	122.337
1778	1336.14	115.397
1779	1149.9	92.5918
1780	1355.67	118.354
1781	1245.61	109.4
1782	1357.09	123.678
1783	1383.55	129.068
1784	2418.78	212.373
1785	1231.41	125.59
1786	1164.68	105.888
1787	1167.22	104.188
1788	954.779	81.2117
1789	1131.72	111.167
1790	387.582	51.5434
1791	1151.49	115.616
1792	977.231	96.331
1793	1155.72	116.919
1794	836.265	113.726
1795	977.97	97.5667
1796	1119.27	100.699
1797	1073.97	109.313
1798	1168.4	117.66
1799	414.825	38.8446
1800	876.527	81.7082
1801	982.075	108.741
1802	1017.45	118.591
1803	1046.37	94.2922
1804	1021.16	90.899
1805	951.108	88.8919
1806	1044.75	99.1153
1807	979.479	95.9302
1808	1430.56	123.131
1809	1251.47	107.276
1810	1181.13	104.371
1811	1271.06	115.102
1812	1446.6	131.418
1813	1206.9	114.025
1814	1155.6	97.2215
1815	1155.83	97.9777
1816	1371.02	123.172
1817	1148.72	115.791
1818	1150.49	101.814
1819	1167.15	116.204
1820	1204.89	113.811
1821	1246.02	103.919
1822	1245.61	109.188
1823	1157.18	102.59
1824	1145.09	101.291
1825	1131.19	88.8531
1826	1231.14	129.46
1827	1145.8	96.2962
1828	1168.25	107.264
1829	1331.76	111.558
1830	1205.33	126.049
1831	1158.09	100.458
1832	1164.28	108.458
1833	1209.78	113.426
1834	1155.42	96.3547
1835	1392.5	129.191
1836	1051.47	116.976
1837	975.727	110.499
1838	947.233	104.897
1839	982.007	99.9992
1840	959.419	87.8091
1841	961.409	90.5115
1842	1077.14	117.303
1843	954.106	92.2493
1844	1085.57	155.2
1845	944.089	102.954
1846	1130.52	98.8178
1847	797.753	91.1028
1848	1158.37	122.002
1849	994.291	110.99
1850	1116.98	101.713
1851	968.483	95.7849
1852	1139.04	107.844
1853	1122.27	110.928
1854	1055.52	117.42
1855	1041.85	101.52
1856	1263.57	111.031
1857	1209.76	110.998
1858	1269.67	106.007
1859	1316.97	100.403
1860	1176.63	106.836
1861	1165.71	106.647
1862	1176.85	106.285
1863	1170.39	99.9185
1864	1542.65	132.923
1865	1185.11	116.314
1866	1166.32	101.443
1867	1148.65	98.1731
1868	1162.92	99.2938
1869	1520.72	122.656
1870	1287.08	118.243
1871	1152.06	110.513
1872	1176.78	107.447
1873	1156.42	101.876
1874	1164.15	97.2139
1875	1144.11	104.16
1876	1166.27	106.908
1877	1388.6	128.437
1878	1161.61	109.461
1879	1781.46	139.66
1880	1384.6	144.99
1881	1204.23	114.822
1882	1120.58	89.187
1883	1191.01	111.739
1884	1092.33	130.194
1885	948.68	85.7106
1886	957.687	92.7007
1887	1049.56	106.048
1888	931.44	103.152
1889	807.827	87.285
1890	850.264	106.518
1891	890.616	96.0065
1892	812.716	95.6817
1893	881.807	93.3148
1894	920.723	110.336
1895	790.26	75.0439
1896	1024.72	103.302
1897	815.784	98.9922
1898	348.785	34.9191
1899	364.632	43.2732
1900	820.299	93.0803
1901	1057.82	107.381
1902	964.022	94.7577
1903	1196.36	106.28
1904	1323.83	109.805
1905	1446.7	129.36
1906	1183.66	109.044
1907	1364.5	138.703
1908	1199.5	112.148
1909	1169.48	100.924
1910	1230.7	102.041
1911	1334.76	115.435
1912	1344.94	123.349
1913	1165.74	104.71
1914	1559.3	133.017
1915	1161.49	104.83
1916	1171.34	113.472
1917	1158.41	96.567
1918	1281.2	127.115
1919	1273.93	126.193
1920	1158.39	96.6925
1921	1148.08	107.586
1922	1174.84	101.794
1923	1158.94	100.613
1924	1147.04	102.506
1925	1123.84	101.219
1926	1221.01	115.197
1927	1152.72	109.066
1928	1401.12	156.369
1929	1147.41	97.8363
1930	1172.09	104.023
1931	1133.65	96.1231
1932	776.068	78.8896
1933	859.562	80.3562
1934	1121.32	93.6809
1935	793.832	86.8328
1936	881.838	97.4559
1937	899.062	98.3204
1938	933.386	120.175
1939	792.693	84.3581
1940	1179.47	113.976
1941	1140.24	120.623
1942	1109.55	163.554
1943	740.07	69.148
1944	1153.09	132.575
1945	1011.1	122.015
1946	787.619	86.2359
1947	970.82	90.3346
1948	1121.42	108.364
1949	844.561	102.685
1950	1001.62	118.557
1951	841.451	105.325
1952	1178.19	104.895
1953	1178.27	111.254
1954	1182.88	116.238
1955	1608.55	154.718
1956	1478.17	120.112
1957	1428.05	123.115
1958	1205.11	111.846
1959	1349.08	111.457
1960	1150.33	94.0307
1961	1400.83	114.232
1962	1307.61	119.28
1963	1259.68	114.027
1964	1698.24	242.864
1965	1272.57	106.614
1966	1496.52	133.127
1967	1168.24	99.8746
1968	1642.8	144.164
1969	1389.79	130.843
1970	1159.06	107.897
1971	1225.1	126.569
1972	1138.64	101.714
1973	1319.51	114.996
1974	1159.66	97.8418
1975	1310.16	131.319
1976	1273.41	113.564
1977	1159.66	101.909
1978	1169.48	107.222
1979	1147.49	96.2241
1980	898.715	110.284
1981	993.01	100.659
1982	1144.84	104.341
1983	1159.13	117.547
1984	934.523	93.0303
1985	871.679	83.7898
1986	1507.85	122.228
1987	1248.7	101.492
1988	857.34	81.942
1989	819.466	93.8499
1990	832.403	97.3093
1991	864.579	83.7951
1992	1188.77	129.897
1993	906.196	98.0741
1994	872.285	87.9702
1995	963.005	90.7449
1996	1077.29	115.105
1997	1147.96	112.271
1998	835.664	100.591
1999	779.408	83.1076
2000	1188.27	115.944
2001	1164.99	105.644
2002	1152.76	93.1519
2003	1150.23	91.7542
2004	1493	122.583
2005	1165.31	101.97
2006	1260.41	119.007
2007	1174.81	105.395
2008	1145.57	95.2352
2009	1294.12	130.119
2010	1205.68	115.618
2011	1175.18	102.229
2012	1164.09	104.212
2013	1165.65	104.866
2014	1246.37	110.146
2015	1186.46	109.457
2016	1174.71	104.434
2017	1263.97	102.765
2018	1301.45	127.722
2019	1156.62	104.117
2020	1152.41	103.29
2021	1208.42	116.974
2022	1161.42	97.9446
2023	1219.14	119.639
2024	1535.29	142.48
2025	1222.2	120.729
2026	1175.57	105.044
2027	1192.83	127.713
2028	959.216	100.489
2029	1029.03	109.442
2030	853.285	85.0966
2031	993.567	107.151
2032	1000.75	98.8391
2033	1075.36	100.87
2034	927.069	104.668
2035	1160.85	125.367
2036	955.081	96.6588
2037	987.813	109.163
2038	996.946	112.748
2039	773.954	87.4642
2040	1183.51	132.403
2041	806.118	91.9491
2042	1031.76	95.6891
2043	980.824	98.2646
2044	1156.02	132.093
2045	1085.04	108.929
2046	1169.98	121.369
2047	831.697	90.4117
2048	1195.73	103.272
2049	1189	112.187
2050	1375.41	121.521
2051	1186.99	109.56
2052	1321.75	109.062
2053	1172.19	99.3594
2054	1163.04	103.222
2055	1183.19	113.849
2056	1245.11	105.396
2057	1145.16	102.934
2058	1184.09	105.143
2059	1146.35	96.9324
2060	1189.48	113.474
2061	1168.37	105.238
2062	1177.66	110.658
2063	1166.19	102.909
2064	1168.09	102.035
2065	1261.48	106.424
2066	1200.27	111.71
2067	1151.02	102.247
2068	1195.25	114.297
2069	1175.82	101.931
2070	1152.1	106.369
2071	1282.47	113.806
2072	1636.57	157.663
2073	1155.41	101.022
2074	1178.46	104.527
2075	1142.06	99.5992
2076	890.257	105.432
2077	859.804	85.212
2078	905.636	109.76
2079	1143.75	112.267
2080	968.221	100.616
2081	1160.1	126.402
2082	1128.97	101.502
2083	891.383	98.4307
2084	961.046	113.754
2085	679.996	77.3544
2086	845.065	107.79
2087	842.556	101.716
2088	781.131	77.018
2089	829.657	99.4195
2090	1066.6	123.414
2091	1003.78	102.562
2092	945.73	83.1548
2093	890.555	92.5996
2094	839.893	108.389
2095	652.704	62.5114
2096	1219.34	113.643
2097	1196.86	113.288
2098	1236.47	102.29
2099	1222.61	99.1594
2100	1268.93	115.013
2101	1190.08	110.092
2102	1201.44	107.199
2103	1201.62	109.214
2104	1236.18	121.43
2105	1155.99	96.3015
2106	1270.35	119.895
2107	1281.17	111.793
2108	1413.97	111.657
2109	1159.41	99.2235
2110	1166.24	107.052
2111	1157.22	96.0755
2112	1197.5	113.585
2113	382.613	53.1082
2114	1173.61	108.153
2115	1167.44	108.38
2116	1277.89	117.6
2117	1444.21	126.213
2118	1185.21	115.943
2119	1382.03	124.662
2120	1382.47	128.913
2121	1178.37	106.444
2122	1199.83	110.002
2123	1135.01	100.075
2124	1148.8	122.223
2125	1133.14	106.887
2126	971.764	95.7645
2127	1145	112.623
2128	684.158	73.2601
2129	1009.24	108.962
2130	973.082	113.373
2131	936.767	98.2144
2132	976.048	107.692
2133	893.288	93.0511
2134	871.779	86.5078
2135	965.859	99.5326
2136	1143.15	107.244
2137	1093.03	124.108
2138	1120.03	108.108
2139	1476.85	136.112
2140	1040.49	100.292
2141	1165.92	121.718
2142	1214.91	168.434
2143	909.322	104.15
2144	1583.86	192.043
2145	1270.59	114.618
2146	1197.45	108.538
2147	1236.1	103.697
2148	1176.63	99.822
2149	1331.01	110.793
2150	1180.08	112.265
2151	1159.08	100.416
2152	1179.46	98.6694
2153	1175.69	116.494
2154	1320.22	109.111
2155	1162.47	112.669
2156	1213.75	118.882
2157	1170.81	102.746
2158	1192.78	121.805
2159	1196.97	112.211
2160	1317.53	103.467
2161	1172.04	114.849
2162	1191.99	108.475
2163	1210.53	115.052
2164	1153.67	101.737
2165	1154.76	106.512
2166	1158.96	103.255
2167	1172.31	105.952
2168	1182.83	111.222
2169	1720.64	162.179
2170	1160.04	116.258
2171	1173.53	105.331
2172	1148	114.407
2173	1048.85	97.7671
2174	644.516	63.2695
2175	874.949	91.205
2176	989.218	98.8944
2177	1169.75	128.976
2178	769.15	86.3992
2179	777.684	84.2542
2180	913.027	101.072
2181	949.381	85.5664
2182	1128.21	94.8388
2183	965.234	91.2479
2184	1199.26	141.866
2185	1069.25	104.2
2186	1120.1	114.817
2187	898.931	99.4736
2188	1000.38	98.2915
2189	614.366	83.3629
2190	1480.73	137.657
2191	719.206	75.6458
2192	1176.22	107.671
2193	1262.58	105.731
2194	1195.23	115.523
2195	1166.56	102.1
2196	1174.4	101.452
2197	1237.66	108.583
2198	1195.9	109.765
2199	1178.62	101.503
2200	2238.31	186.473
2201	1434.13	117.389
2202	1186.08	111.469
2203	1168.69	105.678
2204	1207.88	109.684
2205	1144.97	101.73
2206	1174.94	108.728
2207	1147.66	94.8993
2208	1243.93	106.708
2209	1164.01	97.8466
2210	1269.45	115.812
2211	1199.7	113.031
2212	1376.66	125.159
2213	1336.67	115.016
2214	1166.3	105.783
2215	1249.62	108.993
2216	1265.82	116.388
2217	1328.16	123.721
2218	1187.58	103.186
2219	1175.26	106.435
2220	1125.33	113.734
2221	594.094	71.3728
2222	1175.01	101.888
2223	1212.29	118.096
2224	881.824	96.8391
2225	947.017	99.94
2226	687.513	89.2657
2227	1138.53	111.468
2228	783.114	82.3146
2229	1190.17	122.337
2230	918.364	100.852
2231	860.055	91.6938
2232	1170.09	115.961
2233	1182.42	124.641
2234	985.859	93.6559
2235	994.798	104.469
2236	814.145	90.5281
2237	968.714	94.7279
2238	923.48	111.613
2239	745.151	69.2365
2360	1176.15	95.1919
2361	1222.75	102.029
2362	1573.58	127.108
2363	1197.38	97.8725
2364	1164.49	95.5119
2365	1149.04	94.2722
2366	1168.07	97.1283
2367	1203.82	95.41
2368	1271.68	115.911
2369	1177.09	95.2069
2370	1215.65	97.435
2371	1175.32	101.943
2372	1197.92	96.789
2373	1563.55	131.433
2374	1463.21	112.77
2375	1249.78	100.472
2376	1287.17	102.985
2377	1220.23	101.455
2378	1414.43	118.668
2379	1091.41	87.9763
2380	1383.66	120.189
2381	1158.74	91.4459
2382	1170.9	91.3761
2383	1183.74	106.702
2384	1170.02	90.1821
2385	1198.23	91.5262
2386	1483.52	109.127
2387	1256.03	100.301
2388	1282.66	102.487
2389	1367.58	110.065
2390	1172.31	97.2534
2391	1258.84	96.0261
2392	1363.05	110.403
2393	1197.63	88.277
2394	1342.89	106.862
2395	1173.49	95.4888
2396	1271.85	91.4956
2397	1686.34	128.449
2398	1366.23	109.037
2399	1152.41	83.6607
2400	1172.84	103.528
2401	1172.94	91.1884
2402	1190.81	97.3378
2403	1184.08	101.953
2404	1251.24	105.241
2405	1393.34	106.995
2406	1247.15	97.8241
2407	1127.7	85.2433
2408	1167.35	90.7265
2409	1200.74	101.531
2410	1224.35	108.788
2411	1167.97	95.579
2412	1280.44	101.849
2413	1170.9	95.371
2414	1598.56	123.357
2415	1573.08	122.111
2416	1180.58	95.5663
2417	1676.19	122.207
2418	1425.03	112.497
2419	1534.81	125.253
2420	1304.09	100.434
2421	1172.5	98.8561
2422	1877.84	154.339
2423	1174.61	99.6063
2424	1297	102.786
2425	1300.02	100.34
2426	1349.86	104.361
2427	1289.79	101.103
2428	1867.8	146.363
2429	1720.96	128.305
2430	1158.52	94.1639
2431	1163.97	91.7343
2432	1273.76	94.0347
2433	1125.66	90.6504
2434	465.531	186.518
2435	1229.9	105.615
2436	1186.41	93.7149
2437	1455.15	115.806
2438	1164.11	96.2933
2439	1180.45	105.427
2440	1457.68	120.784
2441	1181.45	94.1157
2442	1226.01	101.595
2443	1198.01	92.4578
2444	1164.8	91.324
2445	1152.61	100.419
2446	1264.02	103.078
2447	1174.6	98.4853
2448	1164.66	93.8258
2449	1205.48	89.6341
2450	1184.78	99.0732
2451	1164.83	90.4337
2452	1385.05	112.798
2453	1162.96	91.1444
2454	1159.1	95.4933
2456	1611.73	136.202
2457	1666.02	135.273
2458	1150.08	90.6262
2459	1159.42	93.437
2460	1181.77	104.375
2461	1160.39	91.4243
2462	1146.42	91.9195
2463	1186.39	96.2174
2464	1150.22	95.9597
2465	1216.27	98.3907
2466	1163.53	105.571
2467	1179.75	99.7834
2468	1156.25	92.9354
2469	1244.07	98.047
2470	1163.4	96.2151
2471	1154.19	92.3985
2472	1553.66	123.809
2473	1528.09	125.445
2474	1842.53	142.836
2475	1346.88	108.095
2476	1365.72	109.214
2477	1191.46	105.331
2478	1252.48	93.9482
2479	1311.68	73.0815
2480	1140.2	87.9723
2481	1182.25	93.8855
2482	1161.05	89.2407
2483	1197.16	99.6064
2484	1164.64	95.0648
2485	1131.99	84.9107
2486	1167	95.863
2487	1441.41	109.28
2488	1229.24	102.368
2489	1187.35	97.8421
2490	1187.89	92.5499
2491	1421.72	114.524
2492	1255.03	104.299
2493	1422.8	114.926
2494	1417.82	120.106
2495	1146.67	94.9568
2496	1174.13	94.5861
2497	1158.93	93.9887
2498	1234.19	93.4265
2499	1174.38	92.3169
2500	1546.42	127.507
2501	1348.22	104.932
2502	1169.83	93.3632
2503	1458	110.209
2504	1053.14	84.8986
2505	1304.45	105.406
2506	1147.22	91.0924
2507	1451.73	116.129
2508	1132.63	91.7668
2509	1181.05	93.8377
2510	1167.18	90.6087
2511	1153.61	92.8737
2512	1188.03	94.0419
2513	1163.13	99.9982
2514	1187.38	90.9497
2515	1169.51	94.2806
2516	1342.28	98.1362
2517	1158.84	88.5248
2518	1178.31	91.5661
2519	1139.87	90.8368
2520	1170.23	92.8441
2521	1305.08	103.748
2522	1393.39	110.939
2523	1182.56	96.5148
2524	1337.25	108.016
2525	1125.51	82.3706
2526	1302.77	84.751
2527	1205.19	132.861
2528	1163.12	88.4498
2529	1205.68	93.9202
2530	1161.34	96.2487
2531	1242.25	91.7961
2532	1145.94	91.2852
2533	1160.08	92.2653
2534	1155.67	87.1078
2535	1139.31	90.23
2536	1153.24	89.4533
2537	1200.67	95.9996
2538	1175.16	86.6823
2539	1209.38	94.8092
2540	1741.65	138.358
2541	1261.36	93.2556
2542	1147.78	89.8649
2543	1231.49	100.461
2544	1184.59	100.414
2545	1253.32	98.2898
2546	1140.55	89.7791
2547	1351.9	105.23
2548	1162.41	94.674
2549	1271.18	97.5907
2550	1205.66	101.087
2551	1563.1	123.341
2552	1134.96	87.5591
2553	1172.43	90.7965
2554	1170.96	96.748
2555	1121.1	97.8548
2556	1374.85	110.864
2557	1173.23	97.0749
2558	1485.7	109.424
2559	1521.73	114.425
2560	1144.99	84.2513
2561	1152.74	85.641
2562	1222.01	97.5002
2563	1617.44	124.828
2564	1141.57	85.6577
2565	1133.39	85.0262
2566	1160.3	95.6631
2567	1708.9	132.262
2568	1174.63	91.0359
2569	1617.37	121.425
2570	1164.93	92.7899
2571	1106.78	84.8269
2572	1189.15	99.2306
2573	1193.21	95.8574
2574	1161.61	93.333
2575	1204.47	94.2116
2576	1172.01	94.0586
2577	1189.63	97.9146
2578	1188.75	96.3592
2579	1207.84	93.9575
2580	1654.8	123.392
2581	1169.61	93.2621
2582	1576.13	130.386
2583	1294.65	104.927
2584	1187.67	95.6721
2585	1176.32	96.5129
2586	1182.97	98.7972
2587	1185.46	95.4093
2588	1192.35	96.3505
2589	1165.67	94.1159
2590	1106.62	92.1787
2591	1158.4	91.9021
2592	1179.12	93.7346
2593	1169.3	94.1911
2594	1342.01	110.362
2595	1215.68	102.779
