0	1147.94	94.1942
1	1164.38	96.1609
2	1676.73	138.951
3	1192.32	92.2368
4	1316.74	107.825
5	1157.51	96.794
6	859.267	79.0313
7	1215.89	98.3036
8	1171.67	103.607
9	1169.48	101.465
10	1154.9	124.002
11	1325.86	167.236
12	1173.7	96.0754
13	1493.53	129.202
14	1292.89	100.463
15	1173.29	101.522
16	1509.07	113.826
17	1213.73	108.559
18	1202.56	99.657
19	1301.44	131.382
20	1477.84	113.403
21	1154.31	103.883
22	1022.6	94.0863
23	909.283	80.8592
24	829.415	72.7328
25	1165.28	109.631
26	1021.76	91.5517
27	857.237	76.2292
28	1112.5	106.924
29	1015.66	98.6756
30	1028.24	93.8015
31	948.336	87.8565
32	1211.37	106.419
33	1032.48	106.207
34	1158.67	101.494
35	1160.05	111.728
36	756.683	65.171
37	1152.58	97.0083
38	974.611	88.924
39	965.895	83.9497
40	958.2	89.5702
41	938.309	80.7007
42	1148.13	92.1987
43	866.128	80.6
44	819.663	69.3603
45	699.989	56.0901
46	809.323	69.9579
47	1175.89	82.5981
48	1149.61	98.3403
49	1191.61	100.205
50	1175.38	94.1359
51	1165.44	97.1593
52	1152.03	84.1921
53	1250.18	106.669
54	1571.56	136.565
55	1161.69	89.1944
56	1162.6	99.4755
57	1219.01	98.5853
58	1196.93	102.148
59	1494.08	121.938
60	1161.86	98.5484
61	1367.84	112.784
62	1175.92	101.756
63	1179.9	109.515
64	1148.06	101.509
65	1365.67	121.95
66	1293.22	110.053
67	1320.08	104.373
68	1176.32	101.808
69	1072.74	99.775
70	988.717	96.6814
71	917.541	80.358
72	714.923	62.1128
73	1025.04	84.8467
74	1006.49	86.0342
75	1130.98	86.726
76	917.35	84.5239
77	1158.44	101.521
78	1114.54	111.061
79	775.908	71.1943
80	919.586	83.8076
81	855.402	83.3015
82	939.906	89.7986
83	1193.13	110.875
84	946.284	80.0036
85	1138.77	99.9468
86	1020.35	97.6113
87	1156.19	122.207
88	779.46	79.1182
89	959.875	89.8298
90	1022.22	99.917
91	993.624	96.3447
92	769.382	76.5862
93	1065.81	100.417
94	976.005	89.2805
95	1160.65	110.838
96	1195.83	90.6117
97	1512.26	125.401
98	1534.64	132.529
99	1218.72	97.2608
100	1168.59	96.979
101	1160.15	93.3556
102	1147.56	92.1567
103	1464.32	136.015
104	1184.37	107.34
105	1198.17	107.911
106	1332.62	109.882
107	1687.17	144.125
108	1351.74	119.633
109	1178.85	103.465
110	1149.86	98.4292
111	1900.72	139.855
112	1216.12	112.031
113	1159.69	114.659
114	1173.64	97.2237
115	1197.86	92.1143
116	1170.46	95.4362
117	974.545	84.3104
118	1060.24	100.381
119	1010.91	88.1665
120	938.718	79.3159
121	1020.1	99.1891
122	1163.58	100.328
123	1149.99	100.501
124	906.588	77.713
125	1007.91	95.8606
126	1021.69	91.619
127	823.216	73.5504
128	1049.31	100.114
129	660.466	56.3265
130	1018.76	93.5081
131	854.595	75.6608
132	776.578	69.7602
133	867.487	72.3299
134	1096.52	89.4534
135	1132.41	87.4616
136	1167.9	102.095
137	1011.34	88.0965
138	911.586	81.1907
139	862.275	76.2049
140	1040	103.568
141	1212.39	113.43
142	1158.04	98.4297
143	968.071	88.8192
144	1168.76	102.826
145	1158.28	100.414
146	1166.58	96.2519
147	1381.88	109.231
148	1154.87	90.8311
149	1380.4	124.183
150	1292.84	124.669
151	1163.62	98.4883
152	1159.04	95.8392
153	1536.35	124.329
154	1530.62	129.549
155	1177.43	102.664
156	1358.72	118.329
157	1412.83	122.982
158	1813.79	145.953
159	1286.61	108.586
160	1680.47	130.759
161	1587.21	121.578
162	1146.02	89.6426
163	1162.45	103.97
164	1295.54	107.414
165	939.326	80.9257
166	954.338	86.8874
167	778.57	68.6099
168	912.961	80.5981
169	988.763	95.9401
170	1043.32	87.9065
171	1166.89	109.185
172	1181.35	118.809
173	1057.74	94.4876
174	1134.24	88.7789
175	1160.08	113.629
176	914.722	78.5311
177	868.104	81.7786
178	1140.14	104.429
179	1032.02	97.9028
180	860.523	76.9594
181	947.519	78.1194
182	1055.33	98.6395
183	1173.07	109.293
184	1204.26	101.961
185	750.403	64.8212
186	1142.42	106.272
187	945.889	80.7023
188	1095.46	98.9342
189	1087.08	93.7395
190	901.043	79.5096
191	346.262	29.6568
192	1544.35	129.375
193	1149.73	93.5974
194	1202.31	98.0087
195	1172.2	92.0202
196	1270.91	97.9646
197	1168.54	100.59
198	1180.56	98.9445
199	1246.25	108.828
200	1536.93	125.558
201	1216.25	98.1232
202	1255.96	109.892
203	1148.17	107.89
204	1163.86	101.776
205	1210.04	104.929
206	1159.91	106.26
207	1217.96	104.694
208	1196.82	95.1834
209	1176.87	98.651
210	1215.38	108.432
211	1158.95	97.484
212	1842.2	160.71
213	1118.09	103.82
214	960.989	81.0951
215	1017.27	91.1707
216	906.679	79.861
217	864.734	76.64
218	1155.58	97.6728
219	1132.21	93.5761
220	1184.25	114.436
221	947.385	83.5174
222	1058.19	89.0179
223	972.184	79.8771
224	1143.23	102.377
225	876.46	81.219
226	802.185	75.366
227	935.587	78.4009
228	965.898	89.7517
229	1149.43	103.877
230	825.453	81.4748
231	666.325	55.7342
232	830.763	74.2982
233	851.562	69.1663
234	1097.93	90.4418
235	1186.14	117.001
236	830.963	78.9648
237	779.366	74.6998
238	1150.31	102.746
239	946.94	83.6929
240	1189.12	101.326
241	1128.2	93.913
242	1333.18	108.108
243	1221.41	106.71
244	1167.12	113.655
245	1197.99	120.606
246	1210.11	104.064
247	1196.29	105.855
248	1479.43	115.956
249	1280.16	104.282
250	1481.12	116.123
251	1182.23	102.647
252	1190.94	87.9681
253	1163.97	95.4991
254	1239.73	110.278
255	1156.33	102.333
256	1425.21	120.204
257	1156.75	102.422
258	1549.44	136.261
259	1138.27	93.9623
260	1987.36	168.019
261	793.825	79.3134
262	1091.07	104.552
263	1113.08	99.6795
264	1194.97	105.504
265	1101.76	100.667
266	826.651	72.7787
267	1015.58	103.861
268	1027.62	90.5419
269	960.156	85.001
270	829.144	74.6004
271	775.362	69.7919
272	1023.27	102.526
273	900.359	75.0068
274	1291.95	117.327
275	1351.52	121.319
276	893.805	76.59
277	948.013	84.1259
278	863.56	76.9367
279	759.061	65.3133
280	1011.63	89.5444
281	1104.79	100.252
282	757.332	61.4593
283	910.585	81.547
284	861.617	80.2603
285	826.627	75.5885
286	1090.45	106.964
287	917.197	76.9505
288	1284.05	102.956
289	1299.68	105.612
290	1489.08	121.608
291	1157.34	105.348
292	1175.57	96.157
293	1179.75	105.459
294	1183.9	98.8398
295	1198.94	99.0352
296	1215.68	102.838
297	1179.1	97.5065
298	1180.42	100.484
299	1292.98	113.412
300	1169.74	97.4637
301	1298.26	109.333
302	1158.1	91.1853
303	1170.83	97.7574
304	1156.41	99.767
305	1175.83	100.327
306	1173.65	101.724
307	1199.32	95.2465
308	1151.19	99.1128
309	1112.16	100.315
310	1039.76	97.8525
311	1096.4	102.577
312	877.762	80.955
313	1161.39	97.8695
314	938.538	71.776
315	978.978	90.4477
316	950.498	91.3267
317	1634.26	133.998
318	955.992	84.7204
319	819.709	73.6491
320	1165.38	100.899
321	1013.24	96.2955
322	945.122	89.5205
323	867.46	74.2008
324	972.059	94.4357
325	1263.6	112.582
326	1011.12	91.9204
327	912.29	77.7825
328	997.704	82.5052
329	1175.71	108.083
330	1100.36	92.4214
331	946.411	82.8734
332	1145.09	101.546
333	1149.89	97.5814
334	819.537	77.7501
335	863.451	77.9516
336	1171.33	95.0999
337	1185.76	95.4763
338	1245.01	103.605
339	1521.07	126.209
340	1169.91	92.0855
341	1281.32	117.033
342	1137.44	93.9163
343	1368.61	114.523
344	1159.55	101.27
345	1395.47	132.586
346	1188.16	91.3801
347	1171.21	96.7608
348	1586.43	128.285
349	1173.34	101.014
350	1146.34	95.7293
351	1184.36	103.654
352	1154.4	90.761
353	1209.63	98.7758
354	1487.17	127.756
355	1167.08	89.9188
356	1613.31	120.551
357	475.039	79.7788
358	1026.77	92.151
359	1160.94	108.277
360	1140.68	92.3343
361	1021.26	98.5441
362	1006.02	91.2641
363	2052.49	174.989
364	1156.62	106.936
365	1094.8	97.873
366	872.017	85.0064
367	1159.72	111.337
368	1113.69	98.6644
369	1081.45	114.619
370	955.949	82.0701
371	1141.04	107.534
372	979.729	82.2356
373	1005.76	86.1133
374	811.288	73.4153
375	1617.85	126.678
376	1148.97	107.623
377	1017.28	87.4689
378	779.036	73.1805
379	1131.91	100.145
380	1094.25	99.3485
381	1104.96	107.434
382	1015.87	94.2445
383	940.097	81.69
384	1166.21	96.254
385	1383.93	123.504
386	1466.92	112.855
387	1320.23	109.387
388	1343.94	102.745
389	1362.74	121.51
390	1210.58	100.763
391	1168.5	91.9003
392	1172.55	98.2352
393	1162.07	98.7871
394	1153.02	98.7748
395	1157.17	95.7022
396	1196.84	95.4447
397	1280.29	97.854
398	1161.48	97.7957
399	1204.17	95.4749
400	1148.85	95.3043
401	1176.2	96.8248
402	1397.3	111.208
403	1164.88	103.024
404	1198.01	98.8391
405	942.338	76.172
406	917.048	89.1426
407	1091.5	92.8635
408	1067.25	92.405
409	943.011	79.3177
410	950.913	77.0804
411	903.333	83.0502
412	859.939	76.306
413	938.043	72.6235
414	826.576	72.9149
415	1133.63	93.1726
416	900.43	75.6417
417	855.884	75.8476
418	1047.84	90.4443
419	391.016	51.269
420	867.917	72.4811
421	972.006	94.128
422	913.398	75.1281
423	1064.78	90.0649
424	1154.55	103.558
425	931.539	80.7384
426	1158.41	102.896
427	985.897	93.4725
428	1011.13	88.2978
429	823.625	77.2388
430	1054.55	102.295
431	1010.92	87.7227
432	1152.27	92.0631
433	1334.71	104.673
434	1138.2	87.6445
435	1208.78	97.3814
436	1134.63	94.035
437	1202.23	106.335
438	1541.47	128.508
439	1245.15	111.424
440	1370.3	107.362
441	1519.54	126.838
442	1152.35	90.9689
443	1336.6	111.745
444	1231.61	103.299
445	1150.81	96.9288
446	1295.92	108.302
447	1159.43	91.5789
448	1167.58	93.2764
449	1161.09	101.554
450	1538.4	126.392
451	1166.19	102.769
452	1199.58	96.0064
453	728.225	73.399
454	984.832	83.4868
455	1175.16	106.598
456	1099.54	92.02
457	916.643	78.0593
458	1027.34	99.6795
459	788.981	74.6524
460	777.418	72.5481
461	999.889	88.0587
462	1014.31	91.6567
463	1199.2	102.244
464	935.002	77.9017
465	898.489	77.9212
466	952.036	79.5198
467	957.41	81.2834
468	1113.65	94.8248
469	938.47	76.9221
470	1123.68	110.746
471	440.299	85.0562
472	818.5	72.3139
473	976.687	88.5277
474	1126.23	93.8385
475	975.595	84.4545
476	1086.9	106.637
477	940.816	74.7319
478	1119.45	108.764
479	901.637	76.9291
480	1275.24	104.135
481	1167.37	97.1531
482	1320.07	107.259
483	1169.39	101.471
484	1127.42	96.3264
485	1437.01	119.675
486	1196.77	95.1425
487	1203.36	91.9299
488	1155.43	92.696
489	1218.89	101.839
490	1434.39	116.28
491	1161.76	101.155
492	1148.65	87.0244
493	1282.15	106.048
494	1577.08	132.079
495	1141.77	94.5152
496	1149.86	87.7575
497	1350.49	116.623
498	1200.91	102.933
499	1159.87	95.9006
500	1305.47	103.522
501	905.553	76.5432
502	1043.44	86.3912
503	1161.27	103.36
504	1154.3	106.259
505	803.534	74.7458
506	865.234	81.2875
507	1054.39	94.5073
508	1008.22	90.0516
509	1169.37	97.6863
510	1080.87	90.8074
511	1004.51	90.3395
512	853.461	76.8164
513	1135.09	97.7603
514	777.498	69.7289
515	1104.42	94.6692
516	948.554	84.2593
517	1090.64	93.558
518	1018.17	91.4979
519	468.125	76.2058
520	429.175	63.4057
521	1166.55	107.854
522	1039	85.7655
523	1023.51	89.4572
524	1087.03	88.6145
525	1155.9	101.772
526	1141.26	99.2671
527	1043.39	88.0129
528	1156.18	94.1305
529	1611.06	138.247
530	1124.9	97.9049
531	1039.57	80.8827
532	1236.25	105.128
533	1148.71	94.3297
534	1173.43	91.9525
535	1168.66	91.8515
536	1161.23	97.5934
537	1155.49	94.4608
538	1153.03	93.7175
539	1194.81	96.782
540	1173.38	105.679
541	1161.64	94.3356
542	1172.39	100.13
543	1151.75	92.0606
544	1241.84	104.052
545	1217.73	97.387
546	1296.48	102.207
547	1348.76	114.412
548	1159.39	92.0647
549	1175.17	103.178
550	964.654	94.053
551	1052.97	93.8119
552	940.211	75.3796
553	554.2	87.3101
554	825.682	74.5503
555	915.356	79.9603
556	968.035	84.2039
557	823.321	74.0374
558	1118.47	102.213
559	815.884	69.6287
560	863.282	76.6061
561	831.867	77.8946
562	760.181	67.1265
563	964.352	92.5025
564	877.202	78.5634
565	1167.02	101.353
566	962.033	85.8938
567	950.434	74.127
568	1074.13	94.6961
569	1143.28	97.9521
570	779.188	73.3918
571	1097.28	104.204
572	1099.61	92.3543
573	891.311	70.879
574	1180.78	107.433
575	1049.14	90.6589
576	1212.12	96.2015
577	1454.07	121.476
578	1332.33	106.47
579	1139.41	92.8347
580	1369.58	111.732
581	1247.97	91.0068
582	1446.28	116.106
583	1341.2	111.99
584	1160.78	93.3892
585	1163.22	94.2223
586	1150.77	98.4968
587	1257.2	102.641
588	1400.1	119.508
589	1330.74	101.843
590	1163.7	104.043
591	1182.43	107.146
592	1263.21	102.827
593	1169.35	100.377
594	1174.94	97.2212
595	1157.73	101.871
596	1222.6	98.7112
597	1055.38	104.218
598	1083.83	92.1473
599	1156.23	104.223
600	1439.71	125.953
601	859.333	79.2824
602	1174.17	115.345
603	1136.61	98.253
604	1054.93	105.77
605	833.135	74.8176
606	953.629	85.7294
607	677.888	60.6459
608	792.351	81.9806
609	782.427	76.4827
610	1085.08	97.7175
611	869.63	83.4253
612	826.712	69.1865
613	1153.49	103.246
614	1131.15	95.0865
615	947.698	76.6904
616	1059.91	96.1948
617	926.66	85.279
618	935.711	79.304
619	862.234	74.1952
620	1033.68	92.462
621	1067.1	99.831
622	1149.76	102.437
623	1071.46	103.243
624	1433.48	123.094
625	1149.37	89.0106
626	1172.4	97.3535
627	1144.89	88.6787
628	1170.22	93.7127
629	1177.54	97.9212
630	1274.05	100.394
631	1152.38	89.7878
632	1278.52	103.96
633	1177.43	95.0609
634	1154.39	94.689
635	1146.72	99.8608
636	1148.37	94.3528
637	1301.02	106.541
638	1153.08	90.2312
639	1238.6	95.4715
640	1520.64	129.845
641	1244.17	106.735
642	1279.52	103.501
643	1224.23	105.162
644	1160.26	101.734
645	964.855	90.6392
646	863.149	79.3818
647	765.214	70.8226
648	1177.08	105.842
649	831.527	79.3919
650	1161.73	102.265
651	1100.72	98.8628
652	856.672	82.7785
653	833.958	71.2918
654	1086.52	94.8378
655	1093.06	94.9925
656	852.745	77.774
657	951.213	85.3403
658	1143.24	100.601
659	1139.3	92.1606
660	938.476	78.6514
661	1053.65	96.3877
662	1156.43	101.412
663	1042.19	87.669
664	1082.33	86.4924
665	1153.37	96.4894
666	946.844	85.5764
667	1026.15	89.515
668	1151.06	102.485
669	895.418	79.4787
670	1050.9	91.4302
671	1137.64	100.815
672	1153.94	92.556
673	1152.19	92.0313
674	1333.48	109.356
675	1381.48	104.492
676	1319.09	98.8999
677	1285.14	100.573
678	1184.93	99.9806
679	1170.88	99.3048
680	1247.86	106.572
681	1407.1	112.356
682	1169.25	99.8233
683	1208.36	105.041
684	1473.76	116.388
685	1432.66	118.448
686	1287.35	101.009
687	1180.73	103.949
688	1146.68	91.2032
689	1171.9	99.6638
690	1583.59	144.453
691	1145.6	94.2231
692	1338.01	105.551
693	1042.88	92.7327
694	1143.61	104.251
695	1144.04	113.732
696	1072.32	95.0075
697	975.711	91.4136
698	1060.3	95.1808
699	1134.12	99.5383
700	1101.18	106.2
701	963.639	87.5677
702	837.297	83.1257
703	1110.19	105.728
704	1064.86	91.7736
705	979.435	92.6248
706	1150.62	95.8887
707	1036.37	100.044
708	1156.15	106.582
709	941.25	80.4203
710	1154.77	106.129
711	1133.06	93.981
712	1071.74	105.132
713	1103.83	95.2401
714	1133.94	88.9032
715	1016.27	91.0751
716	1150.43	101.359
717	1136.49	103.735
718	1153.52	96.1132
719	851.1	79.022
720	1273.88	111.819
721	1161.52	107.768
722	1158.51	98.5863
723	1287.93	104.626
724	1430.87	110.069
725	1154.32	97.7547
726	1223.46	101.759
727	1208.51	104.273
728	1161.29	101.252
729	1239.22	117.578
730	1257.59	110.029
731	1360.49	109.478
732	1141.25	91.8819
733	1159.97	99.6802
734	1176.38	95.162
735	1200.63	95.9622
736	1166.74	96.9353
737	1164.63	96.3734
738	1507.24	129.437
739	1216.54	108.975
740	1222.12	96.6361
741	944.475	82.8162
742	1007.97	90.2838
743	1072.1	101.39
744	1170.96	114.447
745	821.439	79.9667
746	673.852	62.0254
747	955.989	82.5143
748	1146.54	112.954
749	1103.2	106.9
750	1154.24	125.569
751	913.738	84.7758
752	879.119	80.8143
753	1162.19	109.99
754	1106.26	95.54
755	904.619	75.7101
756	818.549	82.8797
757	876.388	86.1702
758	905.42	82.6579
759	1160.62	107.67
760	1175.28	123.783
761	1008.09	85.731
762	1167.76	107.02
763	1054.85	96.5536
764	970.7	88.4756
765	773.559	73.6823
766	1159.02	105.974
767	909.201	74.6467
768	1296.39	99.1347
769	1350.59	102.213
770	1401.77	105.072
771	1603.72	144.682
772	1281.63	98.677
773	1332.66	109.773
774	1152.07	92.7694
775	1276.35	99.2105
776	1320.39	103.116
777	1211.35	105.814
778	1251.03	112.159
779	1174.3	95.3706
780	1175.36	118.073
781	1167.67	93.77
782	1159.06	91.6913
783	1185.65	92.7923
784	1282.1	100.28
785	1238.34	106.752
786	1545.03	132.995
787	1279.57	99.1097
788	1353.11	114.39
789	1163.34	108.944
790	1151.93	110.453
791	1032.83	99.7346
792	1108.29	95.6418
793	790.583	76.9563
794	882.784	87.1579
795	1124.6	96.373
796	1167.37	118.118
797	980.78	92.4952
798	944.248	92.2936
799	1089.54	96.6896
800	1016.36	89.2069
801	1056.33	92.2317
802	868.806	82.8467
803	1147.62	110.835
804	1116.82	110.457
805	789.645	79.6009
806	1177.1	109.358
807	1087.32	96.6071
808	1196.67	107.053
809	1171.82	99.1434
810	964.398	90.71
811	899.683	78.7713
812	1006.53	84.8023
813	1087.93	91.7546
814	1100.68	102.352
815	947.908	79.2547
816	1140.16	93.4993
817	1147.73	96.6028
818	1403.66	116.32
819	1138.35	92.6926
820	1276.11	99.8043
821	1226.89	91.638
822	1208.22	103.835
823	1434.41	122.107
824	1428.26	113.433
825	1321.33	102.791
826	1177.21	98.2378
827	1233.12	97.2279
828	1149	88.3188
829	1166.91	100.953
830	1316.07	111.877
831	1149.63	90.9008
832	1159.98	93.1703
833	1153.7	98.2
834	1148.06	92.1758
835	1172.83	101.378
836	1400.4	121.556
837	1028.58	89.6398
838	1148.45	108.166
839	1048.13	93.917
840	836.816	85.0757
841	1124.72	112.757
842	1060.39	94.8134
843	1134.04	94.5467
844	1008.04	93.1275
845	954.738	89.5246
846	1154.75	98.9341
847	834.276	89.8297
848	1135.24	99.0121
849	1017.83	97.3667
850	1007.2	84.4506
851	1205.41	107.375
852	1519.55	124.619
853	880.724	86.9664
854	920.093	84.3842
855	963.519	90.5529
856	863.066	81.1389
857	962.62	85.2829
858	1125.06	84.8925
859	833.687	77.8105
860	1161.39	103.327
861	957.607	86.463
862	1142.66	95.3349
863	1154.23	100.974
864	1169.41	92.5996
865	1206.25	94.073
866	1330.99	117.09
867	1339.84	99.5061
868	1164.44	96.5903
869	1123.47	94.2387
870	1136.82	98.4712
871	1142.81	98.4204
872	1164.95	95.0944
873	1559.39	160.809
874	1131.79	97.6889
875	1143.81	92.7334
876	1440.81	121.233
877	1262.16	116.305
878	1198.01	106.079
879	1171.18	97.2894
880	1279.94	101.184
881	1039.12	88.844
882	1259.98	104.867
883	1334.89	108.797
884	1205.65	94.7275
885	1149.42	137.632
886	834.087	87.2074
887	961.171	91.4848
888	877.326	80.6148
889	788.038	73.0889
890	879.631	88.4925
891	1178.87	105.641
892	762.414	68.7539
893	1160.39	100.935
894	639.569	64.2248
895	835.422	84.4468
896	975.73	106.792
897	1097.53	99.2625
898	708.86	72.8383
899	1044.17	85.8641
900	958.818	89.1615
901	744.62	63.9825
902	1137.72	103.319
903	1054.9	98.9752
904	781.738	70.2457
905	940.273	81.5221
906	770.23	74.9604
907	1142.39	117.526
908	950.459	79.4687
909	1201.3	104.776
910	1125.26	99.297
911	1022.55	97.1377
912	1174.82	92.8905
913	1249.84	105.112
914	1340.15	112.252
915	1279.85	92.8728
916	1159.49	94.8545
917	1164.23	101.177
918	1173.86	95.409
919	1160.8	95.1994
920	1154.17	92.5214
921	1140.74	97.8081
922	1319.41	112.357
923	1337.76	109.66
924	1216.13	107.096
925	1147.91	107.32
926	1237.74	98.3634
927	1150.42	95.0413
928	1149.6	91.0743
929	1323.8	117.653
930	1197.72	103.614
931	1145.23	92.9783
932	1428.83	182.971
933	571.544	57.585
934	578.234	58.125
935	1150.61	115.843
936	953.243	83.081
937	790.196	73.5554
938	1169.89	106.711
939	762.475	72.7234
940	627.965	57.4637
941	576.056	52.0888
942	1024.27	93.5796
943	760.917	67.7746
944	1156.35	102.825
945	1061.16	99.2382
946	982.443	85.6619
947	964.319	90.0742
948	1160.48	108.171
949	904.597	87.8638
950	1182.6	101.029
951	1064.01	89.1978
952	974.83	91.2973
953	1062.05	91.6385
954	1099.58	100.526
955	1062.01	92.3623
956	1142.05	96.0213
957	1145.78	111.539
958	975.086	88.118
959	452.915	92.4205
960	1323.44	102.743
961	1616.4	136.41
962	1130.17	94.9329
963	1160.06	90.5071
964	1212.57	94.5122
965	1525	124.486
966	1179.86	105.407
967	1161.78	93.3955
968	1148.84	94.6293
969	1407.57	118.297
970	1397.61	119.699
971	1320.24	107.015
972	1276.32	108.786
973	1180.81	99.046
974	1284.81	106.102
975	1406.26	115.758
976	1225.23	105.651
977	1140.99	89.6286
978	1369.63	123.702
979	1307.01	94.7733
980	1413.02	119.679
981	935.351	82.2942
982	1148.02	105.783
983	722.588	68.5629
984	1100.62	99.4503
985	765.16	79.9643
986	1018.08	100.739
987	985.383	91.3161
988	1008.47	89.1237
989	903.454	88.6845
990	1100.41	100.335
991	916.03	86.9455
992	1073.24	103.557
993	1143.66	102.064
994	1149.76	99.8673
995	726.211	72.2712
996	986.394	95.8018
997	958.682	86.8323
998	1128.79	102.301
999	974.063	94.5379
1000	1208.23	103.649
1001	1160.05	92.6845
1002	1368.97	112.491
1003	1167.47	95.9274
1004	1126.3	83.8374
1005	1196.48	96.5628
1006	1239.73	101.319
1007	1446.76	110.731
1008	1268.1	118.462
1009	1164.19	98.2961
1010	1363.64	116.558
1011	1155.5	99.2014
1012	1169.09	95.4767
1013	1211.77	114.368
1014	1216.51	114.732
1015	1236.56	105.547
1016	1253.93	113.891
1017	1351.89	113.895
1018	1404.03	123.345
1019	1659.14	131.721
1020	1257.16	102.503
1021	994.714	103.752
1022	975.87	89.4395
1023	1580.64	129.396
1024	1205.93	117.505
1025	1168.91	103.692
1026	1082.25	92.714
1027	1177.29	102.845
1028	1144.82	98.2439
1029	1058.97	94.9478
1030	1164.74	100.811
1031	1048.68	87.8195
1032	1090.07	89.1402
1033	990.758	90.2204
1034	1157.04	110.061
1035	1125.41	88.2783
1036	841.278	80.7157
1037	1148.54	100.364
1038	1159.31	107.848
1039	926.94	80.1422
1040	1284.74	98.7434
1041	1127.21	84.7967
1042	1536.69	121.562
1043	1295.77	117.452
1044	1214.56	101.219
1045	1153.42	103.51
1046	1137.11	86.9683
1047	1324.33	98.2793
1048	1970.94	178.678
1049	1217.17	107.383
1050	1337.03	107.708
1051	1145.56	97.5024
1052	1131.27	91.4715
1053	1687.93	140.184
1054	1113.24	87.2969
1055	1736.44	141.43
1056	1243.1	103.817
1057	1131.26	91.3648
1058	1447.23	132.108
1059	1623.6	130.977
1060	1454.81	129.352
1061	779.438	79.4106
1062	980.755	103.002
1063	1070.46	101.324
1064	868.116	84.1141
1065	940.688	83.3331
1066	934.055	73.7988
1067	1162.51	100.741
1068	1026.66	107.717
1069	1170.34	116.898
1070	1069.18	101.851
1071	1180.4	106.623
1072	1138.05	113.388
1073	1004.81	81.6007
1074	811.773	84.8023
1075	1150.54	94.1647
1076	1095.92	86.4386
1077	1000.54	79.7276
1078	870.58	76.1574
1079	1099.48	97.8286
1080	1735.85	137.454
1081	1338.59	105.313
1082	1158.78	98.0394
1083	1171.07	96.8806
1084	1227.33	109.419
1085	1160.11	95.9215
1086	1157.81	95.6839
1087	1248.83	100.78
1088	1102.27	89.2249
1089	1169.93	102.61
1090	1158.94	92.7991
1091	1433.55	127.069
1092	1169.33	108.14
1093	1165.33	92.03
1094	1157.11	102.222
1095	1321.35	111.491
1096	1275.55	94.9687
1097	1159.23	102.488
1098	1156.01	96.4201
1099	1161.29	102.096
1100	792.693	78.6444
1101	600.173	63.0526
1102	947.238	92.2428
1103	1243.5	101.931
1104	1028.44	100.924
1105	1078.1	108.932
1106	1150.74	98.829
1107	983.551	96.598
1108	1101.69	115.11
1109	1165.34	97.345
1110	1170.45	103.057
1111	1154.97	114.523
1112	711.708	65.6148
1113	976.386	87.5933
1114	707.626	69.4099
1115	1175.09	122.921
1116	751.006	64.1319
1117	909.575	79.6885
1118	1005.45	84.9071
1119	903.558	78.2512
1120	1481.74	120.769
1121	1426.68	110.043
1122	1335.7	101.672
1123	1429.95	117.33
1124	1174.19	102.918
1125	1170.36	96.2018
1126	1364.9	130.304
1127	1168.11	92.9416
1128	1209.8	104.993
1129	1173.98	104.987
1130	1572.13	130.633
1131	1296.02	104.071
1132	1150.36	101.942
1133	1152.25	88.0984
1134	1478.5	122.642
1135	1153.11	94.3295
1136	1267.48	100.582
1137	1209.94	94.0282
1138	1560.31	131.317
1139	1147.46	100.173
1140	860.922	75.553
1141	1144.51	110.392
1142	959.365	84.1843
1143	1136.22	111.738
1144	668.248	67.5624
1145	1092.52	111.32
1146	776.777	72.5138
1147	1020.9	88.9079
1148	876.556	77.6983
1149	913.586	84.5488
1150	992.957	90.2114
1151	862.933	80.3629
1152	939.859	76.7456
1153	1023.01	105.345
1154	1136.56	108.328
1155	1145.56	100.202
1156	1088.28	85.6201
1157	1084.99	91.2384
1158	1052.43	84.1443
1159	1105.93	102.546
1160	1478.61	115.497
1161	1156.9	95.7185
1162	1152.55	98.5689
1163	1204.59	94.3376
1164	1161.57	93.8449
1165	1135.73	96.3412
1166	1212.52	107.507
1167	1249.42	103.259
1168	1153.44	94.676
1169	1168.4	96.2775
1170	1190.44	101.172
1171	1195.78	89.7867
1172	1206.37	99.6834
1173	1167.17	98.2375
1174	1334.71	113.698
1175	1529.91	124.966
1176	1617.09	144.504
1177	1325.01	109.54
1178	1163.85	111.619
1179	1288.22	102.327
1180	1362.33	117.944
1181	942.521	79.1958
1182	1099.43	95.4593
1183	872.142	85.8417
1184	1008.3	83.9042
1185	979.552	102.104
1186	1201.33	100.148
1187	948.186	83.3671
1188	973.714	84.981
1189	973.238	93.2257
1190	1024.66	96.5894
1191	678.459	63.2161
1192	1152.21	102.235
1193	1145.32	105.213
1194	1149.87	106.213
1195	933.748	75.6433
1196	1096.27	98.3883
1197	821.199	74.2962
1198	917.838	82.3717
1199	795.766	72.2223
1200	1138.8	85.1757
1201	1363.57	109.654
1202	1498.6	105.055
1203	1323.3	100.384
1204	1466.08	114.991
1205	1379.26	121.726
1206	1249.62	98.2092
1207	1133.51	91.0698
1208	1296.31	112.503
1209	1139.37	93.1302
1210	1344.29	112.823
1211	1324.62	106.995
1212	1137.71	94.0055
1213	1500.26	120.364
1214	1364.29	159.721
1215	1335.98	107.253
1216	1719.5	170.287
1217	1339.52	116.754
1218	1282.03	99.3565
1219	1136.79	91.3635
1220	1244.21	103.43
1221	1139.99	110.132
1222	1146.04	116.55
1223	1059.55	88.775
1224	1145.42	100.898
1225	775.415	75.6718
1226	1112.49	93.242
1227	1120.89	83.2086
1228	1058.97	85.6058
1229	1014.25	92.6614
1230	1143.78	101.779
1231	1034.13	93.4986
1232	964.693	90.6785
1233	867.187	76.6791
1234	914.467	82.8304
1235	1091.76	88.9887
1236	1169.82	98.1713
1237	934.144	77.3967
1238	835.373	79.2686
1239	858.376	72.6514
1240	1384.19	114.562
1241	1150.89	94.4845
1242	1220.82	97.1259
1243	1147.02	88.3268
1244	1198.38	105.51
1245	1144.96	90.1331
1246	1172.22	98.0408
1247	1139.95	94.2195
1248	1163.27	101.046
1249	1523.72	114.108
1250	1160.03	100.335
1251	1246.49	115.293
1252	1203.24	95.6972
1253	1337.55	104.931
1254	1183.02	105.581
1255	1187.84	98.4195
1256	1253.61	101.235
1257	1383.38	119.854
1258	1433.66	129.536
1259	1375.29	120.107
1260	816.213	75.4079
1261	982.923	97.8706
1262	838.633	80.1073
1263	770.494	72.8055
1264	1083.46	85.4718
1265	823.683	77.4059
1266	1024.81	92.7162
1267	1052.16	92.0602
1268	985.233	90.9641
1269	1138.1	92.7413
1270	872.174	82.2708
1271	1127.21	101.554
1272	1082.02	87.563
1273	904.831	76.4398
1274	965.609	90.4905
1275	835.885	76.9203
1276	746.907	65.6844
1277	744.991	62.5079
1278	911.509	74.9786
1279	807.079	68.6627
1280	1369.77	112.819
1281	1326.45	94.7386
1282	1463.72	117.173
1283	1166.7	93.548
1284	1203.68	84.6676
1285	1373.5	118.851
1286	1777.03	137.803
1287	1411.22	117.933
1288	1348.84	109.942
1289	1205.42	109.454
1290	1272.99	102.061
1291	1348.74	117.129
1292	1314.91	96.5753
1293	1242.93	97.8063
1294	1165.78	107.737
1295	1473.62	123.099
1296	1140.64	101.66
1297	1462.42	155.166
1298	1163.11	99.9709
1299	1121.39	92.8598
1300	1124.44	91.6327
1301	1138.38	102.892
1302	1406.7	131.508
1303	1138.04	91.9154
1304	1125.36	94.3932
1305	1291.61	109.674
1306	1172.68	104.156
1307	1127.62	91.9578
1308	863.694	82.0551
1309	1074.05	101.81
1310	1166.27	114.783
1311	877.32	82.2076
1312	1032.09	97.5522
1313	1057.18	97.5254
1314	897.973	73.3645
1315	826.646	84.7141
1316	875.125	78.8039
1317	958.124	86.6665
1318	943.814	75.3932
1319	983.895	95.8418
1320	680.858	60.7475
1321	935.774	71.9762
1322	797.111	84.2586
1323	692.13	73.0999
1324	892.384	71.0279
1325	775.286	68.7718
1326	1326.87	97.3996
1327	773.076	71.5068
1328	1205.34	95.9545
1329	1158.33	90.0296
1330	1326.04	107.77
1331	1301.21	101.624
1332	1529.69	124.634
1333	1240.96	106.168
1334	1364.57	111.599
1335	1344.72	112.295
1336	1144.06	98.7657
1337	1095.12	90.7894
1338	1150.98	95.2351
1339	1143.99	93.5175
1340	1478.76	119.088
1341	1262.93	103.57
1342	1469.77	119.017
1343	1238.93	105.045
1344	1148.22	106.629
1345	1320.79	105.976
1346	1284.28	107.628
1347	1211.77	96.3099
1348	1140.16	90.4019
1349	1516.78	135.374
1350	1285.45	101.442
1351	1280	103.568
1352	1332.29	101.748
1353	1180.21	102.955
1354	1170.83	98.2899
1355	1254.04	101.741
1356	822.855	71.1339
1357	730.083	69.0982
1358	852.647	76.7188
1359	683.597	70.6595
1360	856.957	77.6152
1361	759.926	76.6588
1362	981.996	86.6143
1363	1158.15	107.735
1364	839.91	83.5407
1365	719.153	62.2912
1366	951.09	79.7096
1367	683.214	65.8637
1368	765.883	69.4992
1369	569.579	53.4312
1370	971.478	82.7578
1371	1071.99	103.61
1372	969.082	82.0328
1373	1096.34	96.3059
1374	1052.19	90.376
1375	758.537	67.4843
1376	1406.62	116.576
1377	1139.43	84.3027
1378	1226.17	101.951
1379	1146.15	87.5735
1380	1431.17	105.467
1381	1251.22	104.192
1382	1166.06	93.3655
1383	1171.67	94.9089
1384	1162.03	94.6758
1385	1356.79	112.413
1386	1231.97	95.9352
1387	1220.29	111.496
1388	1293.36	110.93
1389	1158.19	89.689
1390	1138.51	84.8801
1391	1222.69	101.429
1392	1166.16	97.695
1393	1102.26	90.7928
1394	1156.78	93.3097
1395	1154.23	94.3414
1396	1280.69	105.015
1397	1409.16	115.665
1398	1146.52	102.281
1399	1156.41	93.8642
1400	1151.44	93.5407
1401	1153.45	96.813
1402	1229.82	108.578
1403	1171.54	98.9839
1404	771.623	69.8919
1405	1064.78	99.8435
1406	914.134	81.3797
1407	774.26	72.8119
1408	992.371	91.8311
1409	852.918	72.1992
1410	1141.93	96.5661
1411	1118.99	117.732
1412	913.304	84.8088
1413	862.687	79.2638
1414	809.446	71.2013
1415	940.025	77.8383
1416	748.76	66.2316
1417	782.431	74.8016
1418	1009.11	89.4251
1419	903.949	78.2461
1420	1077.58	109.362
1421	938.89	74.8876
1422	1152.9	106.782
1423	897.447	80.012
1424	1156.7	93.6239
1425	1432.34	112.608
1426	1137.56	100.501
1427	1145.32	90.6355
1428	1393.71	114.706
1429	1347.13	98.7182
1430	1560.99	124.837
1431	1194.48	97.3285
1432	1147.37	96.3002
1433	1132.4	90.4899
1434	1167.58	96.0886
1435	1467.91	121.835
1436	1301.69	109.83
1437	1133.77	90.5855
1438	1109.76	88.8291
1439	1264.15	106.633
1440	1166.86	95.7584
1441	1193.43	101.653
1442	1148.47	92.4117
1443	1196.08	100.861
1444	1294.63	101.568
1445	1145.42	92.1767
1446	1225.91	105.256
1447	1127.11	93.6078
1448	1154.64	90.045
1449	1145.34	94.0994
1450	1222	95.1295
1451	1217.14	103.559
1452	1324.44	103.509
1453	926.071	81.9188
1454	835.426	78.8855
1455	1146.87	95.7734
1456	774.998	75.8553
1457	1144.04	98.7525
1458	935.744	82.8189
1459	687.312	67.3335
1460	1110.33	111.667
1461	858.193	75.1558
1462	908.63	84.0733
1463	568.835	52.3973
1464	788.013	75.9508
1465	1150.52	97.5236
1466	864.141	83.5863
1467	896.326	77.3222
1468	839.176	77.9535
1469	942.444	93.5212
1470	1032.14	97.5015
1471	721.191	64.3955
1472	1157.82	95.1347
1473	1190.72	92.8685
1474	1157.51	94.5241
1475	1190.81	89.3999
1476	1593.25	130.244
1477	1180.07	101.56
1478	1253.22	98.9663
1479	1344.62	104.452
1480	1152.86	88.9689
1481	1101.75	105.526
1482	1245.98	106.664
1483	1277.58	104.093
1484	1248.32	92.8921
1485	1496.43	127.253
1486	1278.35	98.3963
1487	1362.56	107.529
1488	1941.91	156.101
1489	1366.52	112.893
1490	1160.12	95.2
1491	1136.34	93.0704
1492	1385.5	101.973
1493	1148.59	99.4508
1494	1140.83	93.4536
1495	1159.78	92.029
1496	1153.41	87.7541
1497	1167.15	102.065
1498	1103.35	95.758
1499	1128.75	80.4419
1500	1145.48	106.652
1501	868.936	76.7645
1502	1111.35	102.385
1503	994.189	89.5379
1504	1014.06	95.8396
1505	1158.34	101.632
1506	1109.81	97.4477
1507	817.423	79.0465
1508	1157.04	101.389
1509	963.747	81.6279
1510	1195.2	97.6652
1511	1029.7	103.547
1512	953.127	82.5439
1513	932.893	76.7603
1514	1017.64	90.2024
1515	1026.84	98.4398
1516	898.872	80.136
1517	1012.05	81.652
1518	1020.33	97.1217
1519	917.708	82.4129
1520	1255.89	102.879
1521	1517.8	115.352
1522	1298.76	102.012
1523	1217.78	104.523
1524	873.36	74.0993
1525	1164.38	97.1755
1526	1153.33	90.6812
1527	1351.62	107.977
1528	1319.26	105.237
1529	1276.27	109.223
1530	1490.78	129.724
1531	1289.34	111.519
1532	1136.73	83.919
1533	1406.69	113.285
1534	1279.47	109.738
1535	1526.74	118.275
1536	1266.32	108.278
1537	1220.53	105.512
1538	1154.48	89.9031
1539	1185.8	104.986
1540	1157.37	88.3988
1541	1516.89	129.255
1542	1128.17	79.9035
1543	1166.34	101.243
1544	1157.82	91.52
1545	1283.31	99.5423
1546	1246.09	106.541
1547	1152.08	95.4327
1548	1174.24	107.397
1549	1140.5	100.072
1550	1150.49	99.745
1551	1026.09	96.0031
1552	1173.31	103.039
1553	1135.2	100.567
1554	1133.4	95.1813
1555	1152.82	100.81
1556	1027.92	88.0513
1557	826.006	76.6166
1558	1048.08	93.2552
1559	1154.74	100.05
1560	1042.73	97.3203
1561	1152.76	92.4937
1562	972.254	94.1585
1563	1104.43	97.715
1564	977.511	87.5136
1565	907.636	81.9594
1566	927.79	75.9456
1567	1094.53	93.4089
1568	1252.18	100.358
1569	1546.71	123.248
1570	1247.32	107.594
1571	1154.25	92.0725
1572	1143.34	93.2126
1573	1375.39	117.261
1574	1155.39	92.6226
1575	1213.1	93.5667
1576	1181.13	99.3547
1577	1145.2	89.0531
1578	1214.85	102.409
1579	1287.03	98.7072
1580	1338.78	109.329
1581	1286.08	105.671
1582	1185.29	98.6196
1583	1291.74	96.659
1584	1568.65	120.351
1585	1278.63	100.526
1586	1307.88	101.99
1587	1258.18	105.175
1588	1148.2	92.887
1589	1217.61	104.728
1590	1161.09	97.851
1591	1099.33	96.8464
1592	1165.17	97.5696
1593	1471.75	120.304
1594	1273.43	92.5901
1595	1334.81	102.806
1596	1139.48	101.458
1597	1139.29	103.916
1598	1092.27	91.8101
1599	1171.32	108.191
1600	946.735	81.4892
1601	1011.22	86.7665
1602	1064.69	101.449
1603	1037.4	81.3874
1604	1012.99	87.6624
1605	1143.1	91.3899
1606	1111.16	106.1
1607	1174.81	114.451
1608	984.183	95.6745
1609	953.139	85.7517
1610	977.921	98.8702
1611	1026.54	90.7982
1612	1206.91	99.0571
1613	1047.33	86.0863
1614	980.717	84.765
1615	1012.7	87.4788
1616	1346.44	100.424
1617	1310.3	109.701
1618	1367.97	111.594
1619	1403.45	106.355
1620	1554.82	125.849
1621	1237.73	93.3765
1622	1464.5	120.635
1623	1526.86	121.739
1624	1159.38	89.5174
1625	1143.43	84.7094
1626	1282.48	106.215
1627	1163.9	99.857
1628	1439.4	117.221
1629	1172.91	101.644
1630	1260.63	104.981
1631	1095.32	90.1223
1632	1125.33	84.8561
1633	1151.88	95.1495
1634	1229.81	87.7368
1635	1472.94	117.476
1636	1340.25	114.556
1637	1149.16	91.2636
1638	1302.78	104.535
1639	1127.41	88.5231
1640	1228.42	105.407
1641	1178.16	100.092
1642	1161.68	110.042
1643	1165.25	94.0179
1644	1051.43	85.1993
1645	899.213	75.5402
1646	1079.92	97.8232
1647	1154.88	126.989
1648	1140.43	93.405
1649	821.071	76.7517
1650	1159.68	95.684
1651	946.549	88.2203
1652	1073.6	99.6329
1653	1395.3	110.21
1654	1135.86	94.8012
1655	782.197	70.7788
1656	1018.6	92.7818
1657	1140.61	99.0247
1658	1049.6	89.2716
1659	1169.36	107.853
1660	1144.07	91.6089
1661	857.639	75.3943
1662	1143.04	103.645
1663	1009.55	88.6937
1664	1162.31	90.6864
1665	1145.78	86.928
1666	1172.91	96.0112
1667	1147.24	92.17
1668	1170.06	97.6387
1669	1169.36	98.941
1670	1143.28	86.4743
1671	1325.1	112.532
1672	1228.3	110.179
1673	1156.48	87.3944
1674	1483.1	120.205
1675	1286.55	95.8574
1676	1145.42	89.5238
1677	1354.95	113.158
1678	1176.97	101.036
1679	1313.92	102.309
1680	1530.96	124.652
1681	1248.54	98.7054
1682	1146.24	88.0801
1683	1748.25	150.784
1684	1167.81	90.805
1685	1325.38	102.027
1686	1375.12	110.89
1687	1260.32	100.282
1688	318.7	22.5714
1689	1244.67	93.3016
1690	1140.76	107.263
1691	1159.04	89.0368
1692	1147.86	103.54
1693	1133.13	93.6239
1694	1171.89	98.1458
1695	1160.75	97.1221
1696	1066.55	93.3611
1697	1111.01	100.86
1698	1026.33	95.7191
1699	836.6	76.6968
1700	1052.28	93.9778
1701	1153.43	98.7159
1702	955.597	84.9711
1703	1009.11	85.499
1704	1050.71	94.7629
1705	1030.02	99.2322
1706	921.056	74.6899
1707	1175.16	106.328
1708	1162.84	98.2635
1709	1098.91	88.0303
1710	1046.98	88.4135
1711	1166.09	94.621
1712	1250.57	99.3566
1713	1148.79	89.6551
1714	1209.04	97.4166
1715	1142.63	87.0736
1716	1382.37	106.325
1717	1158.55	96.628
1718	1321.22	105.001
1719	1339.95	105.228
1720	1482.27	111.757
1721	1378.87	109.885
1722	1587.78	125.384
1723	1244.84	98.6093
1724	1168.15	98.5202
1725	1148.2	91.7492
1726	1530.46	117.402
1727	1208.34	99.4568
1728	1176.95	91.8097
1729	1380.43	109.673
1730	1208.81	94.5
1731	1237.61	98.0571
1732	1252.52	99.832
1733	1405.34	106.946
1734	1354.09	111.597
1735	1120.53	82.9708
1736	1156.23	93.2079
1737	1219.3	102.03
1738	1278.53	101.871
1739	1377.47	109.142
1740	966.497	80.7086
1741	1050.05	96.9332
1742	1149.45	100.183
1743	1143.01	97.2111
1744	940.939	80.2398
1745	830.604	82.0878
1746	783.203	73.468
1747	946.427	79.2429
1748	1030.9	89.3321
1749	894.106	78.2449
1750	1158.79	102.208
1751	921.133	86.0301
1752	977.112	89.7381
1753	873.866	77.158
1754	1088.52	101.103
1755	688.372	65.8417
1756	943.86	81.9641
1757	767.452	74.9338
1758	1103.62	89.9482
1759	830.27	71.7108
1760	1142.49	92.5981
1761	1138.08	87.6763
1762	1220.31	95.8906
1763	1333.79	104.765
1764	1287.98	98.7155
1765	1598.02	134.189
1766	1294.6	101.132
1767	1198.95	99.3405
1768	1155.85	97.0698
1769	1152.05	91.9712
1770	1415.65	120.746
1771	1146.74	95.1294
1772	1166.94	93.6832
1773	1151.01	91.5415
1774	1189.69	94.1195
1775	1285.47	109.492
1776	1134.03	89.9503
1777	1179.15	103.861
1778	1329.61	109.388
1779	1143.22	95.5408
1780	1343.59	103.965
1781	1242.09	97.0524
1782	1342.44	110.996
1783	1370.58	111.836
1784	2394.39	186.783
1785	1222.5	106.042
1786	1154.43	93.9348
1787	1150.31	88.9347
1788	954.578	76.5139
1789	1103.82	97.3249
1790	416.005	57.2214
1791	1139.97	90.9851
1792	965.362	81.9595
1793	1149.53	101.739
1794	854.649	74.9259
1795	965.851	82.4493
1796	1091.05	95.6625
1797	1066.45	95.705
1798	1155.47	96.5061
1799	413.69	54.9243
1800	868.631	74.2173
1801	973.797	94.0524
1802	1015.24	88.0846
1803	1037.99	89.1741
1804	1007.12	87.5738
1805	944.608	82.2973
1806	1019.6	90.4806
1807	974.354	79.673
1808	1404.16	109.691
1809	1247.97	100.566
1810	1169.41	95.5732
1811	1268.41	100.35
1812	1428.35	116.143
1813	1199.8	95.3838
1814	1151.74	89.3419
1815	1148.33	92.5465
1816	1351.75	106.517
1817	1128.74	92.8026
1818	1141.65	98.7434
1819	1143.84	92.4281
1820	1208.82	102.521
1821	1239.75	94.8289
1822	1236.97	94.0889
1823	1150.71	91.4714
1824	1139.86	87.678
1825	1132.94	83.1544
1826	1224.18	104.535
1827	1141.26	88.7107
1828	1154.99	91.0731
1829	1308.02	103.897
1830	1206.68	100.815
1831	1143.23	90.6116
1832	1149.84	95.3705
1833	1208.73	100.367
1834	1147.67	87.8855
1835	1392.08	108.669
1836	1047.08	93.3576
1837	972.347	93.1485
1838	950.706	88.5525
1839	970.041	81.5085
1840	954.748	76.8352
1841	961.384	88.191
1842	1092.56	94.3139
1843	945.316	81.1013
1844	1103.2	114.939
1845	937.051	87.7665
1846	1127.24	93.6427
1847	815.772	71.8971
1848	1150.76	102.672
1849	985.258	98.8264
1850	1109.33	98.384
1851	963.425	84.4764
1852	1141.24	95.7083
1853	1093.7	96.3149
1854	1052.6	98.8257
1855	1024.72	94.3732
1856	1246.36	100.32
1857	1197.18	92.8432
1858	1258.77	96.2406
1859	1304.3	97.5948
1860	1166.01	99.3121
1861	1155.93	93.283
1862	1158.18	90.2385
1863	1156.3	93.7262
1864	1521.23	116.297
1865	1169.11	97.9812
1866	1157.41	92.3267
1867	1135.31	86.4811
1868	1155.65	92.7757
1869	1506.02	118.29
1870	1291.15	107.424
1871	1144.26	96.0711
1872	1170.39	96.8029
1873	1145.53	90.2398
1874	1157.12	93.0322
1875	1131.94	95.0317
1876	1142.79	88.3449
1877	1371.95	109.532
1878	1150.63	97.1877
1879	1753.24	124.663
1880	1358.64	113.509
1881	1199.51	97.5834
1882	1105.69	90.5618
1883	1174.9	94.8622
1884	1101.45	103.754
1885	946.772	83.5053
1886	948.71	85.0019
1887	1028.64	97.6417
1888	930.581	74.1099
1889	812.859	69.671
1890	863.295	75.9654
1891	901.498	78.7027
1892	814.416	75.6618
1893	881.021	83.4523
1894	936.666	80.7905
1895	790.514	67.6843
1896	1016.38	90.7593
1897	820.151	79.0428
1898	370.513	38.769
1899	406.471	67.6763
1900	825.529	77.6811
1901	1030.48	102.277
1902	954.544	79.9044
1903	1194.9	86.352
1904	1318.91	103.842
1905	1426.98	114.706
1906	1165.41	96.4662
1907	1350.85	122.946
1908	1201.69	97.0041
1909	1157.29	91.7859
1910	1208.89	101.919
1911	1324.13	103.88
1912	1331.26	104.684
1913	1156.53	94.9059
1914	1547.62	124.08
1915	1152.46	95.2056
1916	1160.42	94.906
1917	1157.52	94.5436
1918	1285.43	106.135
1919	1274.45	109.85
1920	1156.55	92.7206
1921	1143.75	94.8729
1922	1173.6	96.78
1923	1151.26	92.7391
1924	1136.88	83.7206
1925	1102.08	89.0511
1926	1217.48	97.1576
1927	1154.81	96.6721
1928	1385.64	137.898
1929	1139.65	84.4171
1930	1168.64	91.7554
1931	1127.59	88.0201
1932	772.11	70.1727
1933	858.897	74.938
1934	1091.33	89.1841
1935	786.531	75.0905
1936	870.315	77.9612
1937	899.478	79.6865
1938	941.703	81.2059
1939	788.389	76.3443
1940	1178.59	107.289
1941	1132.87	101.487
1942	1103.79	112.384
1943	720.355	62.8431
1944	1140.95	103.993
1945	1008.53	85.1413
1946	782.143	76.6123
1947	966.806	81.6289
1948	1102.7	94.319
1949	854.903	72.1596
1950	985.82	95.4169
1951	852.392	71.1731
1952	1165.86	94.6019
1953	1160.66	96.5911
1954	1183.03	99.0272
1955	1592.67	127.205
1956	1457.89	121.696
1957	1402.21	114.311
1958	1195.03	99.6525
1959	1342.35	102.918
1960	1145.71	92.7881
1961	1383.99	115.746
1962	1300.21	99.8819
1963	1251.21	103.358
1964	1702.64	169.995
1965	1264.93	97.4929
1966	1462.34	128.336
1967	1156.67	91.0827
1968	1629.35	137.763
1969	1363.46	111.19
1970	1153.13	95.1487
1971	1214.7	104.822
1972	1126.49	85.3664
1973	1311.03	107.755
1974	1154.25	85.7887
1975	1314.26	101.841
1976	1282.72	103.085
1977	1148.81	88.8666
1978	1157.18	94.6834
1979	1146.18	91.323
1980	912.7	85.9076
1981	980.177	88.4131
1982	1134.41	92.9627
1983	1144.79	94.3909
1984	929.366	76.648
1985	866.671	73.6093
1986	1502.05	111.851
1987	1247.53	95.2036
1988	857.057	77.0075
1989	817.638	71.7295
1990	839.197	72.4229
1991	854.524	69.2727
1992	1173.52	104.565
1993	907.87	78.6305
1994	867.377	74.0651
1995	957.294	79.6935
1996	1067.05	96.5677
1997	1137.29	97.215
1998	828.789	74.1798
1999	771.499	70.0939
2000	1169.92	100.412
2001	1154.82	96.4015
2002	1138.14	84.0874
2003	1145.8	89.8598
2004	1472.46	123.052
2005	1160.94	95.2185
2006	1249.54	104.576
2007	1159.77	92.7144
2008	1132.34	83.3864
2009	1282.72	108.219
2010	1194.52	96.9029
2011	1169.2	98.1458
2012	1155.86	94.1043
2013	1151.38	93.2463
2014	1238.54	99.4223
2015	1182.09	100.976
2016	1169.53	95.149
2017	1254.35	91.3146
2018	1288.53	109.216
2019	1138.77	93.6163
2020	1140.97	92.6135
2021	1195.67	94.1592
2022	1154.46	95.1637
2023	1208.42	97.9209
2024	1516.38	122.856
2025	1209.01	101.416
2026	1163.89	93.096
2027	1190.27	106.441
2028	954.804	86.6607
2029	1009.24	91.0723
2030	855.119	76.2149
2031	1002.16	84.5481
2032	1008.23	84.8273
2033	1075.38	92.5226
2034	933.959	72.0622
2035	1137.32	88.8434
2036	948.936	86.6627
2037	993.47	89.6112
2038	1008.41	89.9251
2039	762.541	65.8803
2040	1161.81	104.727
2041	799.093	79.501
2042	1016.08	88.7388
2043	965.644	80.5715
2044	1153.29	106.713
2045	1072.31	95.8299
2046	1169.44	109.499
2047	831.609	75.5173
2048	1178.23	87.9651
2049	1189.46	95.3446
2050	1370.2	111.141
2051	1192.01	93.208
2052	1302.47	99.0089
2053	1163.49	94.6733
2054	1145.71	92.9648
2055	1171.13	98.4749
2056	1245.12	99.884
2057	1136.55	87.297
2058	1176.94	103.62
2059	1139.66	89.966
2060	1176.75	101.348
2061	1159.07	95.6511
2062	1172.09	99.993
2063	1166.16	94.4575
2064	1156.4	89.861
2065	1248.26	93.2671
2066	1191.94	89.4967
2067	1133.97	85.471
2068	1175.62	96.1895
2069	1162.83	88.1452
2070	1135.11	91.5252
2071	1283.43	101.951
2072	1630.65	125.934
2073	1142.56	88.2041
2074	1175.06	97.7393
2075	1142.9	94.0066
2076	870.661	82.8528
2077	846.892	73.365
2078	899.403	82.2252
2079	1140.22	102.026
2080	959.085	85.1887
2081	1157.24	106.202
2082	1103.02	89.5986
2083	900.082	79.3772
2084	957.545	94.384
2085	678.898	61.914
2086	853.197	75.5726
2087	833.014	75.032
2088	776.339	75.1446
2089	835.17	83.1698
2090	1059.17	97.7775
2091	993.88	84.249
2092	945.814	75.3551
2093	896.449	75.4793
2094	837.416	80.9682
2095	626.513	54.9408
2096	1213.08	98.3906
2097	1188.42	101.442
2098	1219.56	104.902
2099	1205.96	93.939
2100	1249.78	96.3935
2101	1169.59	90.4281
2102	1196.24	91.2028
2103	1189.24	88.9955
2104	1230.03	104.129
2105	1145.92	89.5973
2106	1272.52	101.931
2107	1273.44	95.9571
2108	1404.33	111.561
2109	1152.67	96.2484
2110	1158.41	94.9706
2111	1145.24	84.7842
2112	1186.07	102.7
2113	388.157	73.9132
2114	1161.17	98.8559
2115	1162.96	105.42
2116	1273.99	97.3343
2117	1434.58	111.688
2118	1169.96	99.7889
2119	1378.74	111.899
2120	1376.47	115.044
2121	1166.94	95.7558
2122	1196.82	94.3234
2123	1126.69	89.5618
2124	1138.9	102.175
2125	1131.14	92.6381
2126	962.371	84.7279
2127	1145.58	101.185
2128	675.606	61.1144
2129	1012.07	86.5501
2130	972.225	90.1593
2131	936.521	80.7604
2132	966.511	87.2704
2133	901.272	74.801
2134	869.255	84.1141
2135	971.823	87.9631
2136	1139.66	88.2061
2137	1092.74	95.3244
2138	1090.8	96.6736
2139	1469.66	113.877
2140	1025.32	88.7031
2141	1156.48	94.8879
2142	1220.7	120.664
2143	914.027	81.3647
2144	1568.85	157.944
2145	1256.5	103.997
2146	1195.94	92.0533
2147	1219.26	97.5511
2148	1165.35	87.8755
2149	1325.13	99.2305
2150	1172.02	103.668
2151	1156.09	92.6707
2152	1172.38	91.2802
2153	1153.65	104.153
2154	1305.37	97.5801
2155	1149.97	100.965
2156	1205.97	96.3151
2157	1158.35	90.9014
2158	1183.32	106.193
2159	1177.43	93.6745
2160	1301.04	105.227
2161	1160.38	105.378
2162	1182.58	92.8007
2163	1202.25	98.6141
2164	1137.02	87.6654
2165	1141.66	94.7985
2166	1153.37	93.4975
2167	1167.49	97.9606
2168	1172.55	97.1844
2169	1704.95	144.823
2170	1150	97.7423
2171	1165.37	96.1918
2172	1145.83	100.966
2173	1027.19	90.1903
2174	623.335	55.9725
2175	871.27	82.346
2176	981.906	84.166
2177	1172.12	115.288
2178	760.078	64.5148
2179	765.602	69.4254
2180	916.007	79.6319
2181	945.933	81.0087
2182	1111.44	82.4496
2183	957.002	81.4109
2184	1197.3	110.346
2185	1064.3	88.2362
2186	1103.33	103.625
2187	906.621	82.068
2188	992.432	81.0167
2189	619.378	61.0735
2190	1477.35	114.027
2191	763.7	66.5901
2192	1160.08	95.5878
2193	1250.8	95.147
2194	1179.91	100.113
2195	1152.8	91.2932
2196	1170.62	97.4777
2197	1211.1	98.4766
2198	1186.17	102.021
2199	1168.45	89.472
2200	2219.4	162.613
2201	1429.54	114.031
2202	1187.09	92.8472
2203	1157.8	91.6756
2204	1207.47	94.1237
2205	1127.24	81.993
2206	1176.54	103.024
2207	1144.65	91.4371
2208	1241.51	100.205
2209	1153.69	87.2167
2210	1272.48	96.1035
2211	1197.43	95.6987
2212	1366.68	116.227
2213	1326.48	98.2708
2214	1156.36	98.3313
2215	1236.15	93.9558
2216	1191.96	142.38
2217	1318.32	108.51
2218	1184.08	93.9378
2219	1161.99	92.2732
2220	1100.69	100.007
2221	582.597	60.8399
2222	1177.84	98.231
2223	1214.84	99.7716
2224	889.675	75.7193
2225	946.883	87.2864
2226	674.357	60.031
2227	1127.36	91.344
2228	775.806	71.7795
2229	1184.73	107.1
2230	915.208	83.1192
2231	855.913	80.0836
2232	1164.81	104.61
2233	1168.3	102.518
2234	981.91	87.2873
2235	984.724	92.8695
2236	811.225	68.9131
2237	967.61	73.8678
2238	935.88	75.1854
2239	721.408	62.0984
2240	-1	-1
2241	-1	-1
2242	-1	-1
2243	-1	-1
2244	-1	-1
2245	-1	-1
2246	-1	-1
2247	-1	-1
2248	-1	-1
2249	-1	-1
2250	-1	-1
2251	-1	-1
2252	-1	-1
2253	-1	-1
2254	-1	-1
2255	-1	-1
2256	-1	-1
2257	-1	-1
2258	-1	-1
2259	-1	-1
2260	-1	-1
2261	-1	-1
2262	-1	-1
2263	-1	-1
2264	-1	-1
2265	-1	-1
2266	-1	-1
2267	-1	-1
2268	-1	-1
2269	-1	-1
2270	-1	-1
2271	-1	-1
2272	-1	-1
2273	-1	-1
2274	-1	-1
2275	-1	-1
2276	-1	-1
2277	-1	-1
2278	-1	-1
2279	-1	-1
2280	-1	-1
2281	-1	-1
2282	-1	-1
2283	-1	-1
2284	-1	-1
2285	-1	-1
2286	-1	-1
2287	-1	-1
2288	-1	-1
2289	-1	-1
2290	-1	-1
2291	-1	-1
2292	-1	-1
2293	-1	-1
2294	-1	-1
2295	-1	-1
2296	-1	-1
2297	-1	-1
2298	-1	-1
2299	-1	-1
2300	-1	-1
2301	-1	-1
2302	-1	-1
2303	-1	-1
2304	-1	-1
2305	-1	-1
2306	-1	-1
2307	-1	-1
2308	-1	-1
2309	-1	-1
2310	-1	-1
2311	-1	-1
2312	-1	-1
2313	-1	-1
2314	-1	-1
2315	-1	-1
2316	-1	-1
2317	-1	-1
2318	-1	-1
2319	-1	-1
2320	-1	-1
2321	-1	-1
2322	-1	-1
2323	-1	-1
2324	-1	-1
2325	-1	-1
2326	-1	-1
2327	-1	-1
2328	-1	-1
2329	-1	-1
2330	-1	-1
2331	-1	-1
2332	-1	-1
2333	-1	-1
2334	-1	-1
2335	-1	-1
2336	-1	-1
2337	-1	-1
2338	-1	-1
2339	-1	-1
2340	-1	-1
2341	-1	-1
2342	-1	-1
2343	-1	-1
2344	-1	-1
2345	-1	-1
2346	-1	-1
2347	-1	-1
2348	-1	-1
2349	-1	-1
2350	-1	-1
2351	-1	-1
2352	-1	-1
2353	-1	-1
2354	-1	-1
2355	-1	-1
2356	-1	-1
2357	-1	-1
2358	-1	-1
2359	-1	-1
2360	1166.16	89.1568
2361	1223.82	92.0319
2362	1562.26	120.478
2363	1186.85	93.056
2364	1156.98	88.7369
2365	1144.01	85.235
2366	1167.64	89.3341
2367	1197.28	93.7826
2368	1254.59	105.448
2369	1173.68	85.4083
2370	1199.83	89.1932
2371	1165.66	95.5042
2372	1190.17	86.8968
2373	1547.22	117.726
2374	1448.72	104.671
2375	1242.48	96.3097
2376	1269.96	94.2546
2377	1212.06	89.4662
2378	1398.19	106.742
2379	1083.89	81.0913
2380	1367.23	97.7577
2381	1154.37	86.7689
2382	1169.2	87.9209
2383	1179.02	98.7474
2384	1168.67	85.1107
2385	1188.05	91.4629
2386	1468.79	102.599
2387	1244.31	91.2936
2388	1262.02	98.1348
2389	1359.05	98.7012
2390	1167.27	89.3636
2391	1251.03	86.6604
2392	1352.88	100.624
2393	1186.34	83.4758
2394	1334.06	98.4617
2395	1165.79	82.8454
2396	1251.04	82.7493
2397	1672.83	121.568
2398	1360.95	105.255
2399	1150.85	80.9097
2400	1171.75	95.7007
2401	1172	86.7136
2402	1184.75	84.4601
2403	1174.34	87.3333
2404	1249.92	97.008
2405	1383.55	102.062
2406	1226.42	87.0846
2407	1110.28	78.9812
2408	1153.71	83.2591
2409	1189.81	92.1484
2410	1219.61	98.2605
2411	1160.8	88.5977
2412	1268.17	98.6691
2413	1163.63	89.876
2414	1583.19	112.91
2415	1554.23	109.636
2416	1168.8	81.9648
2417	1669.37	118.12
2418	1406.01	100.092
2419	1510.23	113.028
2420	1290.86	93.3085
2421	1164.22	90.267
2422	1869.77	147.58
2423	1176.83	89.3939
2424	1292.6	100.108
2425	1286.82	93.9745
2426	1338.42	101.168
2427	1277.89	93.9012
2428	1850.52	138.877
2429	1716.75	118.909
2430	1144.52	81.613
2431	1152.12	83.8283
2432	1266.79	91.9816
2433	1110.96	85.302
2434	1282.87	96.939
2435	1172.73	93.9356
2436	1182.66	88.7884
2437	1446.15	110.579
2438	1158.69	89.2431
2439	1164.52	91.6047
2440	1444.15	108.235
2441	1175.56	84.6822
2442	1212.46	82.4862
2443	1189.69	83.9217
2444	1153.13	75.818
2445	1144.54	89.4434
2446	1249.97	91.8343
2447	1167.92	89.762
2448	1155.78	88.9857
2449	1198.37	82.9581
2450	1175.64	89.9706
2451	1149.78	78.8096
2452	1379.64	100.094
2453	1149.61	82.7463
2454	1145.56	84.0071
2455	-1	-1
2456	1600.55	122.517
2457	1653.21	132.502
2458	1143.51	82.5135
2459	1157.35	89.559
2460	1179.3	95.6348
2461	1155.89	87.0581
2462	1147.06	87.9722
2463	1185	89.9141
2464	1135.43	85.0966
2465	1200.94	86.7822
2466	1158.86	96.8835
2467	1176.73	89.7976
2468	1150.37	89.4296
2469	1234.9	98.2131
2470	1157.12	87.611
2471	1150.15	85.1901
2472	1548	116.826
2473	1513.86	119.067
2474	1830.93	134.866
2475	1340.01	100.72
2476	1361.04	106.467
2477	1175.87	91.8201
2478	1243.22	87.4992
2479	1129.36	82.0966
2480	1280.81	89.6085
2481	1182.18	87.7951
2482	1150.54	79.881
2483	1189.83	86.4604
2484	1160.62	88.154
2485	1123.12	83.7731
2486	1159.18	90.1835
2487	1434.71	99.4065
2488	1216.78	93.2788
2489	1179.04	85.4774
2490	1182.13	76.1827
2491	1242.53	100.933
2492	1396.23	99.0802
2493	1416.33	109.136
2494	1407.35	110.152
2495	1138.27	85.0501
2496	1166.44	86.7359
2497	1153.12	89.3783
2498	1220.25	82.303
2499	1168.81	86.1618
2500	1525.84	118.372
2501	1337.17	95.044
2502	1156.59	82.1323
2503	1434.19	99.5639
2504	1268.92	95.7599
2505	1056.47	76.0165
2506	1143.75	85.2805
2507	1441.58	104.209
2508	1121.01	91.5877
2509	1176.97	90.0366
2510	1162.51	85.0043
2511	1142.26	83.6518
2512	1182	80.5948
2513	1150.06	88.9013
2514	1178.33	83.7089
2515	1163.78	83.7816
2516	1344.91	95.3907
2517	1152.44	85.3023
2518	1167.55	86.6265
2519	1133.77	84.975
2520	1168.52	89.9435
2521	1295.55	94.7176
2522	1372.57	98.7869
2523	1172.79	89.2119
2524	1326.99	99.9965
2525	1118.46	81.1793
2526	1189.82	83.2021
2527	1308.93	93.1845
2528	1158.34	84.017
2529	1204.96	94.8673
2530	1151.25	86.2559
2531	1235.39	88.088
2532	1133.56	83.0365
2533	1153.71	84.8748
2534	1148.82	82.9254
2535	1129.85	84.5169
2536	1145.6	82.6501
2537	1183.52	87.3482
2538	1167.06	84.0068
2539	1203.45	90.5783
2540	1741.15	132.708
2541	1249.45	86.1575
2542	1143.99	83.2976
2543	1221.72	93.4659
2544	1174.56	89.4099
2545	1240.49	85.6544
2546	1126.84	78.8173
2547	1343.65	96.2769
2548	1151.89	90.1665
2549	1261.18	89.5801
2550	1200.19	90.8169
2551	1546.2	113.178
2552	1122.05	87.0781
2553	1164.74	84.8118
2554	1163.86	90.7292
2555	1113	81.4655
2556	1364.3	99.5792
2557	1163.23	87.8218
2558	1475.14	101.753
2559	1512.4	104.338
2560	1143.48	78.1498
2561	1146.24	81.3819
2562	1216.48	90.7282
2563	1609.81	114.938
2564	1135.18	84.2687
2565	1122.4	82.7788
2566	1146.17	81.5032
2567	1694.55	125.596
2568	1170.49	84.424
2569	1612.12	109.785
2570	1152.5	86.8042
2571	1097.96	78.1001
2572	1180.11	86.354
2573	1191.06	88.1138
2574	1153.45	84.2845
2575	1196.76	89.6281
2576	1160	86.8777
2577	1180.88	86.6324
2578	1179.34	85.0505
2579	1199.57	85.579
2580	1633.53	114.36
2581	1163.14	86.8706
2582	1573.58	119.567
2583	1286.3	96.2572
2584	1169.64	84.4906
2585	1153.41	78.6259
2586	1178.67	92.0868
2587	1178.97	84.5549
2588	1182.91	90.6629
2589	1157.3	80.2635
2590	1105.48	82.0125
2591	1147.74	81.5172
2592	1166.91	83.1732
2593	1157.39	83.7781
2594	1336.28	105.429
2595	1202.33	88.7806
2596	-1	-1
2597	-1	-1
2598	-1	-1
2599	-1	-1
2600	-1	-1
2601	-1	-1
2602	-1	-1
2603	-1	-1
2604	-1	-1
2605	-1	-1
2606	-1	-1
2607	-1	-1
2608	-1	-1
2609	-1	-1
2610	-1	-1
2611	-1	-1
2612	-1	-1
2613	-1	-1
2614	-1	-1
2615	-1	-1
2616	-1	-1
2617	-1	-1
2618	-1	-1
2619	-1	-1
2620	-1	-1
2621	-1	-1
2622	-1	-1
2623	-1	-1
2624	-1	-1
2625	-1	-1
2626	-1	-1
2627	-1	-1
2628	-1	-1
2629	-1	-1
2630	-1	-1
2631	-1	-1
2632	-1	-1
2633	-1	-1
2634	-1	-1
2635	-1	-1
2636	-1	-1
2637	-1	-1
2638	-1	-1
2639	-1	-1
2640	-1	-1
2641	-1	-1
2642	-1	-1
2643	-1	-1
2644	-1	-1
2645	-1	-1
2646	-1	-1
2647	-1	-1
2648	-1	-1
2649	-1	-1
2650	-1	-1
2651	-1	-1
2652	-1	-1
2653	-1	-1
2654	-1	-1
2655	-1	-1
2656	-1	-1
2657	-1	-1
2658	-1	-1
2659	-1	-1
2660	-1	-1
2661	-1	-1
2662	-1	-1
2663	-1	-1
2664	-1	-1
2665	-1	-1
2666	-1	-1
2667	-1	-1
2668	-1	-1
2669	-1	-1
2670	-1	-1
2671	-1	-1
2672	-1	-1
2673	-1	-1
2674	-1	-1
2675	-1	-1
2676	-1	-1
2677	-1	-1
2678	-1	-1
2679	-1	-1
2680	-1	-1
2681	-1	-1
2682	-1	-1
2683	-1	-1
2684	-1	-1
2685	-1	-1
2686	-1	-1
2687	-1	-1
2688	-1	-1
2689	-1	-1
2690	-1	-1
2691	-1	-1
2692	-1	-1
2693	-1	-1
2694	-1	-1
2695	-1	-1
2696	-1	-1
2697	-1	-1
2698	-1	-1
2699	-1	-1
2700	-1	-1
2701	-1	-1
2702	-1	-1
2703	-1	-1
2704	-1	-1
2705	-1	-1
2706	-1	-1
2707	-1	-1
2708	-1	-1
2709	-1	-1
2710	-1	-1
2711	-1	-1
2712	-1	-1
2713	-1	-1
2714	-1	-1
2715	-1	-1
