0	1.02997
1	0.986957
2	1.02345
3	0.999098
4	1.02473
5	0.998298
6	0.972974
7	0.997759
8	1.00024
9	0.987677
10	1.04174
11	0.970448
12	0.998532
13	0.9567
14	0.96818
15	0.958351
16	1.02302
17	0.977919
18	1.01739
19	0.988536
20	1.06183
21	0.962955
22	1.03496
23	0.986374
24	0.995957
25	0.985011
26	0.994527
27	1.05533
28	0.992715
29	1.05991
30	1.00014
31	0.987335
32	1.04622
33	1.00284
34	1.04574
35	1.0365
36	0.995911
37	0.994024
38	0.991187
39	0.996449
40	0.965191
41	1.00037
42	1.00066
43	0.997862
44	0.960351
45	1.05233
46	0.990029
47	0.992582
48	0.964593
49	0.964287
50	0.939707
51	1.04015
52	1.01465
53	1.00889
54	1.00732
55	0.96723
56	0.982027
57	0.976362
58	0.922596
59	0.963506
60	0.962702
61	0.992864
62	1.05401
63	0.985934
64	0.932903
65	0.991042
66	1.05343
67	0.97342
68	1.00769
69	0.988945
70	0.978534
71	0.988395
72	0.990969
73	0.996181
74	1.02559
75	1.01365
76	0.999067
77	1.03597
78	1.01078
79	0.983243
80	1.02797
81	1.04172
82	1.02936
83	0.973161
84	1.00834
85	0.977421
86	0.981496
87	0.961044
88	1.02959
89	1.00909
90	0.955444
91	1.04033
92	1.00661
93	0.994649
94	0.990042
95	1.01105
96	0.986514
97	1.04522
98	0.998752
99	1.00246
100	1.0334
101	1.02762
102	0.95784
103	1.00921
104	0.990668
105	0.981639
106	1.05552
107	1.00102
108	0.997217
109	0.985791
110	1.02515
111	0.949836
112	0.940139
113	1.01374
114	0.942085
115	0.969291
116	0.981208
117	0.996521
118	0.982121
119	1.02576
120	0.933565
121	0.994421
122	0.977923
123	0.990673
124	1.02429
125	0.953144
126	1.03783
127	0.989173
128	1.03353
129	1.01117
130	0.999419
131	0.972751
132	0.957258
133	1.04231
134	0.968813
135	0.993077
136	0.947561
137	0.962926
138	1.00588
139	0.986952
140	1.03385
141	0.990444
142	0.985286
143	0.92517
144	0.992008
145	1.06718
146	0.990505
147	0.995368
148	1.02748
149	0.992406
150	0.975102
151	0.990428
152	1.02446
153	0.980185
154	1.00154
155	1.01929
156	0.987717
157	0.989207
158	0.977703
159	1.02418
160	0.990103
161	1.02403
162	1.00716
163	1.02465
164	1.02817
165	1.03931
166	0.932138
167	0.978796
168	0.991767
169	1.05554
170	1.0405
171	0.985152
172	0.956742
173	0.94124
174	1.06065
175	1.01805
176	0.997595
177	0.944938
178	1.00035
179	0.958541
180	0.97757
181	0.989069
182	0.933906
183	1.04093
184	0.981949
185	0.926985
186	0.986012
187	1.00918
188	0.992908
189	0.979194
190	0.989049
191	0.974745
192	0.950838
193	1.03053
194	0.977144
195	0.985089
196	0.97977
197	1.06674
198	1.01561
199	1.00167
200	0.980293
201	0.953739
202	0.946812
203	0.992614
204	1.0142
205	1.03
206	0.998979
207	0.927977
208	1.01791
209	1.0314
210	0.99765
211	0.967792
212	1.00225
213	1.00983
214	0.965089
215	0.979149
216	1.0019
217	1.00666
218	0.962658
219	1.00451
220	1.00922
221	0.984323
222	1.02962
223	1.03648
224	1.01101
225	0.967998
226	0.993601
227	1.00054
228	0.951971
229	0.989425
230	1.00689
231	1.00611
232	1.05775
233	1.00283
234	1.01196
235	1.04049
236	1.02326
237	0.974808
238	0.994107
239	1.0089
240	0.965378
241	1.02312
242	0.995479
243	1.02525
244	0.962078
245	1.0638
246	1.03272
247	1.00574
248	1.0261
249	1.02997
250	1.02345
251	0.969598
252	1.04956
253	1.06482
254	1.01639
255	1.03559
256	0.974709
257	1.00017
258	1.00713
259	0.972097
260	1.03064
261	0.969997
262	1.0175
263	0.998959
264	1.0374
265	1.03403
266	0.937429
267	0.986096
268	0.967132
269	1.01283
270	0.989209
271	0.981063
272	1.01772
273	0.9885
274	1.01194
275	1.00651
276	1.03953
277	1.03823
278	1.01642
279	1
280	1.03907
281	1.01166
282	1.00215
283	0.990933
284	0.997695
285	1.02212
286	0.988459
287	1.03673
288	0.977261
289	0.956763
290	1.00116
291	1.00655
292	1.00863
293	0.97686
294	1.00549
295	1.02533
296	1.03021
297	0.998502
298	0.946253
299	1.00196
300	1.00934
301	1.01979
302	1.00838
303	0.953972
304	0.988392
305	1.00109
306	0.988586
307	0.927129
308	1.07008
309	1.01971
310	0.962727
311	1.02581
312	0.992488
313	1.05219
314	0.955709
315	1.01262
316	0.966379
317	1.06844
318	1.02914
319	1.04411
320	1.01811
321	1.04097
322	0.954028
323	1.04486
324	0.978895
325	0.92844
326	1.01189
327	1.00922
328	0.989345
329	1.02382
330	1.053
331	1.02164
332	1.03091
333	0.957767
334	1.00876
335	0.970093
336	0.933781
337	0.990551
338	1.01274
339	0.950057
340	1.03287
341	0.956959
342	1.003
343	1.03642
344	1.08123
345	1.01892
346	0.98967
347	0.961449
348	1.05517
349	0.988503
350	1.01406
351	1.04268
352	1.03081
353	1.01548
354	0.991257
355	0.97492
356	0.991652
357	0.98584
358	0.965268
359	1.01302
360	0.998304
361	1.00119
362	1.01008
363	1.01599
364	1.00189
365	1.07112
366	0.951059
367	0.989874
368	0.95603
369	1.02847
370	0.999678
371	0.998833
372	1.01659
373	0.965163
374	0.956381
375	1.06307
376	0.96857
377	1.00187
378	1.03735
379	0.921028
380	1.03945
381	1.00845
382	1.02215
383	1.00838
384	0.911708
385	1.00232
386	0.969584
387	1.01053
388	1.02
389	0.981406
390	0.997155
391	1.03058
392	1.02787
393	0.987495
394	0.950432
395	1.00019
396	1.00054
397	0.997628
398	0.97643
399	0.994901
400	1.02765
401	1.00107
402	1.01068
403	1.02605
404	0.998699
405	0.947236
406	1.00305
407	1.00301
408	1.01394
409	0.979426
410	0.976977
411	0.998883
412	0.998581
413	0.973629
414	1.015
415	0.949526
416	0.973338
417	1.04267
418	1.0141
419	0.997578
420	1.0513
421	1.00823
422	0.976882
423	0.994394
424	0.985898
425	1.0317
426	1.0258
427	0.959483
428	1.03092
429	0.976488
430	1.01072
431	0.997596
432	0.981386
433	0.990568
434	0.981205
435	1.00994
436	0.968183
437	0.962483
438	1.03755
439	1.03635
440	1.03709
441	0.986352
442	1.00173
443	0.964341
444	1.02188
445	0.990981
446	1.03724
447	0.985639
448	0.991869
449	0.992455
450	1.00232
451	1.05478
452	1.07213
453	1.01533
454	1.03875
455	1.06305
456	0.978309
457	1.03187
458	1.02496
459	1.00166
460	0.963737
461	0.886104
462	0.971558
463	0.992587
464	1.00324
465	0.988605
466	1.02693
467	1.00483
468	1.01153
469	1.05938
470	0.989813
471	1.00471
472	0.987554
473	0.945195
474	1.00819
475	0.961257
476	0.990042
477	0.990068
478	0.989295
479	1.0503
480	0.984543
481	1.0253
482	1.0291
483	1.0552
484	1.03772
485	1.03318
486	0.993838
487	0.96731
488	0.998829
489	0.990124
490	0.993909
491	1.02426
492	0.95606
493	1.02204
494	1.01102
495	0.988188
496	1.01362
497	0.986899
498	0.951686
499	1.06064
500	0.986862
501	0.994293
502	0.982878
503	0.997167
504	1.02037
505	0.994229
506	1.01673
507	0.988818
508	0.954885
509	0.920419
510	0.983904
511	0.977722
512	0.984022
513	0.996576
514	0.98553
515	1.05314
516	1.01852
517	0.997029
518	1.01441
519	1.00142
520	1.00476
521	0.982466
522	0.97456
523	1.01158
524	0.935753
525	1.02987
526	0.977004
527	1.03802
528	0.983223
529	1.03661
530	1.00601
531	1.06783
532	0.976266
533	1.0249
534	1.0186
535	0.992917
536	1.07751
537	1.04058
538	0.999696
539	0.993189
540	1.04081
541	0.999201
542	0.967099
543	0.971551
544	0.982484
545	1.01805
546	1.03577
547	0.98148
548	0.946896
549	1.01183
550	0.983012
551	1.01213
552	1.02236
553	0.993901
554	1.05148
555	0.95153
556	1.00305
557	0.956715
558	0.934709
559	1.01556
560	1.01418
561	1.03586
562	0.973948
563	1.03111
564	0.979314
565	0.975937
566	1.00224
567	0.967549
568	0.953063
569	1.00604
570	0.930894
571	0.944711
572	0.96181
573	1.05067
574	0.961877
575	1.02611
576	1.00665
577	1.03228
578	1.05572
579	1.05719
580	0.990021
581	1.01239
582	0.970851
583	0.982329
584	1.02771
585	1.00489
586	0.997402
587	0.976808
588	1.01119
589	0.959216
590	0.960228
591	1.00553
592	1.04648
593	0.985152
594	1.00481
595	1.01317
596	1.02166
597	1.00786
598	1.05182
599	0.998152
600	1.01013
601	0.995575
602	0.97729
603	0.971463
604	1.00635
605	1.02837
606	1.00638
607	1.00019
608	1.00408
609	1.03886
610	0.974266
611	0.945167
612	1.0033
613	0.991447
614	1.02549
615	0.970047
616	0.99894
617	1.03022
618	0.980553
619	1.00334
620	1.02635
621	1.0893
622	0.982785
623	0.948112
624	0.990406
625	0.995507
626	0.968738
627	1.00521
628	0.996972
629	1.01309
630	0.973146
631	0.955501
632	1.03767
633	0.965705
634	0.999569
635	0.997978
636	0.992159
637	1.02788
638	1.04175
639	0.969709
640	0.998528
641	0.964415
642	1.02188
643	0.998616
644	1.05559
645	0.995322
646	1.03221
647	0.998904
648	0.997718
649	1.10184
650	1.04577
651	0.996143
652	0.972053
653	0.998918
654	1.0128
655	0.959281
656	1.05174
657	0.987258
658	1.02498
659	0.937024
660	1.00754
661	0.994823
662	1.06399
663	1.00588
664	1.05417
665	0.99775
666	0.983729
667	0.987464
668	1.03616
669	1.0201
670	1.0163
671	1.06413
672	1.03141
673	0.96325
674	1.01172
675	1.02558
676	1.01975
677	1.03162
678	0.986834
679	1.01989
680	1.03572
681	1.02458
682	1.06936
683	1.01467
684	1.03961
685	0.995983
686	1.00255
687	0.986776
688	1.02676
689	0.995227
690	1.02232
691	0.995445
692	1.01389
693	1.02719
694	0.952803
695	1.01589
696	1.0425
697	0.989953
698	1.04813
699	0.961746
700	1.03384
701	1.06941
702	1.07174
703	1.02325
704	1.03056
705	1.03617
706	0.986169
707	1.04111
708	1.04779
709	1.01173
710	1.00373
711	1.00871
712	0.976432
713	1.01163
714	1.0111
715	0.98656
716	1.07695
717	1.04113
718	0.972747
719	1.02667
720	0.989006
721	1.02594
722	0.996495
723	0.953778
724	0.98929
725	0.989517
726	1.03061
727	1.06114
728	0.990729
729	0.999497
730	0.997792
731	1.04206
732	1.00551
733	0.969756
734	1.01162
735	0.975499
736	1.04569
737	0.936483
738	0.940609
739	1.00631
740	1.00598
741	1.06894
742	0.99542
743	1.01805
744	0.984034
745	0.975785
746	1.01823
747	1.00218
748	1.00262
749	0.991103
750	0.941654
751	1.00994
752	0.99873
753	0.972303
754	0.996517
755	0.979774
756	1.0391
757	1.03477
758	0.997814
759	0.974887
760	0.99658
761	1.00278
762	1.02971
763	0.986314
764	1.045
765	1.02365
766	1.02061
767	0.996795
768	0.930846
769	1.03654
770	1.01167
771	0.954523
772	1.01659
773	1.00208
774	0.963258
775	0.977357
776	1.00111
777	1.03417
778	0.981341
779	0.95724
780	0.97845
781	0.972346
782	0.976699
783	0.965425
784	1.03731
785	1.02105
786	0.988503
787	0.972453
788	1.04256
789	1.01678
790	1.02545
791	0.99176
792	0.988742
793	0.981095
794	0.991004
795	1.01555
796	1.00103
797	1.0271
798	0.97822
799	1.01579
800	0.989399
801	1.00493
802	1.00233
803	0.968654
804	1.00814
805	0.978522
806	0.950126
807	1.03761
808	0.976061
809	0.943884
810	0.988257
811	1.03616
812	0.976005
813	0.949291
814	1.04325
815	1.00105
816	0.955223
817	1.03283
818	0.98672
819	0.994059
820	0.974021
821	1.02027
822	0.994949
823	1.04517
824	0.97754
825	1.04157
826	0.981269
827	0.996248
828	0.971536
829	1.0268
830	1.00813
831	1.03186
832	1.01933
833	1.0547
834	1.02977
835	1.05016
836	0.973722
837	1.01788
838	0.964975
839	1.00771
840	1.00576
841	0.999047
842	0.970418
843	1.00425
844	1.034
845	1.05277
846	1.0856
847	1.00793
848	0.955647
849	1.00119
850	0.972273
851	0.976507
852	1.06678
853	1.02243
854	0.998393
855	1.01085
856	1.01091
857	0.959979
858	1.01124
859	1.02787
860	0.965335
861	1.00152
862	1.01408
863	0.990665
864	0.957525
865	1.05439
866	1.02679
867	0.99262
868	1.00081
869	0.995062
870	0.979237
871	0.970334
872	1.05313
873	1.01311
874	0.994746
875	0.966152
876	1.07537
877	1.02794
878	0.939394
879	0.993648
880	1.01235
881	1.02647
882	1.03316
883	1.08906
884	0.974552
885	1.04236
886	0.98457
887	1.00476
888	0.933387
889	0.983082
890	0.987399
891	0.996471
892	0.975969
893	0.931137
894	0.966627
895	1.01679
896	1.03857
897	0.986184
898	1.01698
899	1.02677
900	1.00232
901	1.02062
902	0.991539
903	0.941604
904	1.04086
905	0.951207
906	0.999329
907	0.994775
908	1.01715
909	1.01971
910	0.990826
911	0.99257
912	0.982526
913	1.01175
914	1.05509
915	0.975894
916	0.983969
917	1.04932
918	0.974913
919	0.989921
920	0.978038
921	0.983194
922	0.961586
923	1.04254
924	0.978474
925	1.01583
926	0.98018
927	1.02338
928	1.01985
929	1.05002
930	0.969094
931	1.02422
932	1.01151
933	0.957454
934	1.02806
935	1.00338
936	1.03611
937	1.0192
938	0.99743
939	0.982905
940	0.993998
941	0.97374
942	1.00778
943	0.95607
944	1.03029
945	0.968088
946	0.966176
947	0.973845
948	0.964726
949	1.02288
950	0.987887
951	0.987371
952	0.97428
953	0.981236
954	0.981083
955	0.970518
956	0.989336
957	1.00818
958	1.04165
959	1.01016
960	1.01783
961	0.978537
962	1.00601
963	1.0249
964	1.00219
965	1.05658
966	1.02188
967	0.98046
968	1.01012
969	1.01327
970	1.04943
971	1.01143
972	0.958678
973	0.998881
974	1.03282
975	0.982092
976	0.995438
977	0.982441
978	0.943704
979	1.03843
980	0.985891
981	0.945489
982	1.04587
983	0.946124
984	0.92213
985	0.961062
986	1.0054
987	1.03505
988	0.973325
989	1.00294
990	1.04426
991	0.952725
992	1.01972
993	1.0385
994	1.00199
995	0.984479
996	0.975131
997	1.03442
998	0.973157
999	1.02488
1000	1.03618
1001	0.989404
1002	1.05553
1003	0.97283
1004	1.02627
1005	1.02711
1006	1.00445
1007	1.05153
1008	0.984231
1009	0.964732
1010	0.991181
1011	1.03558
1012	0.986154
1013	1.01981
1014	0.994359
1015	1.0146
1016	0.984808
1017	1.03682
1018	0.992119
1019	0.969159
1020	1.00273
1021	0.989016
1022	0.974671
1023	1.00896
1024	1.0116
1025	0.994769
1026	1.01446
1027	1.03387
1028	1.02051
1029	0.973299
1030	0.982196
1031	0.979675
1032	0.98419
1033	1.00561
1034	1.02858
1035	0.956848
1036	0.974272
1037	0.99947
1038	0.959803
1039	0.984252
1040	0.984801
1041	0.968775
1042	1.01018
1043	0.984348
1044	0.997902
1045	1.02681
1046	1.03752
1047	1.01698
1048	0.995514
1049	0.994668
1050	0.997426
1051	1.04873
1052	1.02055
1053	1.02945
1054	1.00255
1055	1.04264
1056	1.00724
1057	0.976526
1058	0.951833
1059	1.02133
1060	1.00363
1061	0.994645
1062	0.96646
1063	1.06082
1064	0.953698
1065	0.979011
1066	0.993961
1067	1.02277
1068	1.00081
1069	1.00679
1070	0.970247
1071	1.00586
1072	1.10768
1073	0.972516
1074	1.00563
1075	1.00553
1076	1.01053
1077	1.00579
1078	0.94354
1079	1.01948
1080	0.987908
1081	1.00133
1082	1.01287
1083	0.970536
1084	0.975253
1085	1.01322
1086	0.992611
1087	0.992265
1088	1.04084
1089	0.960487
1090	0.934143
1091	1.03293
1092	1.06475
1093	1.02608
1094	1.00624
1095	1.02945
1096	1.01578
1097	1.03791
1098	0.983097
1099	0.997972
1100	1.02863
1101	0.989391
1102	1.01657
1103	0.978901
1104	1.02058
1105	1.00285
1106	1.06839
1107	1.03381
1108	1.01382
1109	1.00267
1110	1.02828
1111	0.970421
1112	1.00038
1113	0.989961
1114	1.03031
1115	0.993037
1116	1.03904
1117	0.943186
1118	1.0127
1119	1.02571
1120	1.00926
1121	0.994101
1122	0.981463
1123	1.00813
1124	0.99047
1125	1.01191
1126	0.995809
1127	0.978279
1128	0.993559
1129	0.998045
1130	0.983984
1131	1.01854
1132	1.02073
1133	0.997477
1134	0.939871
1135	1.02061
1136	1.04758
1137	0.996958
1138	1.01237
1139	0.991002
1140	1.00906
1141	1.026
1142	0.998421
1143	0.98488
1144	1.00516
1145	0.949461
1146	1.00672
1147	0.996412
1148	0.983956
1149	0.992332
1150	0.940795
1151	0.954087
1152	0.937327
1153	1.05153
1154	0.952102
1155	0.986058
1156	0.937761
1157	1.0613
1158	1.01794
1159	0.967856
1160	0.997604
1161	0.977027
1162	1.03309
1163	0.955216
1164	0.992902
1165	1.00963
1166	0.977692
1167	1.04497
1168	1.02229
1169	1.03819
1170	1.01546
1171	1.04396
1172	1.008
1173	0.973676
1174	0.994832
1175	1.02875
1176	0.997594
1177	1.01686
1178	1.04386
1179	0.985161
1180	0.980448
1181	0.961733
1182	1.01477
1183	0.993802
1184	0.992075
1185	1.04509
1186	0.980614
1187	1.05596
1188	1.00497
1189	0.966332
1190	0.98518
1191	1.01443
1192	1.00999
1193	0.991621
1194	0.9928
1195	0.973942
1196	0.967739
1197	1.02698
1198	0.982997
1199	0.948683
1200	0.9871
1201	1.04893
1202	0.98043
1203	1.00887
1204	0.985861
1205	1.04966
1206	0.940006
1207	1.02651
1208	1.01114
1209	1.01521
1210	0.985674
1211	1.10027
1212	0.956952
1213	0.984924
1214	0.994829
1215	0.983433
1216	0.948473
1217	0.994864
1218	0.962266
1219	1.02207
1220	1.00239
1221	1.01797
1222	1.0219
1223	0.949615
1224	0.971356
1225	1.02189
1226	1.00358
1227	1.06199
1228	0.983611
1229	1.04325
1230	0.988969
1231	1.00858
1232	0.961842
1233	0.928909
1234	0.971308
1235	0.979161
1236	1.03856
1237	0.941504
1238	1.01135
1239	0.97369
1240	0.926486
1241	1.0076
1242	0.974399
1243	0.993129
1244	0.970911
1245	1.02272
1246	1.02105
1247	1.01013
1248	0.990885
1249	0.944309
1250	1.01849
1251	1.02029
1252	1.00966
1253	1.00176
1254	0.992107
1255	1.03405
1256	0.974353
1257	0.994061
1258	0.985916
1259	1.02384
1260	0.972981
1261	0.957151
1262	1.03156
1263	1.00625
1264	0.997282
1265	1.00609
1266	0.949875
1267	1.01895
1268	0.972053
1269	1.01514
1270	1.01631
1271	1.02969
1272	0.983059
1273	1.03063
1274	0.96212
1275	1.02914
1276	1.02168
1277	0.999141
1278	0.986534
1279	1.00031
1280	0.976432
1281	1.00807
1282	1.02865
1283	1.03349
1284	0.961633
1285	1.0561
1286	0.986533
1287	1.01221
1288	0.961788
1289	1.00151
1290	0.969056
1291	1.0096
1292	1.01629
1293	1.04772
1294	1.04466
1295	0.996407
1296	0.941629
1297	0.980444
1298	0.982535
1299	1.02647
1300	0.972055
1301	0.972154
1302	0.983803
1303	0.993957
1304	1.02266
1305	1.03538
1306	0.986143
1307	0.958587
1308	1.0202
1309	1.02331
1310	1.05468
1311	0.969872
1312	1.0304
1313	0.978551
1314	1.00174
1315	0.976996
1316	0.99523
1317	1.03281
1318	1.03683
1319	1.03049
1320	0.990885
1321	1.00791
1322	0.993514
1323	1.00678
1324	0.990539
1325	1.01503
1326	1.04384
1327	1.02876
1328	1.03089
1329	1.03114
1330	1.00378
1331	0.971846
1332	0.981276
1333	1.00819
1334	1.01363
1335	0.989663
1336	1.00336
1337	0.973988
1338	0.967308
1339	0.969839
1340	0.975556
1341	0.940851
1342	1.0018
1343	1.0038
1344	0.999038
1345	1.01215
1346	0.98156
1347	1.02871
1348	1.03908
1349	0.976221
1350	1.02501
1351	1.03654
1352	0.999405
1353	1.00037
1354	1.02478
1355	1.03476
1356	0.997095
1357	0.993298
1358	1.01348
1359	0.978105
1360	0.976111
1361	1.02414
1362	0.98876
1363	0.990781
1364	0.965022
1365	0.965313
1366	1.02031
1367	1.01788
1368	0.984064
1369	1.07377
1370	0.989017
1371	0.988719
1372	1.0216
1373	0.979341
1374	1.00549
1375	1.00155
1376	0.969709
1377	0.999517
1378	1.03578
1379	0.987918
1380	0.992807
1381	1.00249
1382	0.98951
1383	1.02164
1384	1.00449
1385	1.00853
1386	0.978835
1387	1.02904
1388	0.992727
1389	1.03858
1390	0.986496
1391	1.00852
1392	0.985967
1393	1.00592
1394	1.00562
1395	1
1396	0.994845
1397	1.00443
1398	1.02902
1399	0.990371
1400	0.974638
1401	1.01989
1402	0.960703
1403	0.974819
1404	0.987082
1405	0.971591
1406	1.01092
1407	1.01896
1408	1.05408
1409	1.02098
1410	1.03075
1411	1.02193
1412	1.04652
1413	1.04474
1414	0.975108
1415	1.05182
1416	1.02144
1417	0.96436
1418	0.995746
1419	1.03675
1420	1.01843
1421	1.0223
1422	1.04757
1423	0.991105
1424	1.06976
1425	1.0284
1426	0.976837
1427	0.994007
1428	1.01755
1429	0.97703
1430	1.03307
1431	1.07383
1432	1.01065
1433	0.975502
1434	0.99066
1435	1.0358
1436	0.979529
1437	0.997968
1438	0.988072
1439	0.996817
1440	1.03543
1441	1.01286
1442	1.0415
1443	0.994264
1444	1.02654
1445	0.975377
1446	0.984214
1447	1.04942
1448	1.02785
1449	0.955991
1450	0.959561
1451	0.969678
1452	1.05017
1453	1.02757
1454	0.976672
1455	0.959968
1456	1.02306
1457	0.984788
1458	0.961731
1459	0.954499
1460	1.02053
1461	0.980549
1462	0.964851
1463	1.00667
1464	1.02362
1465	0.964048
1466	0.992613
1467	0.993227
1468	0.997374
1469	0.97657
1470	1.01673
1471	1.01178
1472	0.977991
1473	1.03745
1474	0.962356
1475	1.00229
1476	0.986897
1477	1.00242
1478	0.946598
1479	1.04761
1480	1.02777
1481	0.954305
1482	1.00887
1483	1.00277
1484	0.965284
1485	1.00818
1486	0.998754
1487	1.04077
1488	0.960607
1489	1.02264
1490	1.00873
1491	0.994974
1492	0.995462
1493	1.06404
1494	1.0186
1495	0.988848
1496	0.968371
1497	1.01027
1498	1.00642
1499	1.03971
1500	1.02321
1501	1.01556
1502	0.982602
1503	1.0777
1504	1.01115
1505	0.991484
1506	1.06997
1507	0.997315
1508	1.00424
1509	1.00737
1510	1.01024
1511	0.957235
1512	0.98919
1513	1.00164
1514	0.984962
1515	0.949205
1516	0.980662
1517	1.00162
1518	1.00648
1519	0.99861
1520	1.01899
1521	1.01632
1522	1.00593
1523	1.0749
1524	1.04397
1525	1.01005
1526	0.960239
1527	1.02314
1528	1.04281
1529	0.999865
1530	1.03244
1531	1.0204
1532	0.983615
1533	0.999099
1534	1.04468
1535	1.03476
1536	0.994602
1537	0.999285
1538	0.950955
1539	0.95625
1540	0.995061
1541	1.00626
1542	0.963355
1543	1.01715
1544	0.960365
1545	1.02267
1546	1.01346
1547	0.953632
1548	1.03978
1549	1.05993
1550	1.0078
1551	1.01184
1552	0.992442
1553	0.969581
1554	0.983604
1555	1.04276
1556	1.03026
1557	0.987575
1558	0.959579
1559	0.99596
1560	1.00569
1561	1.01953
1562	1.04748
1563	0.953146
1564	1.00525
1565	0.976535
1566	0.985644
1567	0.98064
1568	1.01416
1569	1.01242
1570	1.00324
1571	1.03133
1572	1.0347
1573	0.95201
1574	0.98314
1575	1.00184
1576	0.975214
1577	0.941582
1578	1.00197
1579	1.00831
1580	0.9961
1581	1.00514
1582	0.977403
1583	1.03631
1584	1.00331
1585	1.00182
1586	1.01054
1587	1.01141
1588	1.03062
1589	1.00917
1590	0.952872
1591	1.00666
1592	0.974703
1593	1.04425
1594	0.99605
1595	1.0324
1596	1.01809
1597	1.00738
1598	0.999268
1599	0.988814
1600	1.02796
1601	1.03132
1602	1.01792
1603	1.00101
1604	0.994045
1605	1.04669
1606	1.01315
1607	1.01261
1608	1.03673
1609	0.967828
1610	0.999815
1611	1.03848
1612	1.00382
1613	1.01034
1614	1.05407
1615	0.943657
1616	0.989512
1617	0.998429
1618	1.0094
1619	0.975297
1620	1.03043
1621	1.00711
1622	0.988542
1623	1.04397
1624	1.02909
1625	1.00452
1626	1.04748
1627	0.961412
1628	1.00569
1629	0.973867
1630	0.967737
1631	1.04819
1632	1.03408
1633	1.00658
1634	0.996696
1635	1.00443
1636	1.04317
1637	0.990163
1638	0.973636
1639	0.954003
1640	1.00128
1641	1.0331
1642	1.01356
1643	1.00782
1644	1.0154
1645	1.01873
1646	0.975096
1647	1.00935
1648	1.00348
1649	0.945021
1650	0.977024
1651	1.02789
1652	1.01997
1653	0.988362
1654	1.01575
1655	0.981013
1656	1.04345
1657	1.00715
1658	0.975159
1659	1.03749
1660	0.980973
1661	1.01831
1662	0.999068
1663	0.961454
1664	0.989342
1665	0.928093
1666	0.972883
1667	1.01535
1668	1.05908
1669	0.961874
1670	0.964237
1671	0.997113
1672	1.01669
1673	1.02462
1674	0.967836
1675	1.01183
1676	1.01641
1677	0.978382
1678	0.991007
1679	1.02396
1680	0.993758
1681	0.965048
1682	0.99926
1683	1.00212
1684	1.02516
1685	1.03638
1686	1.01831
1687	1.0066
1688	0.987545
1689	1.00222
1690	1.00297
1691	0.955379
1692	1.01081
1693	1.02671
1694	1.01208
1695	0.98535
1696	1.01928
1697	1.038
1698	0.990728
1699	0.989143
1700	0.992064
1701	1.04745
1702	0.943039
1703	0.949503
1704	1.0263
1705	1.0242
1706	0.976783
1707	0.968526
1708	1.00088
1709	0.929119
1710	0.99348
1711	0.996699
1712	0.957047
1713	0.963097
1714	0.969977
1715	1.01853
1716	0.992775
1717	0.998278
1718	0.993236
1719	1.00294
1720	1.03618
1721	0.954571
1722	0.969528
1723	1.01248
1724	1.00503
1725	1.00386
1726	0.995206
1727	1.04287
1728	1.02417
1729	0.9785
1730	1.00594
1731	0.971931
1732	0.999065
1733	1.00882
1734	0.961852
1735	1.04552
1736	0.98698
1737	1.01945
1738	1.03322
1739	0.986878
1740	1.00026
1741	1.02385
1742	1.01895
1743	1.0063
1744	0.98604
1745	1.04921
1746	1.02696
1747	1.00309
1748	0.974704
1749	0.998007
1750	1.01141
1751	1.03707
1752	0.95492
1753	1.00884
1754	0.982694
1755	1.02123
1756	1.0194
1757	0.946811
1758	1.02375
1759	1.00894
1760	0.997968
1761	1.01483
1762	0.958052
1763	0.940639
1764	0.996263
1765	0.993931
1766	1.03511
1767	1.03129
1768	1.00843
1769	1.00582
1770	1.01805
1771	1.02951
1772	1.06864
1773	1.01642
1774	1.04865
1775	1.01948
1776	1.01074
1777	1.00002
1778	1.01918
1779	1.03809
1780	0.991523
1781	1.00344
1782	0.995997
1783	0.980775
1784	0.967846
1785	1.03327
1786	0.966454
1787	1.00174
1788	1.0107
1789	0.967451
1790	1.02796
1791	0.958302
1792	1.02304
1793	0.967725
1794	1.02318
1795	0.937166
1796	0.961417
1797	1.01093
1798	0.962344
1799	0.995697
1800	0.95856
1801	1.01695
1802	0.909317
1803	0.99188
1804	1.07119
1805	0.97293
1806	1.03338
1807	0.995372
1808	1.02409
1809	1.02381
1810	0.981487
1811	0.967623
1812	1.02317
1813	0.993822
1814	0.981528
1815	1.00002
1816	0.965463
1817	1.0057
1818	1.01822
1819	1.01907
1820	1.05748
1821	0.949355
1822	0.980395
1823	1.03479
1824	1.05843
1825	0.918718
1826	1.04459
1827	0.958542
1828	0.992182
1829	1.00763
1830	1.00498
1831	0.986025
1832	0.972162
1833	1.00009
1834	0.993863
1835	1.05854
1836	1.02446
1837	0.986644
1838	1.00659
1839	0.973071
1840	1.00589
1841	0.998409
1842	0.97788
1843	1.00382
1844	1.00696
1845	1.00231
1846	0.989325
1847	1.02436
1848	0.996738
1849	1.00531
1850	0.992994
1851	1.0059
1852	0.951252
1853	1.02016
1854	0.956938
1855	1.05977
1856	1.03304
1857	0.966787
1858	0.999591
1859	0.94684
1860	0.965333
1861	0.983953
1862	1.00473
1863	0.977284
1864	1.02604
1865	1.02654
1866	0.997038
1867	0.967056
1868	1.0027
1869	1.00529
1870	1.01629
1871	0.972585
1872	1.06733
1873	0.958367
1874	0.981008
1875	1.06976
1876	0.989396
1877	1.03399
1878	1.00053
1879	0.941978
1880	1.00537
1881	0.974017
1882	1.02299
1883	1.00405
1884	1.0347
1885	1.05749
1886	0.99585
1887	0.964611
1888	0.989577
1889	0.997813
1890	0.985201
1891	1.01068
1892	0.99492
1893	1.00467
1894	0.998415
1895	0.989296
1896	1.0195
1897	1.01904
1898	1.0048
1899	1.04809
1900	0.980928
1901	0.988696
1902	0.969456
1903	1.02221
1904	0.975062
1905	1.01649
1906	1.02546
1907	0.959024
1908	0.995027
1909	1.02183
1910	0.946034
1911	0.994642
1912	1.01584
1913	0.991005
1914	1.02824
1915	0.986432
1916	1.01509
1917	1.00141
1918	0.932826
1919	0.993721
1920	1.01467
1921	0.981259
1922	1.01722
1923	0.982121
1924	0.981007
1925	0.968567
1926	1.04991
1927	1.04666
1928	0.979558
1929	1.01053
1930	0.999634
1931	0.958301
1932	1.00385
1933	0.985909
1934	1.07738
1935	0.983117
1936	0.982002
1937	1.009
1938	1.01091
1939	0.999102
1940	1.05406
1941	1.031
1942	0.981415
1943	0.947932
1944	0.985461
1945	1.0017
1946	0.991057
1947	0.99513
1948	1.01084
1949	1.01785
1950	1.01921
1951	0.976389
1952	1.02926
1953	0.997219
1954	1.0219
1955	1.03354
1956	1.09555
1957	0.992526
1958	1.0065
1959	0.988498
1960	0.955665
1961	0.989803
1962	0.956966
1963	1.03881
1964	1.03225
1965	1.05714
1966	0.979714
1967	0.989055
1968	0.998053
1969	0.988039
1970	1.07743
1971	1.00039
1972	0.967264
1973	0.987789
1974	1.04114
1975	0.945938
1976	0.961773
1977	1.01363
1978	0.954448
1979	0.98525
1980	0.983169
1981	1.00661
1982	1.04682
1983	1.00844
1984	0.914852
1985	1.02838
1986	0.990813
1987	0.975554
1988	0.951343
1989	1.04162
1990	0.990175
1991	1.03988
1992	0.974951
1993	0.986593
1994	0.947641
1995	0.970301
1996	1.04135
1997	0.931267
1998	1.03382
1999	0.942017
2000	0.981852
2001	1.00018
2002	1.00585
2003	0.98664
2004	0.960121
2005	1.03301
2006	1.02461
2007	1.02067
2008	0.939666
2009	0.976432
2010	1.01237
2011	1.03427
2012	1.06551
2013	1.00533
2014	0.996528
2015	0.963261
2016	0.989696
2017	1.02921
2018	1.00277
2019	1.02247
2020	1.03036
2021	0.961378
2022	1.00265
2023	0.997109
2024	1.03221
2025	1.00818
2026	0.982478
2027	1.0015
2028	1.02831
2029	0.986121
2030	0.978693
2031	1.04901
2032	0.974397
2033	0.985545
2034	0.959729
2035	1.00184
2036	1.00231
2037	1.0059
2038	1.01156
2039	1.01558
2040	0.982539
2041	1.0122
2042	1.01119
2043	1.03846
2044	0.986957
2045	1.02606
2046	1.03204
2047	1.04885
2048	1.01034
2049	0.934904
2050	0.969053
2051	0.990962
2052	0.999629
2053	1.02533
2054	1.00799
2055	1.00247
2056	1.01999
2057	1.02715
2058	1.01347
2059	1.01157
2060	0.993379
2061	1.01998
2062	1.01297
2063	1.03794
2064	0.957648
2065	1.03286
2066	1.03069
2067	0.961826
2068	0.942462
2069	1.03859
2070	0.98376
2071	1.01752
2072	1.02175
2073	0.954496
2074	0.95633
2075	0.954838
2076	1.01004
2077	1.04791
2078	1.0693
2079	0.957295
2080	1.0505
2081	0.929713
2082	1.00732
2083	1.02545
2084	0.999833
2085	1.00219
2086	0.990246
2087	1.00342
2088	1.00462
2089	1.01311
2090	0.996228
2091	1.00242
2092	1.00684
2093	0.972736
2094	0.952585
2095	0.996193
2096	0.999018
2097	0.951068
2098	1.04661
2099	0.993066
2100	1.04111
2101	1.02029
2102	1.00142
2103	1.044
2104	1.00482
2105	1.00842
2106	0.913322
2107	0.981855
2108	0.974407
2109	0.926028
2110	0.966337
2111	0.969351
2112	0.981507
2113	1.02039
2114	1.01557
2115	1.02339
2116	1.0416
2117	0.967194
2118	1.00638
2119	1.0228
2120	1.0143
2121	0.987384
2122	0.976118
2123	1.01898
2124	1.06587
2125	1.002
2126	1.00726
2127	0.998711
2128	1.01778
2129	0.995468
2130	0.946202
2131	0.950312
2132	1.02542
2133	1.01398
2134	1.00731
2135	0.96923
2136	1.01568
2137	1.01097
2138	1.0019
2139	1.02726
2140	0.988602
2141	0.999369
2142	0.997006
2143	1.05975
2144	1.02239
2145	0.975478
2146	1.0322
2147	1.05765
2148	1.04875
2149	1.01808
2150	1.01683
2151	0.970187
2152	0.972343
2153	1.00029
2154	0.997397
2155	0.917461
2156	1.0463
2157	1.02123
2158	0.992655
2159	0.995858
2160	0.99367
2161	1.00679
2162	1.00488
2163	1.023
2164	1.01724
2165	0.979984
2166	0.965685
2167	1.00234
2168	1.01633
2169	1.01345
2170	1.01442
2171	0.974498
2172	0.980914
2173	0.974474
2174	1.03773
2175	0.934963
2176	0.961334
2177	0.953106
2178	0.976045
2179	0.971543
2180	0.974122
2181	1.04722
2182	0.984198
2183	1.02537
2184	0.983103
2185	0.979941
2186	1.02384
2187	1.00092
2188	0.9837
2189	0.989784
2190	0.972999
2191	0.974447
2192	0.961762
2193	0.97552
2194	1.01806
2195	0.931221
2196	1.03842
2197	1.00857
2198	0.986148
2199	0.987738
2200	0.967929
2201	0.996463
2202	0.967904
2203	1.02367
2204	1.03308
2205	1.00244
2206	0.99764
2207	1.00144
2208	1.01156
2209	0.998419
2210	1.0201
2211	0.990773
2212	1.01279
2213	0.967149
2214	0.979171
2215	0.976964
2216	0.984165
2217	0.968254
2218	0.992663
2219	0.948356
2220	1.02973
2221	1.02931
2222	1.01187
2223	1.01808
2224	0.9691
2225	0.982596
2226	1.00118
2227	0.98078
2228	0.977759
2229	0.962266
2230	0.983378
2231	0.976124
2232	1.02733
2233	1.07072
2234	0.922789
2235	1.01938
2236	1.04773
2237	0.961558
2238	1.02526
2239	1.03216
2240	1.03051
2241	0.975281
2242	1.0139
2243	1.06839
2244	1.02676
2245	0.962743
2246	0.937991
2247	1.00028
2248	0.955918
2249	0.985699
2250	0.990432
2251	1.01097
2252	0.994016
2253	0.999578
2254	0.95499
2255	1.01462
2256	0.994265
2257	1.00974
2258	0.994596
2259	0.995151
2260	1.04439
2261	0.980548
2262	1.02623
2263	1.02782
2264	0.958554
2265	1.00848
2266	1.01677
2267	0.998372
2268	1.03433
2269	0.944155
2270	1.0353
2271	1.01194
2272	1.06628
2273	0.952303
2274	1.01579
2275	1.00387
2276	1.01392
2277	1.01792
2278	1.0444
2279	1.0421
2280	0.925925
2281	1.01409
2282	1.00634
2283	0.947007
2284	1.02256
2285	0.970573
2286	1.02653
2287	1.01309
2288	1.02404
2289	1.01998
2290	1.021
2291	1.03581
2292	0.998384
2293	0.95298
2294	1.02352
2295	1.03728
2296	1.04467
2297	0.978661
2298	0.94984
2299	0.992512
2300	1.00935
2301	0.990731
2302	0.979909
2303	0.986501
2304	1.03048
2305	1.04841
2306	0.988663
2307	1.04604
2308	1.02803
2309	1.01258
2310	1.02787
2311	1.05401
2312	0.963421
2313	0.952684
2314	1.03739
2315	0.958733
2316	1.01134
2317	1.04244
2318	0.998091
2319	0.990373
2320	1.03894
2321	1.0118
2322	0.972833
2323	1.00119
2324	1.02463
2325	1.02148
2326	1.01754
2327	0.984069
2328	0.967629
2329	0.955802
2330	0.974879
2331	0.976492
2332	0.979043
2333	1.08953
2334	1.03847
2335	0.980336
2336	1.01996
2337	0.947597
2338	1.00646
2339	1.00218
2340	0.951254
2341	0.979253
2342	1.01815
2343	1.00938
2344	0.955559
2345	1.0152
2346	0.982699
2347	1.05738
2348	0.997727
2349	0.984964
2350	0.954374
2351	1.01864
2352	1.00264
2353	1.01517
2354	0.996716
2355	1.05016
2356	0.939396
2357	0.99398
2358	1.00009
2359	0.963908
2360	1.00605
2361	0.97637
2362	1.00799
2363	1.0614
2364	0.951924
2365	1.02094
2366	1.00619
2367	1.02187
2368	1.02721
2369	1.03384
2370	1.00877
2371	1.00717
2372	1.01531
2373	0.950593
2374	0.957263
2375	0.971854
2376	0.946559
2377	0.951483
2378	0.967208
2379	1.02674
2380	1.03842
2381	0.998061
2382	0.934285
2383	0.986671
2384	0.976518
2385	1.04115
2386	0.991271
2387	1.02933
2388	0.978194
2389	1.02557
2390	1.09755
2391	1.00649
2392	0.973528
2393	0.9765
2394	1.05167
2395	1.00177
2396	0.971574
2397	1.0235
2398	1.06825
2399	1.01961
2400	0.964914
2401	1.00461
2402	1.01789
2403	1.01066
2404	1.04483
2405	0.982353
2406	0.996803
2407	0.920366
2408	1.03546
2409	0.999993
2410	1.03064
2411	1.03272
2412	0.990547
2413	0.994821
2414	0.988608
2415	0.986938
2416	1.02776
2417	1.00912
2418	0.997029
2419	0.982522
2420	0.976526
2421	1.0165
2422	0.989379
2423	1.01615
2424	1.0406
2425	0.965652
2426	1.00041
2427	1.02623
2428	1.0613
2429	1.01008
2430	0.986748
2431	0.992644
2432	1.02035
2433	0.974662
2434	0.979358
2435	1.003
2436	1.01172
2437	0.998111
2438	1.02829
2439	1.04041
2440	1.04178
2441	1.01405
2442	0.966023
2443	1.00298
2444	0.975324
2445	0.970933
2446	1.0204
2447	1.01372
2448	0.938904
2449	0.967072
2450	0.970852
2451	1.01768
2452	0.983128
2453	1.00986
2454	0.977666
2455	0.994369
2456	0.980939
2457	0.973746
2458	1.01802
2459	0.985755
2460	0.981144
2461	0.995536
2462	0.990855
2463	0.994936
2464	1.05637
2465	0.990363
2466	0.960399
2467	1.02251
2468	0.978754
2469	1.02139
2470	1.04034
2471	0.991111
2472	1.00104
2473	1.01745
2474	1.01914
2475	1.01545
2476	1.02193
2477	1.01202
2478	1.03816
2479	1.03268
2480	1.00228
2481	1.01716
2482	1.02132
2483	1.02545
2484	0.967555
2485	1.03189
2486	1.0342
2487	0.977093
2488	1.0127
2489	1.03725
2490	1.02847
2491	1.04769
2492	1.00568
2493	1.00263
2494	1.02891
2495	0.993324
2496	0.971722
2497	1.05806
2498	0.981996
2499	0.970316
2500	0.96496
2501	0.98765
2502	0.992333
2503	0.977087
2504	1.02408
2505	0.998232
2506	1.031
2507	1.01564
2508	0.979017
2509	0.980397
2510	0.997751
2511	0.992778
2512	0.941282
2513	0.985101
2514	0.958714
2515	0.968226
2516	0.980829
2517	1.02587
2518	0.946223
2519	1.02605
2520	1.00541
2521	1.00152
2522	0.998501
2523	1.02684
2524	1.00733
2525	0.97898
2526	1.03443
2527	1.0316
2528	1.0096
2529	0.958509
2530	0.974076
2531	0.987567
2532	1.00502
2533	1.03794
2534	0.97614
2535	1.00228
2536	1.03829
2537	1.02224
2538	0.994325
2539	0.998071
2540	1.02049
2541	0.999787
2542	0.981562
2543	1.00603
2544	1.0145
2545	1.04526
2546	0.959783
2547	1.01896
2548	0.970993
2549	1.01271
2550	1.0231
2551	1.00008
2552	1.02861
2553	0.967474
2554	0.98484
2555	1.00608
2556	0.98724
2557	0.94944
2558	0.986225
2559	0.962419
2560	1.04056
2561	1.00765
2562	1.00814
2563	0.966599
2564	1.02151
2565	0.930852
2566	0.974752
2567	0.96665
2568	1.01209
2569	1.00065
2570	1.03359
2571	1.00902
2572	1.05449
2573	1.03381
2574	0.936152
2575	0.993874
2576	1.04178
2577	0.998631
2578	1.02797
2579	0.983674
2580	1.01114
2581	1.00037
2582	0.989746
2583	1.00041
2584	0.978256
2585	0.995411
2586	0.964911
2587	0.988851
2588	0.999044
2589	0.982451
2590	1.04388
2591	0.953545
2592	0.969928
2593	0.990896
2594	1.02136
2595	0.960412
2596	1.0076
2597	1.02982
2598	0.997003
2599	0.958091
2600	0.984165
2601	0.996554
2602	0.979934
2603	1.03955
2604	0.994843
2605	1.01547
2606	1.01455
2607	1.05436
2608	1.03604
2609	0.985724
2610	1.00835
2611	1.03116
2612	1.02701
2613	1.03487
2614	1.02693
2615	1.03514
2616	1.00446
2617	0.989186
2618	1.01345
2619	0.998701
2620	1.00342
2621	1.04558
2622	0.977435
2623	0.971965
2624	1.02939
2625	1.01991
2626	1.04741
2627	0.99822
2628	1.02013
2629	1.01373
2630	0.986557
2631	0.967314
2632	1.01701
2633	0.953342
2634	1.03129
2635	0.974515
2636	1.0223
2637	1.00597
2638	0.955928
2639	1.00495
2640	1.00615
2641	0.986697
2642	0.974522
2643	1.01569
2644	0.960699
2645	1.04864
2646	1.01912
2647	1.04083
2648	1.02444
2649	0.994992
2650	1.01814
2651	1.03489
2652	1.01015
2653	0.925009
2654	1.01103
2655	0.980168
2656	0.982439
2657	1.00524
2658	0.990438
2659	1.0149
2660	1.02702
2661	0.987576
2662	1.04013
2663	0.99057
2664	1.03011
2665	0.96834
2666	0.960338
2667	1.02524
2668	0.954179
2669	0.974995
2670	1.00581
2671	0.982921
2672	0.940577
2673	0.998389
2674	1.04051
2675	1.00394
2676	0.983526
2677	0.993995
2678	1.01616
2679	1.04508
2680	1.01429
2681	1.01902
2682	1.01547
2683	1.00803
2684	0.969326
2685	1.0558
2686	0.973394
2687	0.96334
2688	0.987341
2689	1.01027
2690	1.06745
2691	0.982901
2692	1.05593
2693	0.969182
2694	0.974458
2695	0.972061
2696	0.968069
2697	1.02286
2698	0.994947
2699	1.03209
2700	1.05932
2701	0.990282
2702	0.991137
2703	1.00387
2704	0.971884
2705	1.03957
2706	1.01055
2707	1.00226
2708	0.979379
2709	1.0117
2710	1.01169
2711	1.06153
2712	1.0295
2713	0.9607
2714	1.01504
2715	0.996082
