0	1.01998
1	0.991305
2	1.01564
3	0.999399
4	1.01649
5	0.998866
6	0.981982
7	0.998506
8	1.00016
9	0.991785
10	1.02782
11	0.980299
12	0.999021
13	0.971133
14	0.978787
15	0.972234
16	1.01535
17	0.985279
18	1.01159
19	0.992357
20	1.04122
21	0.975304
22	1.02331
23	0.990916
24	0.997305
25	0.990007
26	0.996351
27	1.03689
28	0.995143
29	1.03994
30	1.0001
31	0.991556
32	1.03081
33	1.00189
34	1.03049
35	1.02433
36	0.997274
37	0.996016
38	0.994125
39	0.997633
40	0.976794
41	1.00025
42	1.00044
43	0.998575
44	0.973568
45	1.03489
46	0.993352
47	0.995055
48	0.976396
49	0.976191
50	0.959805
51	1.02677
52	1.00976
53	1.00593
54	1.00488
55	0.978153
56	0.988018
57	0.984241
58	0.948397
59	0.97567
60	0.975134
61	0.995242
62	1.03601
63	0.990622
64	0.955268
65	0.994028
66	1.03562
67	0.98228
68	1.00513
69	0.99263
70	0.985689
71	0.992264
72	0.993979
73	0.997454
74	1.01706
75	1.0091
76	0.999378
77	1.02398
78	1.00719
79	0.988829
80	1.01865
81	1.02781
82	1.01957
83	0.982107
84	1.00556
85	0.984947
86	0.987664
87	0.974029
88	1.01973
89	1.00606
90	0.970296
91	1.02688
92	1.00441
93	0.996433
94	0.993362
95	1.00736
96	0.991009
97	1.03015
98	0.999168
99	1.00164
100	1.02227
101	1.01841
102	0.971893
103	1.00614
104	0.993779
105	0.987759
106	1.03702
107	1.00068
108	0.998145
109	0.990527
110	1.01677
111	0.966558
112	0.960092
113	1.00916
114	0.96139
115	0.979527
116	0.987472
117	0.997681
118	0.988081
119	1.01717
120	0.95571
121	0.996281
122	0.985282
123	0.993782
124	1.01619
125	0.968763
126	1.02522
127	0.992782
128	1.02236
129	1.00745
130	0.999613
131	0.981834
132	0.971505
133	1.0282
134	0.979209
135	0.995385
136	0.965041
137	0.975284
138	1.00392
139	0.991301
140	1.02257
141	0.993629
142	0.99019
143	0.950113
144	0.994672
145	1.04479
146	0.99367
147	0.996912
148	1.01832
149	0.994937
150	0.983401
151	0.993618
152	1.01631
153	0.98679
154	1.00103
155	1.01286
156	0.991811
157	0.992805
158	0.985135
159	1.01612
160	0.993402
161	1.01602
162	1.00477
163	1.01643
164	1.01878
165	1.0262
166	0.954759
167	0.985864
168	0.994511
169	1.03703
170	1.027
171	0.990101
172	0.971162
173	0.960827
174	1.04044
175	1.01203
176	0.998396
177	0.963292
178	1.00023
179	0.972361
180	0.985046
181	0.992713
182	0.955937
183	1.02729
184	0.987966
185	0.951323
186	0.990675
187	1.00612
188	0.995272
189	0.986129
190	0.9927
191	0.983164
192	0.967225
193	1.02035
194	0.984762
195	0.990059
196	0.986513
197	1.04449
198	1.01041
199	1.00111
200	0.986862
201	0.96916
202	0.964541
203	0.995076
204	1.00947
205	1.02
206	0.999319
207	0.951984
208	1.01194
209	1.02093
210	0.998434
211	0.978528
212	1.0015
213	1.00656
214	0.976726
215	0.986099
216	1.00126
217	1.00444
218	0.975105
219	1.00301
220	1.00614
221	0.989549
222	1.01975
223	1.02432
224	1.00734
225	0.978666
226	0.995734
227	1.00036
228	0.967981
229	0.99295
230	1.00459
231	1.00407
232	1.0385
233	1.00189
234	1.00797
235	1.02699
236	1.0155
237	0.983206
238	0.996071
239	1.00593
240	0.976919
241	1.01541
242	0.996986
243	1.01683
244	0.974719
245	1.04253
246	1.02182
247	1.00383
248	1.0174
249	1.01998
250	1.01563
251	0.979732
252	1.03304
253	1.04321
254	1.01092
255	1.02372
256	0.983139
257	1.00012
258	1.00475
259	0.981398
260	1.02042
261	0.979998
262	1.01167
263	0.999306
264	1.02493
265	1.02269
266	0.958286
267	0.990731
268	0.978088
269	1.00856
270	0.992806
271	0.987375
272	1.01181
273	0.992334
274	1.00796
275	1.00434
276	1.02635
277	1.02548
278	1.01095
279	1
280	1.02605
281	1.00777
282	1.00143
283	0.993955
284	0.998463
285	1.01475
286	0.992306
287	1.02449
288	0.984841
289	0.971175
290	1.00077
291	1.00436
292	1.00575
293	0.984574
294	1.00366
295	1.01689
296	1.02014
297	0.999001
298	0.964169
299	1.0013
300	1.00623
301	1.0132
302	1.00559
303	0.969315
304	0.992261
305	1.00073
306	0.992391
307	0.951419
308	1.04672
309	1.01314
310	0.975151
311	1.0172
312	0.994992
313	1.03479
314	0.970472
315	1.00841
316	0.977586
317	1.04563
318	1.01943
319	1.02941
320	1.01207
321	1.02731
322	0.969352
323	1.02991
324	0.98593
325	0.952294
326	1.00793
327	1.00615
328	0.992896
329	1.01588
330	1.03533
331	1.01442
332	1.02061
333	0.971845
334	1.00584
335	0.980062
336	0.955854
337	0.993701
338	1.00849
339	0.966704
340	1.02191
341	0.971306
342	1.002
343	1.02428
344	1.05415
345	1.01261
346	0.993113
347	0.974299
348	1.03678
349	0.992335
350	1.00937
351	1.02845
352	1.02054
353	1.01032
354	0.994171
355	0.98328
356	0.994435
357	0.99056
358	0.976845
359	1.00868
360	0.99887
361	1.00079
362	1.00672
363	1.01066
364	1.00126
365	1.04741
366	0.967373
367	0.993249
368	0.970687
369	1.01898
370	0.999785
371	0.999222
372	1.01106
373	0.976775
374	0.970921
375	1.04204
376	0.979047
377	1.00125
378	1.0249
379	0.947352
380	1.0263
381	1.00563
382	1.01476
383	1.00559
384	0.941139
385	1.00155
386	0.979723
387	1.00702
388	1.01333
389	0.987604
390	0.998104
391	1.02039
392	1.01858
393	0.991663
394	0.966954
395	1.00013
396	1.00036
397	0.998419
398	0.984287
399	0.996601
400	1.01843
401	1.00072
402	1.00712
403	1.01737
404	0.999132
405	0.964824
406	1.00203
407	1.002
408	1.00929
409	0.986284
410	0.984651
411	0.999255
412	0.999054
413	0.982419
414	1.01
415	0.966351
416	0.982225
417	1.02845
418	1.0094
419	0.998385
420	1.0342
421	1.00548
422	0.984588
423	0.996262
424	0.990599
425	1.02113
426	1.0172
427	0.972989
428	1.02061
429	0.984326
430	1.00714
431	0.998398
432	0.987591
433	0.993712
434	0.98747
435	1.00663
436	0.978789
437	0.974989
438	1.02503
439	1.02423
440	1.02472
441	0.990902
442	1.00115
443	0.976227
444	1.01459
445	0.993987
446	1.02483
447	0.990426
448	0.994579
449	0.99497
450	1.00155
451	1.03652
452	1.04809
453	1.01022
454	1.02583
455	1.04203
456	0.985539
457	1.02124
458	1.01664
459	1.00111
460	0.975824
461	0.924069
462	0.981039
463	0.995058
464	1.00216
465	0.992403
466	1.01795
467	1.00322
468	1.00769
469	1.03959
470	0.993208
471	1.00314
472	0.991703
473	0.963463
474	1.00546
475	0.974171
476	0.993361
477	0.993378
478	0.992863
479	1.03354
480	0.989696
481	1.01687
482	1.0194
483	1.0368
484	1.02515
485	1.02212
486	0.995892
487	0.978207
488	0.999219
489	0.993416
490	0.99594
491	1.01617
492	0.970706
493	1.01469
494	1.00735
495	0.992126
496	1.00908
497	0.991266
498	0.967791
499	1.04043
500	0.991241
501	0.996195
502	0.988586
503	0.998112
504	1.01358
505	0.996152
506	1.01115
507	0.992546
508	0.969924
509	0.946946
510	0.989269
511	0.985148
512	0.989348
513	0.997717
514	0.990353
515	1.03543
516	1.01235
517	0.998019
518	1.0096
519	1.00095
520	1.00318
521	0.988311
522	0.98304
523	1.00772
524	0.957169
525	1.01992
526	0.98467
527	1.02535
528	0.988816
529	1.02441
530	1.004
531	1.04522
532	0.984177
533	1.0166
534	1.0124
535	0.995278
536	1.05168
537	1.02706
538	0.999797
539	0.99546
540	1.02721
541	0.999467
542	0.978066
543	0.981034
544	0.988322
545	1.01203
546	1.02385
547	0.987653
548	0.964597
549	1.00788
550	0.988675
551	1.00809
552	1.01491
553	0.995934
554	1.03432
555	0.967687
556	1.00203
557	0.971144
558	0.956473
559	1.01037
560	1.00946
561	1.02391
562	0.982632
563	1.02074
564	0.986209
565	0.983958
566	1.0015
567	0.978366
568	0.968709
569	1.00402
570	0.95393
571	0.963141
572	0.97454
573	1.03378
574	0.974585
575	1.01741
576	1.00443
577	1.02152
578	1.03715
579	1.03813
580	0.993347
581	1.00826
582	0.980567
583	0.988219
584	1.01848
585	1.00326
586	0.998268
587	0.984539
588	1.00746
589	0.97281
590	0.973486
591	1.00369
592	1.03099
593	0.990101
594	1.0032
595	1.00878
596	1.01444
597	1.00524
598	1.03455
599	0.998768
600	1.00675
601	0.99705
602	0.98486
603	0.980975
604	1.00423
605	1.01892
606	1.00426
607	1.00013
608	1.00272
609	1.0259
610	0.982844
611	0.963444
612	1.0022
613	0.994298
614	1.01699
615	0.980032
616	0.999293
617	1.02015
618	0.987035
619	1.00223
620	1.01757
621	1.05953
622	0.988523
623	0.965408
624	0.993604
625	0.997004
626	0.979159
627	1.00347
628	0.997981
629	1.00873
630	0.982097
631	0.970334
632	1.02511
633	0.977137
634	0.999713
635	0.998652
636	0.994772
637	1.01858
638	1.02783
639	0.979806
640	0.999019
641	0.976277
642	1.01459
643	0.999077
644	1.03706
645	0.996881
646	1.02148
647	0.999269
648	0.998479
649	1.0679
650	1.03051
651	0.997429
652	0.981369
653	0.999279
654	1.00853
655	0.972854
656	1.0345
657	0.991505
658	1.01665
659	0.958016
660	1.00503
661	0.996549
662	1.04266
663	1.00392
664	1.03611
665	0.9985
666	0.989153
667	0.991642
668	1.02411
669	1.0134
670	1.01087
671	1.04275
672	1.02094
673	0.9755
674	1.00782
675	1.01706
676	1.01317
677	1.02108
678	0.991223
679	1.01326
680	1.02382
681	1.01639
682	1.04624
683	1.00978
684	1.0264
685	0.997322
686	1.0017
687	0.991184
688	1.01784
689	0.996818
690	1.01488
691	0.996964
692	1.00926
693	1.01813
694	0.968535
695	1.01059
696	1.02834
697	0.993302
698	1.03209
699	0.974497
700	1.02256
701	1.04627
702	1.04782
703	1.0155
704	1.02038
705	1.02411
706	0.99078
707	1.02741
708	1.03186
709	1.00782
710	1.00249
711	1.00581
712	0.984288
713	1.00775
714	1.0074
715	0.99104
716	1.0513
717	1.02742
718	0.981831
719	1.01778
720	0.99267
721	1.01729
722	0.997664
723	0.969185
724	0.99286
725	0.993011
726	1.02041
727	1.04076
728	0.99382
729	0.999665
730	0.998528
731	1.02804
732	1.00367
733	0.979838
734	1.00775
735	0.983666
736	1.03046
737	0.957656
738	0.960406
739	1.00421
740	1.00398
741	1.04596
742	0.996947
743	1.01203
744	0.989356
745	0.983856
746	1.01215
747	1.00145
748	1.00175
749	0.994069
750	0.961102
751	1.00663
752	0.999153
753	0.981535
754	0.997678
755	0.986516
756	1.02607
757	1.02318
758	0.998543
759	0.983258
760	0.99772
761	1.00185
762	1.0198
763	0.990876
764	1.03
765	1.01576
766	1.01374
767	0.997864
768	0.953897
769	1.02436
770	1.00778
771	0.969682
772	1.01106
773	1.00138
774	0.975505
775	0.984905
776	1.00074
777	1.02278
778	0.987561
779	0.971493
780	0.985633
781	0.981564
782	0.984466
783	0.97695
784	1.02487
785	1.01403
786	0.992335
787	0.981635
788	1.02837
789	1.01119
790	1.01696
791	0.994507
792	0.992494
793	0.987396
794	0.994003
795	1.01037
796	1.00069
797	1.01807
798	0.98548
799	1.01053
800	0.992933
801	1.00328
802	1.00155
803	0.979103
804	1.00543
805	0.985681
806	0.96675
807	1.02508
808	0.984041
809	0.96259
810	0.992171
811	1.02411
812	0.984003
813	0.966194
814	1.02883
815	1.0007
816	0.970149
817	1.02189
818	0.991147
819	0.996039
820	0.98268
821	1.01351
822	0.996632
823	1.03011
824	0.985027
825	1.02772
826	0.987513
827	0.997499
828	0.981024
829	1.01786
830	1.00542
831	1.02124
832	1.01289
833	1.03647
834	1.01985
835	1.03344
836	0.982481
837	1.01192
838	0.97665
839	1.00514
840	1.00384
841	0.999364
842	0.980279
843	1.00284
844	1.02267
845	1.03518
846	1.05707
847	1.00529
848	0.970431
849	1.00079
850	0.981515
851	0.984338
852	1.04452
853	1.01495
854	0.998929
855	1.00724
856	1.00727
857	0.97332
858	1.00749
859	1.01858
860	0.97689
861	1.00101
862	1.00939
863	0.993777
864	0.971683
865	1.03626
866	1.01786
867	0.99508
868	1.00054
869	0.996708
870	0.986158
871	0.980223
872	1.03542
873	1.00874
874	0.996498
875	0.977435
876	1.05024
877	1.01863
878	0.959596
879	0.995765
880	1.00823
881	1.01765
882	1.02211
883	1.05937
884	0.983034
885	1.02824
886	0.989713
887	1.00317
888	0.955591
889	0.988721
890	0.991599
891	0.997647
892	0.983979
893	0.954091
894	0.977751
895	1.01119
896	1.02571
897	0.99079
898	1.01132
899	1.01785
900	1.00155
901	1.01375
902	0.994359
903	0.961069
904	1.02724
905	0.967472
906	0.999553
907	0.996517
908	1.01143
909	1.01314
910	0.993884
911	0.995047
912	0.988351
913	1.00783
914	1.03673
915	0.983929
916	0.989312
917	1.03288
918	0.983275
919	0.993281
920	0.985359
921	0.988796
922	0.974391
923	1.02836
924	0.98565
925	1.01055
926	0.986787
927	1.01559
928	1.01323
929	1.03335
930	0.979396
931	1.01615
932	1.00767
933	0.971636
934	1.0187
935	1.00225
936	1.02407
937	1.0128
938	0.998286
939	0.988603
940	0.995999
941	0.982493
942	1.00518
943	0.970713
944	1.02019
945	0.978725
946	0.97745
947	0.982563
948	0.976484
949	1.01525
950	0.991925
951	0.99158
952	0.982853
953	0.987491
954	0.987389
955	0.980346
956	0.992891
957	1.00545
958	1.02777
959	1.00677
960	1.01188
961	0.985692
962	1.00401
963	1.0166
964	1.00146
965	1.03772
966	1.01459
967	0.986973
968	1.00674
969	1.00885
970	1.03295
971	1.00762
972	0.972452
973	0.999254
974	1.02188
975	0.988061
976	0.996959
977	0.988294
978	0.962469
979	1.02562
980	0.990594
981	0.963659
982	1.03058
983	0.964083
984	0.948086
985	0.974041
986	1.0036
987	1.02337
988	0.982217
989	1.00196
990	1.02951
991	0.968483
992	1.01315
993	1.02567
994	1.00133
995	0.989653
996	0.983421
997	1.02295
998	0.982105
999	1.01658
1000	1.02412
1001	0.992936
1002	1.03702
1003	0.981887
1004	1.01752
1005	1.01807
1006	1.00297
1007	1.03435
1008	0.989487
1009	0.976488
1010	0.994121
1011	1.02372
1012	0.990769
1013	1.01321
1014	0.996239
1015	1.00973
1016	0.989872
1017	1.02455
1018	0.994746
1019	0.979439
1020	1.00182
1021	0.992677
1022	0.983114
1023	1.00598
1024	1.00773
1025	0.996513
1026	1.00964
1027	1.02258
1028	1.01367
1029	0.982199
1030	0.98813
1031	0.98645
1032	0.98946
1033	1.00374
1034	1.01906
1035	0.971232
1036	0.982848
1037	0.999647
1038	0.973202
1039	0.989502
1040	0.989867
1041	0.979184
1042	1.00679
1043	0.989565
1044	0.998602
1045	1.01787
1046	1.02501
1047	1.01132
1048	0.997009
1049	0.996445
1050	0.998284
1051	1.03249
1052	1.0137
1053	1.01964
1054	1.0017
1055	1.02842
1056	1.00483
1057	0.984351
1058	0.967889
1059	1.01422
1060	1.00242
1061	0.99643
1062	0.97764
1063	1.04054
1064	0.969132
1065	0.986007
1066	0.995974
1067	1.01518
1068	1.00054
1069	1.00453
1070	0.980165
1071	1.00391
1072	1.07179
1073	0.981678
1074	1.00375
1075	1.00369
1076	1.00702
1077	1.00386
1078	0.96236
1079	1.01299
1080	0.991939
1081	1.00089
1082	1.00858
1083	0.980357
1084	0.983502
1085	1.00881
1086	0.995074
1087	0.994844
1088	1.02722
1089	0.973658
1090	0.956096
1091	1.02195
1092	1.04316
1093	1.01739
1094	1.00416
1095	1.01964
1096	1.01052
1097	1.02527
1098	0.988731
1099	0.998648
1100	1.01908
1101	0.992927
1102	1.01104
1103	0.985934
1104	1.01372
1105	1.0019
1106	1.04559
1107	1.02254
1108	1.00921
1109	1.00178
1110	1.01885
1111	0.980281
1112	1.00026
1113	0.993307
1114	1.02021
1115	0.995358
1116	1.02602
1117	0.962124
1118	1.00847
1119	1.01714
1120	1.00617
1121	0.996067
1122	0.987642
1123	1.00542
1124	0.993647
1125	1.00794
1126	0.997206
1127	0.985519
1128	0.995706
1129	0.998697
1130	0.989323
1131	1.01236
1132	1.01382
1133	0.998318
1134	0.959914
1135	1.01374
1136	1.03172
1137	0.997972
1138	1.00825
1139	0.994002
1140	1.00604
1141	1.01733
1142	0.998948
1143	0.98992
1144	1.00344
1145	0.966308
1146	1.00448
1147	0.997608
1148	0.989304
1149	0.994888
1150	0.96053
1151	0.969391
1152	0.958218
1153	1.03435
1154	0.968068
1155	0.990705
1156	0.958508
1157	1.04087
1158	1.01196
1159	0.978571
1160	0.998403
1161	0.984685
1162	1.02206
1163	0.970144
1164	0.995268
1165	1.00642
1166	0.985128
1167	1.02998
1168	1.01486
1169	1.02546
1170	1.01031
1171	1.0293
1172	1.00534
1173	0.98245
1174	0.996555
1175	1.01916
1176	0.998396
1177	1.01124
1178	1.02924
1179	0.990107
1180	0.986965
1181	0.974488
1182	1.00985
1183	0.995868
1184	0.994717
1185	1.03006
1186	0.987076
1187	1.0373
1188	1.00332
1189	0.977555
1190	0.99012
1191	1.00962
1192	1.00666
1193	0.994414
1194	0.9952
1195	0.982628
1196	0.978493
1197	1.01799
1198	0.988664
1199	0.965788
1200	0.9914
1201	1.03262
1202	0.986953
1203	1.00591
1204	0.990574
1205	1.03311
1206	0.960004
1207	1.01767
1208	1.00743
1209	1.01014
1210	0.990449
1211	1.06685
1212	0.971302
1213	0.989949
1214	0.996552
1215	0.988955
1216	0.965649
1217	0.996576
1218	0.974844
1219	1.01471
1220	1.00159
1221	1.01198
1222	1.0146
1223	0.96641
1224	0.980904
1225	1.01459
1226	1.00238
1227	1.04133
1228	0.989074
1229	1.02884
1230	0.992646
1231	1.00572
1232	0.974561
1233	0.952606
1234	0.980872
1235	0.986107
1236	1.0257
1237	0.961002
1238	1.00756
1239	0.98246
1240	0.95099
1241	1.00507
1242	0.982932
1243	0.99542
1244	0.980608
1245	1.01515
1246	1.01403
1247	1.00676
1248	0.993924
1249	0.962873
1250	1.01233
1251	1.01353
1252	1.00644
1253	1.00117
1254	0.994738
1255	1.0227
1256	0.982902
1257	0.996041
1258	0.990611
1259	1.01589
1260	0.981987
1261	0.971434
1262	1.02104
1263	1.00417
1264	0.998188
1265	1.00406
1266	0.966584
1267	1.01263
1268	0.981369
1269	1.0101
1270	1.01087
1271	1.01979
1272	0.988706
1273	1.02042
1274	0.974747
1275	1.01943
1276	1.01445
1277	0.999427
1278	0.991023
1279	1.0002
1280	0.984288
1281	1.00538
1282	1.0191
1283	1.02232
1284	0.974422
1285	1.0374
1286	0.991022
1287	1.00814
1288	0.974526
1289	1.00101
1290	0.97937
1291	1.0064
1292	1.01086
1293	1.03181
1294	1.02978
1295	0.997605
1296	0.961086
1297	0.986963
1298	0.988357
1299	1.01765
1300	0.98137
1301	0.981436
1302	0.989202
1303	0.995971
1304	1.01511
1305	1.02358
1306	0.990762
1307	0.972391
1308	1.01347
1309	1.01554
1310	1.03646
1311	0.979915
1312	1.02026
1313	0.9857
1314	1.00116
1315	0.984664
1316	0.99682
1317	1.02188
1318	1.02455
1319	1.02032
1320	0.993923
1321	1.00527
1322	0.995676
1323	1.00452
1324	0.993693
1325	1.01002
1326	1.02923
1327	1.01917
1328	1.02059
1329	1.02076
1330	1.00252
1331	0.981231
1332	0.987517
1333	1.00546
1334	1.00909
1335	0.993109
1336	1.00224
1337	0.982658
1338	0.978206
1339	0.979892
1340	0.983704
1341	0.960567
1342	1.0012
1343	1.00253
1344	0.999359
1345	1.0081
1346	0.987706
1347	1.01914
1348	1.02605
1349	0.984147
1350	1.01668
1351	1.02436
1352	0.999603
1353	1.00024
1354	1.01652
1355	1.02317
1356	0.998063
1357	0.995532
1358	1.00898
1359	0.985403
1360	0.984074
1361	1.0161
1362	0.992507
1363	0.993854
1364	0.976681
1365	0.976875
1366	1.01354
1367	1.01192
1368	0.989376
1369	1.04918
1370	0.992678
1371	0.99248
1372	1.0144
1373	0.986227
1374	1.00366
1375	1.00103
1376	0.979806
1377	0.999678
1378	1.02385
1379	0.991946
1380	0.995205
1381	1.00166
1382	0.993007
1383	1.01442
1384	1.003
1385	1.00568
1386	0.98589
1387	1.01936
1388	0.995151
1389	1.02572
1390	0.990997
1391	1.00568
1392	0.990644
1393	1.00394
1394	1.00375
1395	1
1396	0.996563
1397	1.00295
1398	1.01935
1399	0.993581
1400	0.983092
1401	1.01326
1402	0.973802
1403	0.983213
1404	0.991388
1405	0.98106
1406	1.00728
1407	1.01264
1408	1.03606
1409	1.01398
1410	1.0205
1411	1.01462
1412	1.03102
1413	1.02983
1414	0.983406
1415	1.03455
1416	1.01429
1417	0.97624
1418	0.997164
1419	1.0245
1420	1.01229
1421	1.01487
1422	1.03171
1423	0.99407
1424	1.0465
1425	1.01893
1426	0.984558
1427	0.996004
1428	1.0117
1429	0.984687
1430	1.02205
1431	1.04922
1432	1.0071
1433	0.983668
1434	0.993773
1435	1.02387
1436	0.986353
1437	0.998645
1438	0.992048
1439	0.997878
1440	1.02362
1441	1.00858
1442	1.02766
1443	0.996176
1444	1.01769
1445	0.983585
1446	0.989476
1447	1.03295
1448	1.01857
1449	0.970661
1450	0.973041
1451	0.979786
1452	1.03345
1453	1.01838
1454	0.984448
1455	0.973312
1456	1.01537
1457	0.989858
1458	0.974488
1459	0.969666
1460	1.01369
1461	0.987032
1462	0.976567
1463	1.00445
1464	1.01575
1465	0.976032
1466	0.995075
1467	0.995485
1468	0.99825
1469	0.98438
1470	1.01115
1471	1.00785
1472	0.985328
1473	1.02497
1474	0.974904
1475	1.00152
1476	0.991265
1477	1.00162
1478	0.964399
1479	1.03174
1480	1.01852
1481	0.969537
1482	1.00591
1483	1.00185
1484	0.976856
1485	1.00545
1486	0.99917
1487	1.02718
1488	0.973738
1489	1.01509
1490	1.00582
1491	0.996649
1492	0.996975
1493	1.0427
1494	1.0124
1495	0.992565
1496	0.978914
1497	1.00684
1498	1.00428
1499	1.02647
1500	1.01548
1501	1.01037
1502	0.988402
1503	1.0518
1504	1.00743
1505	0.994323
1506	1.04665
1507	0.99821
1508	1.00283
1509	1.00491
1510	1.00682
1511	0.97149
1512	0.992793
1513	1.00109
1514	0.989974
1515	0.966137
1516	0.987108
1517	1.00108
1518	1.00432
1519	0.999073
1520	1.01266
1521	1.01088
1522	1.00395
1523	1.04993
1524	1.02931
1525	1.0067
1526	0.973492
1527	1.01543
1528	1.02854
1529	0.99991
1530	1.02163
1531	1.0136
1532	0.989076
1533	0.9994
1534	1.02979
1535	1.02317
1536	0.996401
1537	0.999523
1538	0.967303
1539	0.970834
1540	0.996707
1541	1.00417
1542	0.97557
1543	1.01143
1544	0.973577
1545	1.01512
1546	1.00897
1547	0.969088
1548	1.02652
1549	1.03995
1550	1.0052
1551	1.00789
1552	0.994961
1553	0.97972
1554	0.989069
1555	1.0285
1556	1.02017
1557	0.991717
1558	0.973053
1559	0.997307
1560	1.0038
1561	1.01302
1562	1.03166
1563	0.968764
1564	1.0035
1565	0.984357
1566	0.990429
1567	0.987093
1568	1.00944
1569	1.00828
1570	1.00216
1571	1.02089
1572	1.02313
1573	0.968007
1574	0.98876
1575	1.00123
1576	0.983476
1577	0.961055
1578	1.00132
1579	1.00554
1580	0.9974
1581	1.00343
1582	0.984936
1583	1.0242
1584	1.0022
1585	1.00121
1586	1.00702
1587	1.00761
1588	1.02041
1589	1.00611
1590	0.968581
1591	1.00444
1592	0.983135
1593	1.0295
1594	0.997367
1595	1.0216
1596	1.01206
1597	1.00492
1598	0.999512
1599	0.992543
1600	1.01864
1601	1.02088
1602	1.01195
1603	1.00067
1604	0.99603
1605	1.03113
1606	1.00876
1607	1.00841
1608	1.02448
1609	0.978552
1610	0.999877
1611	1.02565
1612	1.00255
1613	1.00689
1614	1.03605
1615	0.962438
1616	0.993008
1617	0.998953
1618	1.00627
1619	0.983531
1620	1.02029
1621	1.00474
1622	0.992361
1623	1.02932
1624	1.01939
1625	1.00301
1626	1.03165
1627	0.974274
1628	1.00379
1629	0.982578
1630	0.978492
1631	1.03212
1632	1.02272
1633	1.00438
1634	0.997797
1635	1.00295
1636	1.02878
1637	0.993442
1638	0.982424
1639	0.969335
1640	1.00085
1641	1.02207
1642	1.00904
1643	1.00521
1644	1.01027
1645	1.01249
1646	0.983398
1647	1.00623
1648	1.00232
1649	0.963347
1650	0.984683
1651	1.0186
1652	1.01331
1653	0.992241
1654	1.0105
1655	0.987342
1656	1.02897
1657	1.00477
1658	0.983439
1659	1.025
1660	0.987315
1661	1.01221
1662	0.999379
1663	0.974303
1664	0.992895
1665	0.952062
1666	0.981922
1667	1.01023
1668	1.03939
1669	0.974583
1670	0.976158
1671	0.998075
1672	1.01112
1673	1.01641
1674	0.978557
1675	1.00788
1676	1.01094
1677	0.985588
1678	0.994005
1679	1.01598
1680	0.995839
1681	0.976699
1682	0.999507
1683	1.00141
1684	1.01677
1685	1.02425
1686	1.01221
1687	1.0044
1688	0.991697
1689	1.00148
1690	1.00198
1691	0.970253
1692	1.00721
1693	1.01781
1694	1.00805
1695	0.990233
1696	1.01285
1697	1.02534
1698	0.993818
1699	0.992762
1700	0.994709
1701	1.03163
1702	0.962026
1703	0.966335
1704	1.01753
1705	1.01613
1706	0.984522
1707	0.979017
1708	1.00059
1709	0.952746
1710	0.995653
1711	0.997799
1712	0.971364
1713	0.975398
1714	0.979985
1715	1.01235
1716	0.995184
1717	0.998852
1718	0.995491
1719	1.00196
1720	1.02412
1721	0.969714
1722	0.979686
1723	1.00832
1724	1.00335
1725	1.00258
1726	0.996804
1727	1.02858
1728	1.01611
1729	0.985667
1730	1.00396
1731	0.981288
1732	0.999377
1733	1.00588
1734	0.974568
1735	1.03034
1736	0.99132
1737	1.01297
1738	1.02214
1739	0.991252
1740	1.00017
1741	1.0159
1742	1.01264
1743	1.0042
1744	0.990693
1745	1.03281
1746	1.01797
1747	1.00206
1748	0.983136
1749	0.998671
1750	1.00761
1751	1.02471
1752	0.969947
1753	1.00589
1754	0.988463
1755	1.01415
1756	1.01293
1757	0.964541
1758	1.01583
1759	1.00596
1760	0.998646
1761	1.00989
1762	0.972035
1763	0.960426
1764	0.997509
1765	0.995954
1766	1.02341
1767	1.02086
1768	1.00562
1769	1.00388
1770	1.01204
1771	1.01967
1772	1.04576
1773	1.01095
1774	1.03243
1775	1.01298
1776	1.00716
1777	1.00001
1778	1.01279
1779	1.0254
1780	0.994349
1781	1.00229
1782	0.997331
1783	0.987184
1784	0.978564
1785	1.02218
1786	0.977636
1787	1.00116
1788	1.00714
1789	0.9783
1790	1.01864
1791	0.972201
1792	1.01536
1793	0.978484
1794	1.01545
1795	0.95811
1796	0.974278
1797	1.00728
1798	0.974896
1799	0.997131
1800	0.972373
1801	1.0113
1802	0.939545
1803	0.994587
1804	1.04746
1805	0.981953
1806	1.02226
1807	0.996915
1808	1.01606
1809	1.01587
1810	0.987658
1811	0.978415
1812	1.01545
1813	0.995881
1814	0.987685
1815	1.00001
1816	0.976975
1817	1.0038
1818	1.01215
1819	1.01272
1820	1.03832
1821	0.966236
1822	0.98693
1823	1.02319
1824	1.03895
1825	0.945812
1826	1.02973
1827	0.972362
1828	0.994788
1829	1.00509
1830	1.00332
1831	0.990684
1832	0.981441
1833	1.00006
1834	0.995909
1835	1.03902
1836	1.01631
1837	0.991096
1838	1.00439
1839	0.982047
1840	1.00393
1841	0.99894
1842	0.985253
1843	1.00255
1844	1.00464
1845	1.00154
1846	0.992883
1847	1.01624
1848	0.997825
1849	1.00354
1850	0.99533
1851	1.00393
1852	0.967502
1853	1.01344
1854	0.971292
1855	1.03985
1856	1.02203
1857	0.977858
1858	0.999727
1859	0.96456
1860	0.976888
1861	0.989302
1862	1.00315
1863	0.984856
1864	1.01736
1865	1.0177
1866	0.998026
1867	0.978037
1868	1.0018
1869	1.00353
1870	1.01086
1871	0.981723
1872	1.04489
1873	0.972245
1874	0.987339
1875	1.04651
1876	0.992931
1877	1.02266
1878	1.00035
1879	0.961319
1880	1.00358
1881	0.982678
1882	1.01532
1883	1.0027
1884	1.02314
1885	1.03832
1886	0.997233
1887	0.976408
1888	0.993052
1889	0.998542
1890	0.990134
1891	1.00712
1892	0.996613
1893	1.00311
1894	0.998943
1895	0.992864
1896	1.013
1897	1.01269
1898	1.0032
1899	1.03206
1900	0.987285
1901	0.992464
1902	0.979637
1903	1.01481
1904	0.983375
1905	1.01099
1906	1.01697
1907	0.972682
1908	0.996685
1909	1.01455
1910	0.964023
1911	0.996428
1912	1.01056
1913	0.994004
1914	1.01883
1915	0.990955
1916	1.01006
1917	1.00094
1918	0.955217
1919	0.995814
1920	1.00978
1921	0.987506
1922	1.01148
1923	0.98808
1924	0.987338
1925	0.979045
1926	1.03327
1927	1.03111
1928	0.986372
1929	1.00702
1930	0.999756
1931	0.9722
1932	1.00257
1933	0.990606
1934	1.05159
1935	0.988745
1936	0.988001
1937	1.006
1938	1.00728
1939	0.999401
1940	1.03604
1941	1.02067
1942	0.98761
1943	0.965288
1944	0.990308
1945	1.00114
1946	0.994038
1947	0.996753
1948	1.00722
1949	1.0119
1950	1.01281
1951	0.98426
1952	1.01951
1953	0.998146
1954	1.0146
1955	1.02236
1956	1.0637
1957	0.995017
1958	1.00433
1959	0.992332
1960	0.970443
1961	0.993202
1962	0.97131
1963	1.02588
1964	1.0215
1965	1.03809
1966	0.986476
1967	0.992703
1968	0.998702
1969	0.992026
1970	1.05162
1971	1.00026
1972	0.978176
1973	0.99186
1974	1.02743
1975	0.963958
1976	0.974515
1977	1.00909
1978	0.969632
1979	0.990167
1980	0.988779
1981	1.00441
1982	1.03122
1983	1.00562
1984	0.943235
1985	1.01892
1986	0.993876
1987	0.983702
1988	0.967562
1989	1.02774
1990	0.99345
1991	1.02659
1992	0.983301
1993	0.991062
1994	0.965094
1995	0.980201
1996	1.02757
1997	0.954178
1998	1.02254
1999	0.961344
2000	0.987901
2001	1.00012
2002	1.0039
2003	0.991093
2004	0.973414
2005	1.02201
2006	1.01641
2007	1.01378
2008	0.959777
2009	0.984288
2010	1.00824
2011	1.02285
2012	1.04367
2013	1.00355
2014	0.997685
2015	0.975507
2016	0.99313
2017	1.01947
2018	1.00185
2019	1.01498
2020	1.02024
2021	0.974252
2022	1.00177
2023	0.998073
2024	1.02148
2025	1.00545
2026	0.988318
2027	1.001
2028	1.01888
2029	0.990748
2030	0.985796
2031	1.03267
2032	0.982931
2033	0.990363
2034	0.973153
2035	1.00123
2036	1.00154
2037	1.00393
2038	1.0077
2039	1.01038
2040	0.988359
2041	1.00813
2042	1.00746
2043	1.02564
2044	0.991305
2045	1.01737
2046	1.02136
2047	1.03256
2048	1.00689
2049	0.956602
2050	0.979368
2051	0.993975
2052	0.999753
2053	1.01689
2054	1.00533
2055	1.00165
2056	1.01333
2057	1.0181
2058	1.00898
2059	1.00771
2060	0.995586
2061	1.01332
2062	1.00865
2063	1.02529
2064	0.971765
2065	1.02191
2066	1.02046
2067	0.974551
2068	0.961641
2069	1.02573
2070	0.989173
2071	1.01168
2072	1.0145
2073	0.969664
2074	0.970887
2075	0.969892
2076	1.00669
2077	1.03194
2078	1.0462
2079	0.97153
2080	1.03366
2081	0.953142
2082	1.00488
2083	1.01697
2084	0.999889
2085	1.00146
2086	0.993497
2087	1.00228
2088	1.00308
2089	1.00874
2090	0.997485
2091	1.00162
2092	1.00456
2093	0.981824
2094	0.96839
2095	0.997462
2096	0.999345
2097	0.967379
2098	1.03107
2099	0.995378
2100	1.02741
2101	1.01353
2102	1.00095
2103	1.02934
2104	1.00321
2105	1.00562
2106	0.942214
2107	0.987903
2108	0.982938
2109	0.950685
2110	0.977558
2111	0.979567
2112	0.987671
2113	1.01359
2114	1.01038
2115	1.01559
2116	1.02773
2117	0.978129
2118	1.00425
2119	1.0152
2120	1.00953
2121	0.99159
2122	0.984079
2123	1.01266
2124	1.04392
2125	1.00133
2126	1.00484
2127	0.999141
2128	1.01186
2129	0.996979
2130	0.964134
2131	0.966875
2132	1.01695
2133	1.00932
2134	1.00487
2135	0.979487
2136	1.01045
2137	1.00731
2138	1.00127
2139	1.01817
2140	0.992402
2141	0.99958
2142	0.998004
2143	1.03983
2144	1.01493
2145	0.983652
2146	1.02147
2147	1.03844
2148	1.0325
2149	1.01205
2150	1.01122
2151	0.980125
2152	0.981562
2153	1.00019
2154	0.998265
2155	0.944974
2156	1.03087
2157	1.01415
2158	0.995104
2159	0.997239
2160	0.99578
2161	1.00452
2162	1.00326
2163	1.01533
2164	1.01149
2165	0.986656
2166	0.977123
2167	1.00156
2168	1.01089
2169	1.00897
2170	1.00961
2171	0.982999
2172	0.987276
2173	0.982983
2174	1.02515
2175	0.956642
2176	0.974222
2177	0.968738
2178	0.98403
2179	0.981029
2180	0.982748
2181	1.03148
2182	0.989466
2183	1.01691
2184	0.988735
2185	0.986627
2186	1.01589
2187	1.00061
2188	0.989133
2189	0.99319
2190	0.981999
2191	0.982965
2192	0.974508
2193	0.98368
2194	1.01204
2195	0.954148
2196	1.02561
2197	1.00571
2198	0.990765
2199	0.991826
2200	0.978619
2201	0.997642
2202	0.978603
2203	1.01578
2204	1.02206
2205	1.00163
2206	0.998427
2207	1.00096
2208	1.0077
2209	0.998946
2210	1.0134
2211	0.993849
2212	1.00852
2213	0.9781
2214	0.986114
2215	0.984643
2216	0.989443
2217	0.978836
2218	0.995109
2219	0.965571
2220	1.01982
2221	1.01954
2222	1.00792
2223	1.01205
2224	0.9794
2225	0.988397
2226	1.00079
2227	0.987187
2228	0.985173
2229	0.974844
2230	0.988919
2231	0.984083
2232	1.01822
2233	1.04715
2234	0.948526
2235	1.01292
2236	1.03182
2237	0.974372
2238	1.01684
2239	1.02144
2240	1.02034
2241	0.983521
2242	1.00927
2243	1.0456
2244	1.01784
2245	0.975162
2246	0.958661
2247	1.00019
2248	0.970612
2249	0.990466
2250	0.993621
2251	1.00731
2252	0.996011
2253	0.999719
2254	0.969993
2255	1.00974
2256	0.996177
2257	1.00649
2258	0.996397
2259	0.996768
2260	1.02959
2261	0.987032
2262	1.01748
2263	1.01854
2264	0.97237
2265	1.00566
2266	1.01118
2267	0.998915
2268	1.02288
2269	0.96277
2270	1.02354
2271	1.00796
2272	1.04418
2273	0.968202
2274	1.01053
2275	1.00258
2276	1.00928
2277	1.01195
2278	1.0296
2279	1.02806
2280	0.950617
2281	1.00939
2282	1.00423
2283	0.964671
2284	1.01504
2285	0.980382
2286	1.01769
2287	1.00873
2288	1.01602
2289	1.01332
2290	1.014
2291	1.02387
2292	0.998922
2293	0.968653
2294	1.01568
2295	1.02485
2296	1.02978
2297	0.985774
2298	0.96656
2299	0.995008
2300	1.00623
2301	0.993821
2302	0.986606
2303	0.991001
2304	1.02032
2305	1.03227
2306	0.992442
2307	1.03069
2308	1.01869
2309	1.00839
2310	1.01858
2311	1.03601
2312	0.975614
2313	0.968456
2314	1.02492
2315	0.972489
2316	1.00756
2317	1.0283
2318	0.998728
2319	0.993582
2320	1.02596
2321	1.00786
2322	0.981888
2323	1.00079
2324	1.01642
2325	1.01432
2326	1.0117
2327	0.989379
2328	0.978419
2329	0.970534
2330	0.983253
2331	0.984328
2332	0.986028
2333	1.05969
2334	1.02565
2335	0.98689
2336	1.01331
2337	0.965065
2338	1.00431
2339	1.00146
2340	0.967503
2341	0.986169
2342	1.0121
2343	1.00625
2344	0.970373
2345	1.01013
2346	0.988466
2347	1.03825
2348	0.998485
2349	0.989976
2350	0.969583
2351	1.01242
2352	1.00176
2353	1.01011
2354	0.997811
2355	1.03344
2356	0.959597
2357	0.995987
2358	1.00006
2359	0.975938
2360	1.00403
2361	0.984247
2362	1.00533
2363	1.04093
2364	0.96795
2365	1.01396
2366	1.00413
2367	1.01458
2368	1.01814
2369	1.02256
2370	1.00585
2371	1.00478
2372	1.01021
2373	0.967062
2374	0.971508
2375	0.981236
2376	0.964373
2377	0.967656
2378	0.978139
2379	1.01782
2380	1.02561
2381	0.998707
2382	0.95619
2383	0.991114
2384	0.984345
2385	1.02744
2386	0.99418
2387	1.01955
2388	0.985462
2389	1.01705
2390	1.06504
2391	1.00433
2392	0.982352
2393	0.984333
2394	1.03445
2395	1.00118
2396	0.981049
2397	1.01567
2398	1.0455
2399	1.01307
2400	0.97661
2401	1.00308
2402	1.01193
2403	1.00711
2404	1.02988
2405	0.988236
2406	0.997869
2407	0.946911
2408	1.02364
2409	0.999996
2410	1.02042
2411	1.02181
2412	0.993698
2413	0.996547
2414	0.992405
2415	0.991292
2416	1.0185
2417	1.00608
2418	0.998019
2419	0.988348
2420	0.98435
2421	1.011
2422	0.992919
2423	1.01077
2424	1.02707
2425	0.977101
2426	1.00027
2427	1.01749
2428	1.04087
2429	1.00672
2430	0.991165
2431	0.995096
2432	1.01357
2433	0.983108
2434	0.986239
2435	1.002
2436	1.00781
2437	0.998741
2438	1.01886
2439	1.02694
2440	1.02785
2441	1.00937
2442	0.977348
2443	1.00199
2444	0.983549
2445	0.980622
2446	1.0136
2447	1.00915
2448	0.959269
2449	0.978048
2450	0.980568
2451	1.01178
2452	0.988752
2453	1.00657
2454	0.985111
2455	0.996246
2456	0.987293
2457	0.982498
2458	1.01202
2459	0.990503
2460	0.987429
2461	0.997024
2462	0.993903
2463	0.996624
2464	1.03758
2465	0.993576
2466	0.973599
2467	1.01501
2468	0.985836
2469	1.01426
2470	1.02689
2471	0.994074
2472	1.00069
2473	1.01164
2474	1.01276
2475	1.0103
2476	1.01462
2477	1.00802
2478	1.02544
2479	1.02178
2480	1.00152
2481	1.01144
2482	1.01421
2483	1.01697
2484	0.97837
2485	1.02126
2486	1.0228
2487	0.984729
2488	1.00847
2489	1.02483
2490	1.01898
2491	1.03179
2492	1.00379
2493	1.00175
2494	1.01927
2495	0.995549
2496	0.981148
2497	1.03871
2498	0.987998
2499	0.98021
2500	0.97664
2501	0.991767
2502	0.994889
2503	0.984725
2504	1.01605
2505	0.998821
2506	1.02067
2507	1.01043
2508	0.986011
2509	0.986932
2510	0.998501
2511	0.995185
2512	0.960855
2513	0.990067
2514	0.972476
2515	0.978818
2516	0.987219
2517	1.01725
2518	0.964148
2519	1.01737
2520	1.00361
2521	1.00101
2522	0.999001
2523	1.01789
2524	1.00489
2525	0.985987
2526	1.02295
2527	1.02106
2528	1.0064
2529	0.972339
2530	0.982717
2531	0.991712
2532	1.00335
2533	1.02529
2534	0.984093
2535	1.00152
2536	1.02553
2537	1.01483
2538	0.996217
2539	0.998714
2540	1.01366
2541	0.999858
2542	0.987708
2543	1.00402
2544	1.00966
2545	1.03017
2546	0.973189
2547	1.01264
2548	0.980662
2549	1.00847
2550	1.0154
2551	1.00006
2552	1.01907
2553	0.978316
2554	0.989893
2555	1.00405
2556	0.991494
2557	0.966293
2558	0.990817
2559	0.974946
2560	1.02704
2561	1.0051
2562	1.00543
2563	0.977733
2564	1.01434
2565	0.953901
2566	0.983168
2567	0.977767
2568	1.00806
2569	1.00044
2570	1.02239
2571	1.00601
2572	1.03633
2573	1.02254
2574	0.957434
2575	0.995916
2576	1.02785
2577	0.999087
2578	1.01864
2579	0.989116
2580	1.00742
2581	1.00024
2582	0.993164
2583	1.00027
2584	0.985504
2585	0.996941
2586	0.976607
2587	0.992568
2588	0.999363
2589	0.9883
2590	1.02926
2591	0.96903
2592	0.979952
2593	0.993931
2594	1.01424
2595	0.973608
2596	1.00507
2597	1.01988
2598	0.998002
2599	0.972061
2600	0.989443
2601	0.997703
2602	0.986623
2603	1.02636
2604	0.996562
2605	1.01031
2606	1.0097
2607	1.03624
2608	1.02403
2609	0.990483
2610	1.00557
2611	1.02077
2612	1.01801
2613	1.02325
2614	1.01796
2615	1.02343
2616	1.00297
2617	0.99279
2618	1.00897
2619	0.999134
2620	1.00228
2621	1.03039
2622	0.984957
2623	0.98131
2624	1.01959
2625	1.01328
2626	1.0316
2627	0.998813
2628	1.01342
2629	1.00915
2630	0.991038
2631	0.978209
2632	1.01134
2633	0.968895
2634	1.02086
2635	0.98301
2636	1.01487
2637	1.00398
2638	0.970618
2639	1.0033
2640	1.0041
2641	0.991132
2642	0.983015
2643	1.01046
2644	0.973799
2645	1.03243
2646	1.01275
2647	1.02722
2648	1.01629
2649	0.996661
2650	1.01209
2651	1.02326
2652	1.00677
2653	0.950006
2654	1.00736
2655	0.986779
2656	0.988292
2657	1.00349
2658	0.993625
2659	1.00993
2660	1.01802
2661	0.991717
2662	1.02675
2663	0.993713
2664	1.02008
2665	0.978894
2666	0.973559
2667	1.01683
2668	0.969453
2669	0.98333
2670	1.00388
2671	0.988614
2672	0.960385
2673	0.998926
2674	1.02701
2675	1.00263
2676	0.989017
2677	0.995997
2678	1.01077
2679	1.03006
2680	1.00952
2681	1.01268
2682	1.01031
2683	1.00535
2684	0.979551
2685	1.0372
2686	0.982263
2687	0.97556
2688	0.991561
2689	1.00685
2690	1.04497
2691	0.988601
2692	1.03729
2693	0.979455
2694	0.982972
2695	0.981374
2696	0.978713
2697	1.01524
2698	0.996631
2699	1.02139
2700	1.03954
2701	0.993521
2702	0.994092
2703	1.00258
2704	0.981256
2705	1.02638
2706	1.00703
2707	1.00151
2708	0.986253
2709	1.0078
2710	1.00779
2711	1.04102
2712	1.01967
2713	0.9738
2714	1.01003
2715	0.997388
