0	1.05994
1	0.973914
2	1.04691
3	0.998197
4	1.04946
5	0.996597
6	0.945947
7	0.995518
8	1.00047
9	0.975354
10	1.08347
11	0.940896
12	0.997064
13	0.9134
14	0.93636
15	0.916702
16	1.04604
17	0.955838
18	1.03478
19	0.977072
20	1.12365
21	0.925911
22	1.06992
23	0.972748
24	0.991914
25	0.970022
26	0.989054
27	1.11066
28	0.985429
29	1.11981
30	1.00029
31	0.974669
32	1.09243
33	1.00568
34	1.09148
35	1.073
36	0.991821
37	0.988047
38	0.982374
39	0.992899
40	0.930383
41	1.00074
42	1.00132
43	0.995725
44	0.920703
45	1.10466
46	0.980057
47	0.985164
48	0.929187
49	0.928574
50	0.879414
51	1.0803
52	1.02929
53	1.01778
54	1.01463
55	0.93446
56	0.964054
57	0.952724
58	0.845192
59	0.927011
60	0.925403
61	0.985727
62	1.10802
63	0.971867
64	0.865805
65	0.982084
66	1.10686
67	0.94684
68	1.01538
69	0.977889
70	0.957067
71	0.976791
72	0.981938
73	0.992361
74	1.05119
75	1.02731
76	0.998133
77	1.07194
78	1.02156
79	0.966486
80	1.05595
81	1.08343
82	1.05872
83	0.946321
84	1.01667
85	0.954841
86	0.962991
87	0.922088
88	1.05919
89	1.01818
90	0.910889
91	1.08065
92	1.01322
93	0.989299
94	0.980085
95	1.02209
96	0.973028
97	1.09044
98	0.997504
99	1.00492
100	1.0668
101	1.05524
102	0.91568
103	1.01843
104	0.981336
105	0.963278
106	1.11105
107	1.00204
108	0.994434
109	0.971581
110	1.0503
111	0.899673
112	0.880277
113	1.02748
114	0.884171
115	0.938582
116	0.962415
117	0.993043
118	0.964242
119	1.05151
120	0.867129
121	0.988843
122	0.955845
123	0.981346
124	1.04857
125	0.906288
126	1.07566
127	0.978346
128	1.06707
129	1.02234
130	0.998839
131	0.945501
132	0.914516
133	1.08461
134	0.937626
135	0.986154
136	0.895122
137	0.925853
138	1.01175
139	0.973904
140	1.0677
141	0.980888
142	0.970571
143	0.85034
144	0.984016
145	1.13436
146	0.98101
147	0.990735
148	1.05495
149	0.984812
150	0.950204
151	0.980855
152	1.04893
153	0.96037
154	1.00308
155	1.03858
156	0.975434
157	0.978414
158	0.955405
159	1.04836
160	0.980207
161	1.04805
162	1.01432
163	1.04929
164	1.05634
165	1.07861
166	0.864277
167	0.957592
168	0.983533
169	1.11109
170	1.081
171	0.970303
172	0.913485
173	0.88248
174	1.12131
175	1.03609
176	0.995189
177	0.889876
178	1.0007
179	0.917082
180	0.955139
181	0.978139
182	0.867812
183	1.08186
184	0.963898
185	0.85397
186	0.972025
187	1.01835
188	0.985817
189	0.958388
190	0.978099
191	0.949491
192	0.901676
193	1.06106
194	0.954287
195	0.970178
196	0.959539
197	1.13348
198	1.03123
199	1.00334
200	0.960585
201	0.907479
202	0.893623
203	0.985227
204	1.0284
205	1.05999
206	0.997958
207	0.855953
208	1.03583
209	1.06279
210	0.995301
211	0.935584
212	1.00451
213	1.01967
214	0.930179
215	0.958297
216	1.00379
217	1.01331
218	0.925316
219	1.00902
220	1.01843
221	0.968647
222	1.05924
223	1.07295
224	1.02203
225	0.935997
226	0.987203
227	1.00108
228	0.903943
229	0.97885
230	1.01377
231	1.01221
232	1.1155
233	1.00566
234	1.02391
235	1.08097
236	1.04651
237	0.949617
238	0.988213
239	1.0178
240	0.930756
241	1.04624
242	0.990958
243	1.05049
244	0.924156
245	1.1276
246	1.06545
247	1.01149
248	1.05219
249	1.05993
250	1.0469
251	0.939195
252	1.09911
253	1.12964
254	1.03277
255	1.07117
256	0.949418
257	1.00035
258	1.01426
259	0.944193
260	1.06127
261	0.939994
262	1.035
263	0.997918
264	1.07479
265	1.06806
266	0.874857
267	0.972193
268	0.934263
269	1.02567
270	0.978418
271	0.962125
272	1.03543
273	0.977001
274	1.02387
275	1.01302
276	1.07906
277	1.07645
278	1.03284
279	1
280	1.07814
281	1.02332
282	1.0043
283	0.981865
284	0.995389
285	1.04424
286	0.976919
287	1.07346
288	0.954522
289	0.913526
290	1.00231
291	1.01309
292	1.01725
293	0.953721
294	1.01098
295	1.05066
296	1.06041
297	0.997004
298	0.892506
299	1.00391
300	1.01868
301	1.03959
302	1.01676
303	0.907944
304	0.976783
305	1.00219
306	0.977172
307	0.854257
308	1.14016
309	1.03943
310	0.925454
311	1.05161
312	0.984976
313	1.10438
314	0.911417
315	1.02524
316	0.932759
317	1.13688
318	1.05829
319	1.08822
320	1.03622
321	1.08194
322	0.908057
323	1.08972
324	0.957789
325	0.856881
326	1.02378
327	1.01844
328	0.978689
329	1.04764
330	1.10599
331	1.04327
332	1.06182
333	0.915534
334	1.01751
335	0.940186
336	0.867562
337	0.981102
338	1.02548
339	0.900113
340	1.06573
341	0.913917
342	1.006
343	1.07284
344	1.16246
345	1.03784
346	0.979339
347	0.922898
348	1.11033
349	0.977005
350	1.02812
351	1.08536
352	1.06162
353	1.03095
354	0.982514
355	0.94984
356	0.983304
357	0.971679
358	0.930536
359	1.02604
360	0.996609
361	1.00238
362	1.02016
363	1.03198
364	1.00379
365	1.14224
366	0.902119
367	0.979748
368	0.91206
369	1.05693
370	0.999356
371	0.997666
372	1.03318
373	0.930326
374	0.912762
375	1.12613
376	0.93714
377	1.00375
378	1.0747
379	0.842057
380	1.07889
381	1.0169
382	1.04429
383	1.01676
384	0.823416
385	1.00464
386	0.939169
387	1.02107
388	1.04
389	0.962812
390	0.994311
391	1.06116
392	1.05575
393	0.97499
394	0.900863
395	1.00039
396	1.00108
397	0.995257
398	0.952861
399	0.989802
400	1.0553
401	1.00215
402	1.02137
403	1.0521
404	0.997397
405	0.894472
406	1.0061
407	1.00601
408	1.02788
409	0.958853
410	0.953953
411	0.997766
412	0.997162
413	0.947258
414	1.02999
415	0.899052
416	0.946676
417	1.08534
418	1.02819
419	0.995155
420	1.10261
421	1.01645
422	0.953763
423	0.988787
424	0.971797
425	1.0634
426	1.05161
427	0.918966
428	1.06184
429	0.952977
430	1.02143
431	0.995193
432	0.962773
433	0.981137
434	0.96241
435	1.01988
436	0.936367
437	0.924966
438	1.0751
439	1.07269
440	1.07417
441	0.972705
442	1.00346
443	0.928682
444	1.04377
445	0.981962
446	1.07449
447	0.971278
448	0.983738
449	0.984909
450	1.00465
451	1.10957
452	1.14426
453	1.03067
454	1.07749
455	1.1261
456	0.956618
457	1.06373
458	1.04992
459	1.00332
460	0.927473
461	0.772208
462	0.943117
463	0.985173
464	1.00648
465	0.97721
466	1.05385
467	1.00966
468	1.02306
469	1.11876
470	0.979625
471	1.00943
472	0.975109
473	0.89039
474	1.01637
475	0.922514
476	0.980084
477	0.980135
478	0.97859
479	1.10061
480	0.969087
481	1.05061
482	1.05819
483	1.1104
484	1.07545
485	1.06635
486	0.987675
487	0.93462
488	0.997657
489	0.980248
490	0.987819
491	1.04851
492	0.912119
493	1.04407
494	1.02204
495	0.976377
496	1.02725
497	0.973798
498	0.903372
499	1.12129
500	0.973724
501	0.988586
502	0.965757
503	0.994335
504	1.04074
505	0.988457
506	1.03346
507	0.977637
508	0.909771
509	0.840839
510	0.967807
511	0.955443
512	0.968044
513	0.993152
514	0.97106
515	1.10629
516	1.03704
517	0.994057
518	1.02881
519	1.00285
520	1.00953
521	0.964932
522	0.94912
523	1.02315
524	0.871506
525	1.05975
526	0.954009
527	1.07604
528	0.966447
529	1.07322
530	1.01201
531	1.13566
532	0.952531
533	1.0498
534	1.0372
535	0.985834
536	1.15503
537	1.08117
538	0.999392
539	0.986379
540	1.08163
541	0.998401
542	0.934197
543	0.943102
544	0.964967
545	1.0361
546	1.07155
547	0.96296
548	0.893792
549	1.02365
550	0.966024
551	1.02426
552	1.04472
553	0.987803
554	1.10295
555	0.90306
556	1.0061
557	0.913431
558	0.869419
559	1.03112
560	1.02837
561	1.07172
562	0.947897
563	1.06222
564	0.958627
565	0.951873
566	1.00449
567	0.935097
568	0.906127
569	1.01207
570	0.861789
571	0.889422
572	0.923621
573	1.10135
574	0.923755
575	1.05223
576	1.0133
577	1.06456
578	1.11144
579	1.11438
580	0.980042
581	1.02478
582	0.941702
583	0.964658
584	1.05543
585	1.00978
586	0.994805
587	0.953616
588	1.02237
589	0.918431
590	0.920457
591	1.01106
592	1.09296
593	0.970304
594	1.00961
595	1.02635
596	1.04332
597	1.01571
598	1.10363
599	0.996304
600	1.02026
601	0.991151
602	0.95458
603	0.942925
604	1.0127
605	1.05675
606	1.01277
607	1.00038
608	1.00817
609	1.07771
610	0.948532
611	0.890333
612	1.0066
613	0.982894
614	1.05097
615	0.940095
616	0.99788
617	1.06044
618	0.961106
619	1.00669
620	1.0527
621	1.1786
622	0.96557
623	0.896223
624	0.980812
625	0.991013
626	0.937476
627	1.01041
628	0.993944
629	1.02619
630	0.946291
631	0.911001
632	1.07533
633	0.93141
634	0.999139
635	0.995956
636	0.984317
637	1.05575
638	1.0835
639	0.939419
640	0.997056
641	0.92883
642	1.04377
643	0.997232
644	1.11118
645	0.990644
646	1.06443
647	0.997808
648	0.995436
649	1.20369
650	1.09153
651	0.992286
652	0.944106
653	0.997837
654	1.0256
655	0.918561
656	1.10349
657	0.974516
658	1.04996
659	0.874047
660	1.01509
661	0.989646
662	1.12798
663	1.01177
664	1.10834
665	0.995499
666	0.967459
667	0.974927
668	1.07233
669	1.04021
670	1.0326
671	1.12826
672	1.06282
673	0.9265
674	1.02345
675	1.05117
676	1.03951
677	1.06323
678	0.973668
679	1.03979
680	1.07145
681	1.04917
682	1.13872
683	1.02935
684	1.07921
685	0.991965
686	1.0051
687	0.973552
688	1.05352
689	0.990453
690	1.04464
691	0.990891
692	1.02777
693	1.05438
694	0.905606
695	1.03178
696	1.08501
697	0.979907
698	1.09626
699	0.923492
700	1.06768
701	1.13882
702	1.14347
703	1.04651
704	1.06113
705	1.07233
706	0.972339
707	1.08222
708	1.09558
709	1.02346
710	1.00747
711	1.01742
712	0.952864
713	1.02325
714	1.02221
715	0.973119
716	1.15391
717	1.08227
718	0.945494
719	1.05334
720	0.978011
721	1.05187
722	0.992991
723	0.907556
724	0.97858
725	0.979033
726	1.06122
727	1.12228
728	0.981459
729	0.998995
730	0.995585
731	1.08412
732	1.01101
733	0.939513
734	1.02325
735	0.950998
736	1.09137
737	0.872967
738	0.881219
739	1.01263
740	1.01195
741	1.13787
742	0.99084
743	1.03609
744	0.968067
745	0.951569
746	1.03645
747	1.00436
748	1.00524
749	0.982206
750	0.883307
751	1.01989
752	0.99746
753	0.944606
754	0.993035
755	0.959547
756	1.0782
757	1.06954
758	0.995628
759	0.949773
760	0.993159
761	1.00556
762	1.05941
763	0.972628
764	1.09
765	1.04729
766	1.04121
767	0.993591
768	0.861692
769	1.07309
770	1.02334
771	0.909046
772	1.03319
773	1.00415
774	0.926516
775	0.954714
776	1.00223
777	1.06835
778	0.962682
779	0.91448
780	0.956899
781	0.944693
782	0.953398
783	0.930849
784	1.07462
785	1.04209
786	0.977005
787	0.944905
788	1.08511
789	1.03357
790	1.05089
791	0.98352
792	0.977483
793	0.962189
794	0.982009
795	1.0311
796	1.00206
797	1.0542
798	0.956441
799	1.03158
800	0.978799
801	1.00985
802	1.00466
803	0.937309
804	1.01628
805	0.957043
806	0.900251
807	1.07523
808	0.952122
809	0.887769
810	0.976514
811	1.07233
812	0.95201
813	0.898583
814	1.08649
815	1.0021
816	0.910446
817	1.06566
818	0.973441
819	0.988118
820	0.948041
821	1.04054
822	0.989897
823	1.09034
824	0.955081
825	1.08315
826	0.962539
827	0.992497
828	0.943073
829	1.05359
830	1.01626
831	1.06371
832	1.03866
833	1.1094
834	1.05955
835	1.10032
836	0.947444
837	1.03575
838	0.92995
839	1.01543
840	1.01153
841	0.998093
842	0.940837
843	1.00851
844	1.068
845	1.10555
846	1.1712
847	1.01587
848	0.911294
849	1.00238
850	0.944545
851	0.953014
852	1.13356
853	1.04486
854	0.996787
855	1.02171
856	1.02182
857	0.919959
858	1.02247
859	1.05574
860	0.930671
861	1.00304
862	1.02816
863	0.98133
864	0.91505
865	1.10878
866	1.05357
867	0.98524
868	1.00163
869	0.990125
870	0.958473
871	0.940669
872	1.10626
873	1.02622
874	0.989493
875	0.932305
876	1.15073
877	1.05589
878	0.878788
879	0.987295
880	1.02469
881	1.05294
882	1.06633
883	1.17812
884	0.949103
885	1.08472
886	0.96914
887	1.00952
888	0.866774
889	0.966163
890	0.974798
891	0.992941
892	0.951938
893	0.862273
894	0.933254
895	1.03358
896	1.07714
897	0.972369
898	1.03395
899	1.05354
900	1.00465
901	1.04124
902	0.983078
903	0.883208
904	1.08172
905	0.902415
906	0.998658
907	0.98955
908	1.0343
909	1.03941
910	0.981652
911	0.98514
912	0.965052
913	1.02349
914	1.11018
915	0.951787
916	0.967937
917	1.09865
918	0.949826
919	0.979842
920	0.956076
921	0.966389
922	0.923172
923	1.08509
924	0.956949
925	1.03165
926	0.96036
927	1.04676
928	1.03969
929	1.10004
930	0.938187
931	1.04844
932	1.02302
933	0.914909
934	1.05611
935	1.00675
936	1.07222
937	1.03841
938	0.994859
939	0.96581
940	0.987997
941	0.94748
942	1.01555
943	0.91214
944	1.06058
945	0.936176
946	0.932351
947	0.94769
948	0.929453
949	1.04575
950	0.975774
951	0.974741
952	0.94856
953	0.962472
954	0.962166
955	0.941037
956	0.978672
957	1.01635
958	1.0833
959	1.02032
960	1.03565
961	0.957075
962	1.01203
963	1.0498
964	1.00437
965	1.11315
966	1.04376
967	0.96092
968	1.02023
969	1.02655
970	1.09886
971	1.02285
972	0.917356
973	0.997762
974	1.06565
975	0.964184
976	0.990877
977	0.964882
978	0.887408
979	1.07685
980	0.971783
981	0.890978
982	1.09175
983	0.892248
984	0.844259
985	0.922124
986	1.0108
987	1.0701
988	0.946651
989	1.00587
990	1.08853
991	0.90545
992	1.03945
993	1.07701
994	1.00398
995	0.968958
996	0.950263
997	1.06884
998	0.946314
999	1.04975
1000	1.07237
1001	0.978808
1002	1.11106
1003	0.94566
1004	1.05255
1005	1.05421
1006	1.00891
1007	1.10305
1008	0.968462
1009	0.929463
1010	0.982362
1011	1.07117
1012	0.972308
1013	1.03963
1014	0.988718
1015	1.0292
1016	0.969616
1017	1.07364
1018	0.984238
1019	0.938317
1020	1.00546
1021	0.978032
1022	0.949341
1023	1.01793
1024	1.0232
1025	0.989539
1026	1.02893
1027	1.06773
1028	1.04101
1029	0.946598
1030	0.964391
1031	0.95935
1032	0.96838
1033	1.01123
1034	1.05717
1035	0.913697
1036	0.948544
1037	0.998941
1038	0.919607
1039	0.968505
1040	0.969602
1041	0.937551
1042	1.02036
1043	0.968695
1044	0.995805
1045	1.05361
1046	1.07503
1047	1.03396
1048	0.991028
1049	0.989336
1050	0.994852
1051	1.09746
1052	1.04111
1053	1.05891
1054	1.00511
1055	1.08527
1056	1.01449
1057	0.953053
1058	0.903666
1059	1.04266
1060	1.00725
1061	0.98929
1062	0.93292
1063	1.12163
1064	0.907396
1065	0.958021
1066	0.987922
1067	1.04555
1068	1.00161
1069	1.01359
1070	0.940495
1071	1.01173
1072	1.21536
1073	0.945033
1074	1.01126
1075	1.01106
1076	1.02106
1077	1.01158
1078	0.887079
1079	1.03896
1080	0.975817
1081	1.00266
1082	1.02574
1083	0.941071
1084	0.950505
1085	1.02643
1086	0.985222
1087	0.984531
1088	1.08167
1089	0.920973
1090	0.868287
1091	1.06585
1092	1.12949
1093	1.05216
1094	1.01248
1095	1.05891
1096	1.03155
1097	1.07581
1098	0.966194
1099	0.995945
1100	1.05725
1101	0.978782
1102	1.03313
1103	0.957803
1104	1.04116
1105	1.0057
1106	1.13677
1107	1.06762
1108	1.02764
1109	1.00534
1110	1.05656
1111	0.940842
1112	1.00077
1113	0.979922
1114	1.06063
1115	0.986074
1116	1.07807
1117	0.886373
1118	1.0254
1119	1.05143
1120	1.01852
1121	0.988201
1122	0.962927
1123	1.01626
1124	0.98094
1125	1.02383
1126	0.991618
1127	0.956558
1128	0.987119
1129	0.99609
1130	0.967968
1131	1.03709
1132	1.04146
1133	0.994954
1134	0.879742
1135	1.04122
1136	1.09516
1137	0.993915
1138	1.02475
1139	0.982005
1140	1.01812
1141	1.052
1142	0.996843
1143	0.96976
1144	1.01031
1145	0.898923
1146	1.01345
1147	0.992823
1148	0.967911
1149	0.984664
1150	0.88159
1151	0.908174
1152	0.874655
1153	1.10305
1154	0.904204
1155	0.972115
1156	0.875523
1157	1.1226
1158	1.03589
1159	0.935712
1160	0.995209
1161	0.954054
1162	1.06618
1163	0.910433
1164	0.985803
1165	1.01926
1166	0.955384
1167	1.08994
1168	1.04459
1169	1.07638
1170	1.03092
1171	1.08791
1172	1.01601
1173	0.947351
1174	0.989664
1175	1.05749
1176	0.995189
1177	1.03373
1178	1.08773
1179	0.970322
1180	0.960896
1181	0.923465
1182	1.02955
1183	0.987604
1184	0.98415
1185	1.09018
1186	0.961228
1187	1.11191
1188	1.00995
1189	0.932664
1190	0.970361
1191	1.02887
1192	1.01998
1193	0.983243
1194	0.9856
1195	0.947884
1196	0.935478
1197	1.05396
1198	0.965993
1199	0.897365
1200	0.9742
1201	1.09787
1202	0.96086
1203	1.01773
1204	0.971721
1205	1.09932
1206	0.880012
1207	1.05302
1208	1.02228
1209	1.03042
1210	0.971348
1211	1.20054
1212	0.913905
1213	0.969848
1214	0.989657
1215	0.966865
1216	0.896947
1217	0.989728
1218	0.924532
1219	1.04414
1220	1.00478
1221	1.03594
1222	1.0438
1223	0.899231
1224	0.942711
1225	1.04378
1226	1.00715
1227	1.12397
1228	0.967223
1229	1.08651
1230	0.977937
1231	1.01715
1232	0.923684
1233	0.857817
1234	0.942617
1235	0.958322
1236	1.07711
1237	0.883007
1238	1.02269
1239	0.94738
1240	0.852971
1241	1.0152
1242	0.948797
1243	0.986259
1244	0.941823
1245	1.04544
1246	1.0421
1247	1.02027
1248	0.981771
1249	0.888618
1250	1.03699
1251	1.04058
1252	1.01932
1253	1.00352
1254	0.984213
1255	1.06809
1256	0.948705
1257	0.988122
1258	0.971832
1259	1.04768
1260	0.945962
1261	0.914303
1262	1.06312
1263	1.0125
1264	0.994563
1265	1.01219
1266	0.899751
1267	1.03789
1268	0.944106
1269	1.03029
1270	1.03262
1271	1.05938
1272	0.966117
1273	1.06126
1274	0.92424
1275	1.05829
1276	1.04335
1277	0.998281
1278	0.973069
1279	1.00061
1280	0.952864
1281	1.01613
1282	1.05731
1283	1.06697
1284	0.923265
1285	1.1122
1286	0.973066
1287	1.02442
1288	0.923577
1289	1.00303
1290	0.938111
1291	1.01919
1292	1.03258
1293	1.09544
1294	1.08933
1295	0.992814
1296	0.883257
1297	0.960888
1298	0.965071
1299	1.05294
1300	0.944111
1301	0.944307
1302	0.967605
1303	0.987913
1304	1.04532
1305	1.07075
1306	0.972286
1307	0.917174
1308	1.0404
1309	1.04662
1310	1.10937
1311	0.939744
1312	1.06079
1313	0.957101
1314	1.00349
1315	0.953993
1316	0.99046
1317	1.06563
1318	1.07366
1319	1.06097
1320	0.98177
1321	1.01582
1322	0.987029
1323	1.01356
1324	0.981078
1325	1.03006
1326	1.08769
1327	1.05752
1328	1.06178
1329	1.06227
1330	1.00755
1331	0.943692
1332	0.962551
1333	1.01638
1334	1.02726
1335	0.979327
1336	1.00672
1337	0.947975
1338	0.934617
1339	0.939677
1340	0.951113
1341	0.881701
1342	1.00359
1343	1.00759
1344	0.998076
1345	1.02431
1346	0.963119
1347	1.05742
1348	1.07816
1349	0.952441
1350	1.05003
1351	1.07308
1352	0.998809
1353	1.00073
1354	1.04957
1355	1.06951
1356	0.994189
1357	0.986596
1358	1.02695
1359	0.95621
1360	0.952221
1361	1.04829
1362	0.97752
1363	0.981563
1364	0.930044
1365	0.930625
1366	1.04062
1367	1.03576
1368	0.968127
1369	1.14753
1370	0.978035
1371	0.977439
1372	1.04319
1373	0.958681
1374	1.01097
1375	1.00309
1376	0.939419
1377	0.999035
1378	1.07156
1379	0.975837
1380	0.985615
1381	1.00497
1382	0.97902
1383	1.04327
1384	1.00899
1385	1.01705
1386	0.957671
1387	1.05809
1388	0.985454
1389	1.07715
1390	0.972993
1391	1.01705
1392	0.971933
1393	1.01183
1394	1.01124
1395	1
1396	0.98969
1397	1.00886
1398	1.05804
1399	0.980742
1400	0.949276
1401	1.03977
1402	0.921406
1403	0.949638
1404	0.974164
1405	0.943181
1406	1.02183
1407	1.03792
1408	1.10817
1409	1.04195
1410	1.06149
1411	1.04385
1412	1.09305
1413	1.08948
1414	0.950217
1415	1.10364
1416	1.04288
1417	0.928719
1418	0.991493
1419	1.0735
1420	1.03686
1421	1.04461
1422	1.09514
1423	0.982211
1424	1.13951
1425	1.0568
1426	0.953675
1427	0.988013
1428	1.0351
1429	0.95406
1430	1.06615
1431	1.14766
1432	1.0213
1433	0.951004
1434	0.981321
1435	1.0716
1436	0.959058
1437	0.995935
1438	0.976144
1439	0.993635
1440	1.07086
1441	1.02573
1442	1.08299
1443	0.988528
1444	1.05308
1445	0.950754
1446	0.968428
1447	1.09885
1448	1.0557
1449	0.911982
1450	0.919122
1451	0.939357
1452	1.10035
1453	1.05513
1454	0.953344
1455	0.919936
1456	1.04611
1457	0.969575
1458	0.923463
1459	0.908999
1460	1.04106
1461	0.961097
1462	0.929702
1463	1.01335
1464	1.04724
1465	0.928096
1466	0.985225
1467	0.986454
1468	0.994749
1469	0.95314
1470	1.03346
1471	1.02355
1472	0.955983
1473	1.0749
1474	0.924711
1475	1.00457
1476	0.973794
1477	1.00485
1478	0.893196
1479	1.09523
1480	1.05555
1481	0.90861
1482	1.01774
1483	1.00554
1484	0.930568
1485	1.01636
1486	0.997509
1487	1.08154
1488	0.921214
1489	1.04528
1490	1.01746
1491	0.989947
1492	0.990925
1493	1.12809
1494	1.0372
1495	0.977696
1496	0.936742
1497	1.02053
1498	1.01283
1499	1.07942
1500	1.04643
1501	1.03112
1502	0.965205
1503	1.15539
1504	1.0223
1505	0.982968
1506	1.13994
1507	0.994631
1508	1.00848
1509	1.01474
1510	1.02047
1511	0.914471
1512	0.97838
1513	1.00328
1514	0.969923
1515	0.89841
1516	0.961324
1517	1.00323
1518	1.01295
1519	0.99722
1520	1.03798
1521	1.03264
1522	1.01186
1523	1.14979
1524	1.08794
1525	1.0201
1526	0.920477
1527	1.04629
1528	1.08563
1529	0.99973
1530	1.06489
1531	1.04081
1532	0.967229
1533	0.998199
1534	1.08937
1535	1.06951
1536	0.989203
1537	0.99857
1538	0.90191
1539	0.912501
1540	0.990122
1541	1.01252
1542	0.92671
1543	1.03429
1544	0.92073
1545	1.04535
1546	1.02692
1547	0.907263
1548	1.07955
1549	1.11986
1550	1.0156
1551	1.02367
1552	0.984883
1553	0.939161
1554	0.967208
1555	1.08551
1556	1.06052
1557	0.97515
1558	0.919158
1559	0.99192
1560	1.01139
1561	1.03905
1562	1.09497
1563	0.906293
1564	1.01049
1565	0.953071
1566	0.971287
1567	0.96128
1568	1.02833
1569	1.02484
1570	1.00648
1571	1.06267
1572	1.0694
1573	0.904021
1574	0.966281
1575	1.00368
1576	0.950429
1577	0.883164
1578	1.00395
1579	1.01663
1580	0.992199
1581	1.01029
1582	0.954807
1583	1.07261
1584	1.00661
1585	1.00364
1586	1.02107
1587	1.02282
1588	1.06123
1589	1.01833
1590	0.905744
1591	1.01331
1592	0.949406
1593	1.08849
1594	0.9921
1595	1.06479
1596	1.03618
1597	1.01477
1598	0.998537
1599	0.977629
1600	1.05591
1601	1.06263
1602	1.03584
1603	1.00202
1604	0.988089
1605	1.09338
1606	1.02629
1607	1.02522
1608	1.07345
1609	0.935655
1610	0.99963
1611	1.07696
1612	1.00765
1613	1.02068
1614	1.10815
1615	0.887314
1616	0.979024
1617	0.996858
1618	1.0188
1619	0.950594
1620	1.06087
1621	1.01422
1622	0.977083
1623	1.08795
1624	1.05817
1625	1.00904
1626	1.09496
1627	0.922823
1628	1.01138
1629	0.947733
1630	0.935475
1631	1.09637
1632	1.06815
1633	1.01315
1634	0.993392
1635	1.00885
1636	1.08633
1637	0.980327
1638	0.947272
1639	0.908006
1640	1.00256
1641	1.0662
1642	1.02712
1643	1.01564
1644	1.03081
1645	1.03747
1646	0.950193
1647	1.0187
1648	1.00697
1649	0.890042
1650	0.954048
1651	1.05579
1652	1.03993
1653	0.976723
1654	1.03149
1655	0.962027
1656	1.0869
1657	1.01431
1658	0.950318
1659	1.07499
1660	0.961946
1661	1.03663
1662	0.998136
1663	0.922909
1664	0.978684
1665	0.856185
1666	0.945766
1667	1.0307
1668	1.11817
1669	0.923748
1670	0.928475
1671	0.994226
1672	1.03337
1673	1.04923
1674	0.935672
1675	1.02365
1676	1.03283
1677	0.956764
1678	0.982014
1679	1.04793
1680	0.987516
1681	0.930096
1682	0.99852
1683	1.00424
1684	1.05032
1685	1.07275
1686	1.03662
1687	1.01321
1688	0.97509
1689	1.00444
1690	1.00595
1691	0.910758
1692	1.02162
1693	1.05342
1694	1.02416
1695	0.970699
1696	1.03856
1697	1.07601
1698	0.981455
1699	0.978287
1700	0.984127
1701	1.0949
1702	0.886079
1703	0.899006
1704	1.0526
1705	1.0484
1706	0.953566
1707	0.937052
1708	1.00176
1709	0.858239
1710	0.986959
1711	0.993397
1712	0.914093
1713	0.926195
1714	0.939954
1715	1.03705
1716	0.985551
1717	0.996556
1718	0.986473
1719	1.00589
1720	1.07237
1721	0.909142
1722	0.939057
1723	1.02497
1724	1.01005
1725	1.00773
1726	0.990411
1727	1.08575
1728	1.04834
1729	0.957
1730	1.01189
1731	0.943863
1732	0.99813
1733	1.01764
1734	0.923703
1735	1.09103
1736	0.97396
1737	1.0389
1738	1.06643
1739	0.973756
1740	1.00051
1741	1.04769
1742	1.03791
1743	1.0126
1744	0.97208
1745	1.09842
1746	1.05392
1747	1.00619
1748	0.949408
1749	0.996014
1750	1.02283
1751	1.07414
1752	0.909841
1753	1.01767
1754	0.965389
1755	1.04246
1756	1.0388
1757	0.893622
1758	1.0475
1759	1.01788
1760	0.995937
1761	1.02966
1762	0.916104
1763	0.881278
1764	0.992525
1765	0.987862
1766	1.07023
1767	1.06259
1768	1.01686
1769	1.01164
1770	1.03611
1771	1.05902
1772	1.13727
1773	1.03285
1774	1.0973
1775	1.03895
1776	1.02147
1777	1.00004
1778	1.03836
1779	1.07619
1780	0.983046
1781	1.00688
1782	0.991994
1783	0.961551
1784	0.935693
1785	1.06654
1786	0.932909
1787	1.00347
1788	1.02141
1789	0.934901
1790	1.05591
1791	0.916604
1792	1.04608
1793	0.935451
1794	1.04636
1795	0.874331
1796	0.922833
1797	1.02185
1798	0.924688
1799	0.991394
1800	0.917119
1801	1.0339
1802	0.818634
1803	0.98376
1804	1.14238
1805	0.945859
1806	1.06677
1807	0.990744
1808	1.04818
1809	1.04761
1810	0.962974
1811	0.935246
1812	1.04634
1813	0.987644
1814	0.963056
1815	1.00004
1816	0.930926
1817	1.01139
1818	1.03644
1819	1.03815
1820	1.11496
1821	0.898709
1822	0.960789
1823	1.06957
1824	1.11685
1825	0.837435
1826	1.08918
1827	0.917085
1828	0.984364
1829	1.01526
1830	1.00996
1831	0.972051
1832	0.944324
1833	1.00018
1834	0.987726
1835	1.11707
1836	1.04893
1837	0.973287
1838	1.01317
1839	0.946142
1840	1.01178
1841	0.996819
1842	0.955759
1843	1.00764
1844	1.01393
1845	1.00463
1846	0.97865
1847	1.04873
1848	0.993475
1849	1.01061
1850	0.985989
1851	1.01179
1852	0.902505
1853	1.04032
1854	0.913877
1855	1.11954
1856	1.06608
1857	0.933573
1858	0.999182
1859	0.893681
1860	0.930665
1861	0.967905
1862	1.00946
1863	0.954568
1864	1.05208
1865	1.05309
1866	0.994077
1867	0.934112
1868	1.00539
1869	1.01059
1870	1.03259
1871	0.94517
1872	1.13467
1873	0.916734
1874	0.962017
1875	1.13952
1876	0.978793
1877	1.06798
1878	1.00105
1879	0.883956
1880	1.01073
1881	0.948034
1882	1.04597
1883	1.0081
1884	1.06941
1885	1.11497
1886	0.9917
1887	0.929223
1888	0.979155
1889	0.995627
1890	0.970401
1891	1.02136
1892	0.989839
1893	1.00934
1894	0.99683
1895	0.978592
1896	1.03901
1897	1.03807
1898	1.0096
1899	1.09618
1900	0.961856
1901	0.977392
1902	0.938911
1903	1.04442
1904	0.950124
1905	1.03297
1906	1.05092
1907	0.918047
1908	0.990054
1909	1.04366
1910	0.892068
1911	0.989284
1912	1.03168
1913	0.982011
1914	1.05649
1915	0.972864
1916	1.03018
1917	1.00282
1918	0.865652
1919	0.987443
1920	1.02934
1921	0.962517
1922	1.03444
1923	0.964241
1924	0.962014
1925	0.937134
1926	1.09982
1927	1.09333
1928	0.959115
1929	1.02105
1930	0.999267
1931	0.916601
1932	1.0077
1933	0.971819
1934	1.15476
1935	0.966235
1936	0.964004
1937	1.01801
1938	1.02183
1939	0.998203
1940	1.10812
1941	1.06201
1942	0.962829
1943	0.895864
1944	0.970923
1945	1.00341
1946	0.982113
1947	0.99026
1948	1.02167
1949	1.03571
1950	1.03842
1951	0.952779
1952	1.05853
1953	0.994438
1954	1.0438
1955	1.06709
1956	1.1911
1957	0.985052
1958	1.013
1959	0.976995
1960	0.91133
1961	0.979607
1962	0.913931
1963	1.07763
1964	1.06451
1965	1.11428
1966	0.959427
1967	0.978109
1968	0.996106
1969	0.976077
1970	1.15486
1971	1.00078
1972	0.934528
1973	0.975579
1974	1.08229
1975	0.891875
1976	0.923546
1977	1.02726
1978	0.908897
1979	0.970501
1980	0.966338
1981	1.01322
1982	1.09365
1983	1.01687
1984	0.829705
1985	1.05675
1986	0.981627
1987	0.951107
1988	0.902686
1989	1.08323
1990	0.98035
1991	1.07976
1992	0.949903
1993	0.973186
1994	0.895282
1995	0.940602
1996	1.08271
1997	0.862533
1998	1.06763
1999	0.884033
2000	0.963704
2001	1.00037
2002	1.0117
2003	0.97328
2004	0.920242
2005	1.06602
2006	1.04922
2007	1.04134
2008	0.879331
2009	0.952864
2010	1.02473
2011	1.06854
2012	1.13102
2013	1.01065
2014	0.993056
2015	0.926522
2016	0.979391
2017	1.05842
2018	1.00555
2019	1.04494
2020	1.06071
2021	0.922756
2022	1.0053
2023	0.994219
2024	1.06443
2025	1.01636
2026	0.964955
2027	1.003
2028	1.05663
2029	0.972243
2030	0.957387
2031	1.09802
2032	0.948793
2033	0.97109
2034	0.919458
2035	1.00369
2036	1.00462
2037	1.0118
2038	1.02311
2039	1.03115
2040	0.965078
2041	1.0244
2042	1.02238
2043	1.07692
2044	0.973915
2045	1.05212
2046	1.06409
2047	1.09769
2048	1.02067
2049	0.869807
2050	0.938105
2051	0.981925
2052	0.999259
2053	1.05066
2054	1.01598
2055	1.00495
2056	1.03998
2057	1.0543
2058	1.02694
2059	1.02313
2060	0.986757
2061	1.03997
2062	1.02594
2063	1.07587
2064	0.915296
2065	1.06572
2066	1.06137
2067	0.923652
2068	0.884923
2069	1.07718
2070	0.96752
2071	1.03504
2072	1.04351
2073	0.908993
2074	0.91266
2075	0.909677
2076	1.02007
2077	1.09582
2078	1.13861
2079	0.914591
2080	1.10099
2081	0.859426
2082	1.01463
2083	1.05091
2084	0.999667
2085	1.00438
2086	0.980491
2087	1.00684
2088	1.00923
2089	1.02622
2090	0.992455
2091	1.00485
2092	1.01369
2093	0.945471
2094	0.905169
2095	0.992385
2096	0.998036
2097	0.902136
2098	1.09322
2099	0.986133
2100	1.08223
2101	1.04058
2102	1.00284
2103	1.08801
2104	1.00964
2105	1.01685
2106	0.826643
2107	0.963709
2108	0.948814
2109	0.852056
2110	0.932674
2111	0.938702
2112	0.963014
2113	1.04077
2114	1.03115
2115	1.04678
2116	1.08319
2117	0.934388
2118	1.01276
2119	1.0456
2120	1.0286
2121	0.974769
2122	0.952237
2123	1.03797
2124	1.13175
2125	1.00399
2126	1.01452
2127	0.997422
2128	1.03557
2129	0.990936
2130	0.892403
2131	0.900624
2132	1.05085
2133	1.02797
2134	1.01462
2135	0.938461
2136	1.03136
2137	1.02194
2138	1.00381
2139	1.05452
2140	0.977205
2141	0.998739
2142	0.994011
2143	1.1195
2144	1.04478
2145	0.950956
2146	1.06441
2147	1.11531
2148	1.0975
2149	1.03615
2150	1.03367
2151	0.940374
2152	0.944686
2153	1.00058
2154	0.994794
2155	0.834923
2156	1.09261
2157	1.04246
2158	0.985311
2159	0.991717
2160	0.987339
2161	1.01357
2162	1.00977
2163	1.04599
2164	1.03448
2165	0.959969
2166	0.931369
2167	1.00468
2168	1.03267
2169	1.02691
2170	1.02883
2171	0.948997
2172	0.961828
2173	0.948948
2174	1.07546
2175	0.869927
2176	0.922667
2177	0.906213
2178	0.95209
2179	0.943086
2180	0.948243
2181	1.09443
2182	0.968397
2183	1.05074
2184	0.966206
2185	0.959882
2186	1.04767
2187	1.00184
2188	0.9674
2189	0.979569
2190	0.945998
2191	0.948895
2192	0.923524
2193	0.95104
2194	1.03612
2195	0.862443
2196	1.07683
2197	1.01714
2198	0.972296
2199	0.975477
2200	0.935858
2201	0.992926
2202	0.935808
2203	1.04734
2204	1.06617
2205	1.00488
2206	0.99528
2207	1.00289
2208	1.02311
2209	0.996838
2210	1.0402
2211	0.981546
2212	1.02557
2213	0.934299
2214	0.958343
2215	0.953928
2216	0.96833
2217	0.936508
2218	0.985326
2219	0.896712
2220	1.05947
2221	1.05863
2222	1.02375
2223	1.03616
2224	0.938201
2225	0.965192
2226	1.00236
2227	0.961561
2228	0.955518
2229	0.924532
2230	0.966756
2231	0.952248
2232	1.05466
2233	1.14144
2234	0.845577
2235	1.03876
2236	1.09546
2237	0.923117
2238	1.05053
2239	1.06433
2240	1.06101
2241	0.950562
2242	1.0278
2243	1.13678
2244	1.05351
2245	0.925486
2246	0.875982
2247	1.00056
2248	0.911836
2249	0.971398
2250	0.980864
2251	1.02193
2252	0.988032
2253	0.999156
2254	0.909979
2255	1.02923
2256	0.98853
2257	1.01947
2258	0.989192
2259	0.990303
2260	1.08878
2261	0.961096
2262	1.05245
2263	1.05563
2264	0.917109
2265	1.01697
2266	1.03354
2267	0.996745
2268	1.06865
2269	0.888311
2270	1.07061
2271	1.02387
2272	1.13255
2273	0.904607
2274	1.03158
2275	1.00774
2276	1.02783
2277	1.03585
2278	1.0888
2279	1.08419
2280	0.851851
2281	1.02818
2282	1.01268
2283	0.894014
2284	1.04512
2285	0.941145
2286	1.05306
2287	1.02618
2288	1.04807
2289	1.03995
2290	1.04199
2291	1.07161
2292	0.996767
2293	0.90596
2294	1.04705
2295	1.07456
2296	1.08935
2297	0.957322
2298	0.899681
2299	0.985025
2300	1.0187
2301	0.981463
2302	0.959817
2303	0.973002
2304	1.06095
2305	1.09682
2306	0.977326
2307	1.09208
2308	1.05606
2309	1.02517
2310	1.05574
2311	1.10803
2312	0.926842
2313	0.905369
2314	1.07477
2315	0.917466
2316	1.02268
2317	1.08489
2318	0.996183
2319	0.980746
2320	1.07788
2321	1.02359
2322	0.945665
2323	1.00238
2324	1.04926
2325	1.04295
2326	1.03509
2327	0.968138
2328	0.935257
2329	0.911603
2330	0.949759
2331	0.952983
2332	0.958085
2333	1.17907
2334	1.07694
2335	0.960671
2336	1.03992
2337	0.895195
2338	1.01292
2339	1.00437
2340	0.902508
2341	0.958506
2342	1.0363
2343	1.01875
2344	0.911118
2345	1.0304
2346	0.965398
2347	1.11476
2348	0.995454
2349	0.969927
2350	0.908748
2351	1.03727
2352	1.00528
2353	1.03034
2354	0.993433
2355	1.10033
2356	0.878791
2357	0.987961
2358	1.00019
2359	0.927815
2360	1.01209
2361	0.95274
2362	1.01598
2363	1.1228
2364	0.903849
2365	1.04187
2366	1.01239
2367	1.04373
2368	1.05442
2369	1.06769
2370	1.01755
2371	1.01433
2372	1.03062
2373	0.901187
2374	0.914525
2375	0.943708
2376	0.893118
2377	0.902967
2378	0.934416
2379	1.05347
2380	1.07684
2381	0.996121
2382	0.868571
2383	0.973342
2384	0.953036
2385	1.08231
2386	0.982541
2387	1.05865
2388	0.956387
2389	1.05114
2390	1.19511
2391	1.01299
2392	0.947056
2393	0.953
2394	1.10334
2395	1.00354
2396	0.943148
2397	1.047
2398	1.13649
2399	1.03922
2400	0.929829
2401	1.00923
2402	1.03578
2403	1.02132
2404	1.08965
2405	0.964707
2406	0.993606
2407	0.840733
2408	1.07093
2409	0.999987
2410	1.06127
2411	1.06544
2412	0.981094
2413	0.989641
2414	0.977215
2415	0.973877
2416	1.05551
2417	1.01824
2418	0.994057
2419	0.965043
2420	0.953051
2421	1.033
2422	0.978757
2423	1.0323
2424	1.08121
2425	0.931304
2426	1.00082
2427	1.05247
2428	1.1226
2429	1.02015
2430	0.973495
2431	0.985289
2432	1.0407
2433	0.949324
2434	0.958717
2435	1.00601
2436	1.02344
2437	0.996223
2438	1.05658
2439	1.08081
2440	1.08356
2441	1.02811
2442	0.932045
2443	1.00596
2444	0.950648
2445	0.941867
2446	1.0408
2447	1.02745
2448	0.877808
2449	0.934143
2450	0.941704
2451	1.03535
2452	0.966256
2453	1.01971
2454	0.955332
2455	0.988738
2456	0.961878
2457	0.947493
2458	1.03605
2459	0.97151
2460	0.962288
2461	0.991073
2462	0.98171
2463	0.989872
2464	1.11273
2465	0.980727
2466	0.920797
2467	1.04502
2468	0.957508
2469	1.04278
2470	1.08068
2471	0.982221
2472	1.00207
2473	1.03491
2474	1.03828
2475	1.03091
2476	1.04387
2477	1.02405
2478	1.07631
2479	1.06535
2480	1.00457
2481	1.03431
2482	1.04264
2483	1.05091
2484	0.935111
2485	1.06378
2486	1.0684
2487	0.954186
2488	1.0254
2489	1.07449
2490	1.05695
2491	1.09537
2492	1.01136
2493	1.00525
2494	1.05782
2495	0.986647
2496	0.943445
2497	1.11613
2498	0.963993
2499	0.940631
2500	0.929921
2501	0.9753
2502	0.984666
2503	0.954175
2504	1.04815
2505	0.996463
2506	1.06201
2507	1.03128
2508	0.958034
2509	0.960795
2510	0.995503
2511	0.985555
2512	0.882564
2513	0.970201
2514	0.917427
2515	0.936453
2516	0.961658
2517	1.05174
2518	0.892445
2519	1.0521
2520	1.01082
2521	1.00303
2522	0.997002
2523	1.05367
2524	1.01466
2525	0.95796
2526	1.06886
2527	1.06319
2528	1.0192
2529	0.917018
2530	0.948152
2531	0.975135
2532	1.01005
2533	1.07587
2534	0.952279
2535	1.00457
2536	1.07658
2537	1.04448
2538	0.98865
2539	0.996143
2540	1.04099
2541	0.999573
2542	0.963124
2543	1.01207
2544	1.02899
2545	1.09052
2546	0.919566
2547	1.03791
2548	0.941985
2549	1.02542
2550	1.0462
2551	1.00017
2552	1.05721
2553	0.934949
2554	0.969679
2555	1.01216
2556	0.974481
2557	0.89888
2558	0.972451
2559	0.924837
2560	1.08112
2561	1.0153
2562	1.01628
2563	0.933198
2564	1.04302
2565	0.861704
2566	0.949503
2567	0.9333
2568	1.02418
2569	1.00131
2570	1.06718
2571	1.01804
2572	1.10899
2573	1.06763
2574	0.872303
2575	0.987749
2576	1.08356
2577	0.997262
2578	1.05593
2579	0.967349
2580	1.02227
2581	1.00073
2582	0.979492
2583	1.00082
2584	0.956512
2585	0.990823
2586	0.929822
2587	0.977703
2588	0.998089
2589	0.964901
2590	1.08777
2591	0.907091
2592	0.939855
2593	0.981792
2594	1.04272
2595	0.920825
2596	1.01521
2597	1.05964
2598	0.994006
2599	0.916182
2600	0.96833
2601	0.993108
2602	0.959869
2603	1.07909
2604	0.989686
2605	1.03093
2606	1.02909
2607	1.10871
2608	1.07209
2609	0.971448
2610	1.0167
2611	1.06232
2612	1.05403
2613	1.06974
2614	1.05387
2615	1.07028
2616	1.00892
2617	0.978371
2618	1.0269
2619	0.997402
2620	1.00684
2621	1.09117
2622	0.95487
2623	0.943929
2624	1.05878
2625	1.03983
2626	1.09481
2627	0.99644
2628	1.04025
2629	1.02745
2630	0.973113
2631	0.934628
2632	1.03401
2633	0.906684
2634	1.06257
2635	0.94903
2636	1.0446
2637	1.01194
2638	0.911855
2639	1.00991
2640	1.0123
2641	0.973395
2642	0.949045
2643	1.03138
2644	0.921398
2645	1.09728
2646	1.03824
2647	1.08166
2648	1.04888
2649	0.989984
2650	1.03628
2651	1.06978
2652	1.0203
2653	0.850018
2654	1.02207
2655	0.960336
2656	0.964877
2657	1.01047
2658	0.980875
2659	1.0298
2660	1.05405
2661	0.975151
2662	1.08025
2663	0.98114
2664	1.06023
2665	0.936681
2666	0.920676
2667	1.05048
2668	0.908358
2669	0.94999
2670	1.01163
2671	0.965841
2672	0.881155
2673	0.996777
2674	1.08103
2675	1.00788
2676	0.967051
2677	0.98799
2678	1.03232
2679	1.09017
2680	1.02857
2681	1.03804
2682	1.03094
2683	1.01606
2684	0.938652
2685	1.11161
2686	0.946789
2687	0.92668
2688	0.974683
2689	1.02055
2690	1.1349
2691	0.965803
2692	1.11186
2693	0.938364
2694	0.948916
2695	0.944123
2696	0.936138
2697	1.04573
2698	0.989893
2699	1.06418
2700	1.11863
2701	0.980564
2702	0.982275
2703	1.00774
2704	0.943767
2705	1.07914
2706	1.0211
2707	1.00453
2708	0.958758
2709	1.02341
2710	1.02338
2711	1.12306
2712	1.05901
2713	0.9214
2714	1.03009
2715	0.992165
