0	1.07991
1	0.965219
2	1.06254
3	0.997596
4	1.06594
5	0.995463
6	0.92793
7	0.994024
8	1.00063
9	0.967139
10	1.1113
11	0.921195
12	0.996085
13	0.884533
14	0.915146
15	0.888936
16	1.06139
17	0.941118
18	1.04638
19	0.969429
20	1.16487
21	0.901214
22	1.09323
23	0.963664
24	0.989218
25	0.960029
26	0.985405
27	1.14754
28	0.980572
29	1.15975
30	1.00038
31	0.966226
32	1.12324
33	1.00758
34	1.12198
35	1.09734
36	0.989095
37	0.984063
38	0.976499
39	0.990531
40	0.907177
41	1.00099
42	1.00177
43	0.9943
44	0.89427
45	1.13955
46	0.97341
47	0.980218
48	0.905582
49	0.904766
50	0.839219
51	1.10707
52	1.03905
53	1.02371
54	1.01951
55	0.912613
56	0.952073
57	0.936966
58	0.793589
59	0.902682
60	0.900538
61	0.980969
62	1.14403
63	0.96249
64	0.821074
65	0.976112
66	1.14248
67	0.92912
68	1.02051
69	0.970519
70	0.942756
71	0.969054
72	0.975918
73	0.989815
74	1.06825
75	1.03641
76	0.997511
77	1.09592
78	1.02874
79	0.955315
80	1.0746
81	1.11124
82	1.0783
83	0.928428
84	1.02223
85	0.939788
86	0.950655
87	0.896118
88	1.07892
89	1.02425
90	0.881185
91	1.10753
92	1.01763
93	0.985731
94	0.973446
95	1.02946
96	0.964038
97	1.12059
98	0.996672
99	1.00656
100	1.08907
101	1.07365
102	0.887573
103	1.02457
104	0.975114
105	0.951038
106	1.14806
107	1.00272
108	0.992578
109	0.962109
110	1.06706
111	0.86623
112	0.84037
113	1.03664
114	0.845561
115	0.918109
116	0.949887
117	0.990724
118	0.952323
119	1.06868
120	0.822839
121	0.985124
122	0.941127
123	0.975129
124	1.06477
125	0.87505
126	1.10088
127	0.971129
128	1.08942
129	1.02979
130	0.998452
131	0.927335
132	0.886021
133	1.11282
134	0.916835
135	0.981539
136	0.860162
137	0.901137
138	1.01567
139	0.965205
140	1.09027
141	0.974517
142	0.960762
143	0.800454
144	0.978688
145	1.17915
146	0.97468
147	0.987647
148	1.07327
149	0.97975
150	0.933605
151	0.974474
152	1.06524
153	0.94716
154	1.00411
155	1.05143
156	0.967245
157	0.971218
158	0.94054
159	1.06447
160	0.973609
161	1.06407
162	1.01909
163	1.06572
164	1.07512
165	1.10481
166	0.819036
167	0.943456
168	0.978044
169	1.14812
170	1.108
171	0.960404
172	0.884646
173	0.843307
174	1.16174
175	1.04812
176	0.993586
177	0.853168
178	1.00094
179	0.889442
180	0.940186
181	0.970852
182	0.82375
183	1.10914
184	0.951864
185	0.805293
186	0.9627
187	1.02447
188	0.981089
189	0.944518
190	0.970798
191	0.932654
192	0.868901
193	1.08141
194	0.93905
195	0.960237
196	0.946052
197	1.17798
198	1.04164
199	1.00445
200	0.947447
201	0.876638
202	0.858164
203	0.980303
204	1.03787
205	1.07999
206	0.997277
207	0.807938
208	1.04777
209	1.08373
210	0.993734
211	0.914112
212	1.00601
213	1.02623
214	0.906905
215	0.944396
216	1.00506
217	1.01775
218	0.900422
219	1.01203
220	1.02458
221	0.958196
222	1.07898
223	1.09727
224	1.02937
225	0.914662
226	0.982937
227	1.00144
228	0.871924
229	0.971799
230	1.01836
231	1.01628
232	1.154
233	1.00754
234	1.03188
235	1.10796
236	1.06202
237	0.932822
238	0.984284
239	1.02373
240	0.907674
241	1.06166
242	0.987944
243	1.06733
244	0.898875
245	1.17013
246	1.08726
247	1.01532
248	1.06959
249	1.07991
250	1.06253
251	0.918927
252	1.13215
253	1.17286
254	1.0437
255	1.0949
256	0.932557
257	1.00046
258	1.01902
259	0.925591
260	1.0817
261	0.919992
262	1.04667
263	0.997224
264	1.09972
265	1.09074
266	0.833143
267	0.962924
268	0.912351
269	1.03422
270	0.971225
271	0.9495
272	1.04724
273	0.969334
274	1.03183
275	1.01736
276	1.10542
277	1.10193
278	1.04379
279	1.00001
280	1.10418
281	1.0311
282	1.00573
283	0.975821
284	0.993852
285	1.05898
286	0.969225
287	1.09795
288	0.939362
289	0.884702
290	1.00308
291	1.01746
292	1.023
293	0.938294
294	1.01464
295	1.06755
296	1.08055
297	0.996005
298	0.856674
299	1.00522
300	1.02491
301	1.05278
302	1.02234
303	0.877258
304	0.969044
305	1.00292
306	0.969563
307	0.805676
308	1.18688
309	1.05257
310	0.900606
311	1.06882
312	0.979968
313	1.13917
314	0.88189
315	1.03365
316	0.910345
317	1.1825
318	1.07772
319	1.11762
320	1.04829
321	1.10926
322	0.877409
323	1.11963
324	0.943719
325	0.809174
326	1.03171
327	1.02458
328	0.971586
329	1.06353
330	1.14132
331	1.0577
332	1.08242
333	0.887379
334	1.02335
335	0.920248
336	0.823416
337	0.974803
338	1.03397
339	0.866818
340	1.08764
341	0.885223
342	1.008
343	1.09712
344	1.21661
345	1.05045
346	0.972453
347	0.897198
348	1.14711
349	0.96934
350	1.03749
351	1.11381
352	1.08216
353	1.04127
354	0.976685
355	0.93312
356	0.977739
357	0.962239
358	0.907382
359	1.03472
360	0.995479
361	1.00318
362	1.02688
363	1.04264
364	1.00505
365	1.18966
366	0.869492
367	0.972997
368	0.882746
369	1.07591
370	0.999142
371	0.996887
372	1.04424
373	0.907101
374	0.883683
375	1.16817
376	0.916186
377	1.005
378	1.0996
379	0.789409
380	1.10519
381	1.02254
382	1.05906
383	1.02235
384	0.764555
385	1.00619
386	0.918892
387	1.02809
388	1.05333
389	0.950416
390	0.992414
391	1.08155
392	1.07433
393	0.966654
394	0.867818
395	1.00052
396	1.00144
397	0.993675
398	0.937147
399	0.986403
400	1.07374
401	1.00286
402	1.02849
403	1.06946
404	0.99653
405	0.859296
406	1.00813
407	1.00802
408	1.03718
409	0.945137
410	0.938604
411	0.997021
412	0.996217
413	0.929677
414	1.03999
415	0.865403
416	0.928901
417	1.11379
418	1.03759
419	0.99354
420	1.13681
421	1.02194
422	0.938351
423	0.98505
424	0.962395
425	1.08453
426	1.06881
427	0.891954
428	1.08246
429	0.937302
430	1.02858
431	0.99359
432	0.950364
433	0.974849
434	0.949879
435	1.0265
436	0.915156
437	0.899954
438	1.10013
439	1.09692
440	1.0989
441	0.963606
442	1.00461
443	0.904909
444	1.05836
445	0.975949
446	1.09932
447	0.961704
448	0.978317
449	0.979879
450	1.0062
451	1.14609
452	1.19235
453	1.04089
454	1.10332
455	1.16813
456	0.942158
457	1.08498
458	1.06656
459	1.00443
460	0.903298
461	0.696277
462	0.924156
463	0.980231
464	1.00864
465	0.969613
466	1.0718
467	1.01288
468	1.03075
469	1.15835
470	0.972834
471	1.01257
472	0.966811
473	0.853854
474	1.02183
475	0.896686
476	0.973445
477	0.973514
478	0.971453
479	1.13414
480	0.958782
481	1.06748
482	1.07759
483	1.1472
484	1.1006
485	1.08847
486	0.983567
487	0.912826
488	0.996876
489	0.973663
490	0.983758
491	1.06468
492	0.882826
493	1.05876
494	1.02939
495	0.968502
496	1.03633
497	0.965064
498	0.871163
499	1.16171
500	0.964965
501	0.984782
502	0.954342
503	0.992446
504	1.05432
505	0.984609
506	1.04461
507	0.970182
508	0.879694
509	0.787785
510	0.957076
511	0.940591
512	0.957392
513	0.990869
514	0.961413
515	1.14171
516	1.04939
517	0.992076
518	1.03842
519	1.00379
520	1.0127
521	0.953243
522	0.93216
523	1.03087
524	0.828675
525	1.07966
526	0.938678
527	1.10139
528	0.955262
529	1.09763
530	1.01602
531	1.18088
532	0.936708
533	1.0664
534	1.0496
535	0.981111
536	1.2067
537	1.10823
538	0.99919
539	0.981838
540	1.10883
541	0.997868
542	0.912263
543	0.924136
544	0.95329
545	1.04813
546	1.09539
547	0.950614
548	0.858389
549	1.03154
550	0.954698
551	1.03235
552	1.05963
553	0.983737
554	1.13727
555	0.870746
556	1.00814
557	0.884574
558	0.825892
559	1.04149
560	1.03782
561	1.09563
562	0.930529
563	1.08296
564	0.944836
565	0.935831
566	1.00598
567	0.913463
568	0.874836
569	1.0161
570	0.815718
571	0.852563
572	0.898161
573	1.13513
574	0.89834
575	1.06964
576	1.01774
577	1.08608
578	1.14859
579	1.15251
580	0.973389
581	1.03304
582	0.922269
583	0.952877
584	1.0739
585	1.01304
586	0.993073
587	0.938155
588	1.02983
589	0.891242
590	0.893942
591	1.01474
592	1.12394
593	0.960406
594	1.01282
595	1.03513
596	1.05776
597	1.02095
598	1.13818
599	0.995072
600	1.02701
601	0.988201
602	0.93944
603	0.9239
604	1.01693
605	1.07566
606	1.01702
607	1.00051
608	1.01089
609	1.10362
610	0.931376
611	0.853778
612	1.00879
613	0.977192
614	1.06796
615	0.920127
616	0.997174
617	1.08059
618	0.948141
619	1.00892
620	1.07026
621	1.23813
622	0.954093
623	0.861631
624	0.974416
625	0.988017
626	0.916634
627	1.01388
628	0.991925
629	1.03492
630	0.928388
631	0.881335
632	1.10045
633	0.908547
634	0.998852
635	0.994608
636	0.97909
637	1.07434
638	1.11133
639	0.919225
640	0.996074
641	0.905107
642	1.05835
643	0.99631
644	1.14824
645	0.987525
646	1.0859
647	0.997077
648	0.993914
649	1.27158
650	1.12204
651	0.989715
652	0.925475
653	0.997116
654	1.03413
655	0.891415
656	1.13798
657	0.966022
658	1.06662
659	0.832063
660	1.02012
661	0.986195
662	1.17064
663	1.01569
664	1.14445
665	0.993999
666	0.956612
667	0.966569
668	1.09644
669	1.05361
670	1.04346
671	1.17101
672	1.08376
673	0.902
674	1.03126
675	1.06823
676	1.05267
677	1.08431
678	0.964891
679	1.05305
680	1.09526
681	1.06555
682	1.18496
683	1.03913
684	1.10562
685	0.989287
686	1.0068
687	0.964736
688	1.07135
689	0.987271
690	1.05952
691	0.987854
692	1.03703
693	1.07251
694	0.874141
695	1.04238
696	1.11334
697	0.973209
698	1.12835
699	0.89799
700	1.09024
701	1.18509
702	1.19129
703	1.06201
704	1.0815
705	1.09645
706	0.963118
707	1.10962
708	1.12744
709	1.03128
710	1.00996
711	1.02323
712	0.937152
713	1.03101
714	1.02961
715	0.964159
716	1.20521
717	1.10969
718	0.927326
719	1.07112
720	0.970682
721	1.06917
722	0.990654
723	0.876742
724	0.97144
725	0.972045
726	1.08163
727	1.16304
728	0.975278
729	0.99866
730	0.994113
731	1.11216
732	1.01468
733	0.91935
734	1.03099
735	0.934664
736	1.12183
737	0.830622
738	0.841625
739	1.01684
740	1.01594
741	1.18383
742	0.987787
743	1.04812
744	0.957423
745	0.935426
746	1.0486
747	1.00581
748	1.00698
749	0.976275
750	0.84441
751	1.02652
752	0.996613
753	0.926141
754	0.990713
755	0.946063
756	1.10427
757	1.09272
758	0.994171
759	0.933031
760	0.990879
761	1.00741
762	1.07922
763	0.963504
764	1.12
765	1.06305
766	1.05495
767	0.991454
768	0.815589
769	1.09745
770	1.03111
771	0.878728
772	1.04425
773	1.00554
774	0.902021
775	0.939619
776	1.00297
777	1.09113
778	0.950242
779	0.885974
780	0.942532
781	0.926257
782	0.937865
783	0.907799
784	1.0995
785	1.05613
786	0.969341
787	0.92654
788	1.11348
789	1.04476
790	1.06786
791	0.978027
792	0.969978
793	0.949586
794	0.976012
795	1.04146
796	1.00275
797	1.07226
798	0.941921
799	1.04211
800	0.971732
801	1.01314
802	1.00622
803	0.916412
804	1.02171
805	0.942724
806	0.867002
807	1.1003
808	0.936162
809	0.850358
810	0.968686
811	1.09644
812	0.936014
813	0.864777
814	1.11532
815	1.0028
816	0.880595
817	1.08754
818	0.964588
819	0.984158
820	0.930722
821	1.05405
822	0.98653
823	1.12045
824	0.940108
825	1.11086
826	0.950052
827	0.989996
828	0.924097
829	1.07145
830	1.02167
831	1.08495
832	1.05155
833	1.14587
834	1.0794
835	1.13376
836	0.929925
837	1.04767
838	0.9066
839	1.02057
840	1.01537
841	0.997458
842	0.921116
843	1.01134
844	1.09067
845	1.14073
846	1.22827
847	1.02116
848	0.881726
849	1.00317
850	0.926061
851	0.937352
852	1.17808
853	1.05981
854	0.995715
855	1.02894
856	1.02909
857	0.893278
858	1.02996
859	1.07432
860	0.907561
861	1.00405
862	1.03754
863	0.975107
864	0.886733
865	1.14504
866	1.07143
867	0.98032
868	1.00217
869	0.986833
870	0.944631
871	0.920892
872	1.14168
873	1.03496
874	0.985991
875	0.90974
876	1.20097
877	1.07452
878	0.838384
879	0.98306
880	1.03292
881	1.07059
882	1.08844
883	1.23749
884	0.932138
885	1.11296
886	0.958853
887	1.01269
888	0.822365
889	0.954884
890	0.966398
891	0.990588
892	0.935917
893	0.816364
894	0.911006
895	1.04478
896	1.10286
897	0.963159
898	1.04527
899	1.07139
900	1.0062
901	1.05498
902	0.977438
903	0.844278
904	1.10896
905	0.869886
906	0.99821
907	0.986067
908	1.04574
909	1.05255
910	0.975536
911	0.980186
912	0.953403
913	1.03132
914	1.14691
915	0.935717
916	0.95725
917	1.13153
918	0.933102
919	0.973123
920	0.941435
921	0.955185
922	0.897562
923	1.11345
924	0.942599
925	1.0422
926	0.947147
927	1.06235
928	1.05292
929	1.13338
930	0.917583
931	1.06458
932	1.03069
933	0.886545
934	1.07482
935	1.009
936	1.09629
937	1.05121
938	0.993146
939	0.954414
940	0.983996
941	0.929974
942	1.02074
943	0.882854
944	1.08078
945	0.914902
946	0.909802
947	0.930254
948	0.905937
949	1.061
950	0.967699
951	0.966322
952	0.931413
953	0.949963
954	0.949555
955	0.921382
956	0.971563
957	1.02181
958	1.11107
959	1.02709
960	1.04754
961	0.942766
962	1.01604
963	1.0664
964	1.00583
965	1.15087
966	1.05834
967	0.947893
968	1.02698
969	1.03539
970	1.13182
971	1.03047
972	0.889808
973	0.997015
974	1.08753
975	0.952246
976	0.987836
977	0.953177
978	0.849878
979	1.10247
980	0.962377
981	0.854638
982	1.12233
983	0.85633
984	0.792346
985	0.896165
986	1.01439
987	1.09347
988	0.928868
989	1.00783
990	1.11804
991	0.873933
992	1.0526
993	1.10267
994	1.0053
995	0.958611
996	0.933684
997	1.09179
998	0.928419
999	1.06634
1000	1.09649
1001	0.971744
1002	1.14808
1003	0.927547
1004	1.07006
1005	1.07229
1006	1.01188
1007	1.1374
1008	0.957949
1009	0.905951
1010	0.976482
1011	1.09489
1012	0.963077
1013	1.05284
1014	0.984957
1015	1.03894
1016	0.959488
1017	1.09819
1018	0.978985
1019	0.917756
1020	1.00728
1021	0.970709
1022	0.932455
1023	1.02391
1024	1.03093
1025	0.986052
1026	1.03857
1027	1.09031
1028	1.05468
1029	0.928797
1030	0.952522
1031	0.9458
1032	0.95784
1033	1.01497
1034	1.07622
1035	0.884929
1036	0.931392
1037	0.998588
1038	0.892809
1039	0.958006
1040	0.959469
1041	0.916734
1042	1.02714
1043	0.95826
1044	0.994406
1045	1.07149
1046	1.10004
1047	1.04528
1048	0.988037
1049	0.985781
1050	0.993137
1051	1.12994
1052	1.05481
1053	1.07854
1054	1.00681
1055	1.1137
1056	1.01932
1057	0.937404
1058	0.871555
1059	1.05688
1060	1.00967
1061	0.98572
1062	0.91056
1063	1.16218
1064	0.876528
1065	0.944028
1066	0.983896
1067	1.06073
1068	1.00215
1069	1.01812
1070	0.92066
1071	1.01563
1072	1.28715
1073	0.926711
1074	1.01501
1075	1.01475
1076	1.02808
1077	1.01544
1078	0.849439
1079	1.05194
1080	0.967756
1081	1.00355
1082	1.03432
1083	0.921428
1084	0.934007
1085	1.03524
1086	0.980296
1087	0.979374
1088	1.1089
1089	0.894631
1090	0.824382
1091	1.08781
1092	1.17266
1093	1.06955
1094	1.01664
1095	1.07855
1096	1.04207
1097	1.10108
1098	0.954925
1099	0.994593
1100	1.07634
1101	0.971709
1102	1.04418
1103	0.943737
1104	1.05489
1105	1.0076
1106	1.18236
1107	1.09016
1108	1.03685
1109	1.00712
1110	1.07541
1111	0.921122
1112	1.00102
1113	0.97323
1114	1.08084
1115	0.981432
1116	1.1041
1117	0.848497
1118	1.03386
1119	1.06857
1120	1.0247
1121	0.984268
1122	0.950569
1123	1.02168
1124	0.974587
1125	1.03177
1126	0.988824
1127	0.942078
1128	0.982825
1129	0.994786
1130	0.957291
1131	1.04945
1132	1.05528
1133	0.993272
1134	0.839656
1135	1.05496
1136	1.12688
1137	0.991887
1138	1.03299
1139	0.976006
1140	1.02415
1141	1.06934
1142	0.99579
1143	0.959681
1144	1.01375
1145	0.86523
1146	1.01793
1147	0.990431
1148	0.957215
1149	0.979552
1150	0.84212
1151	0.877565
1152	0.832873
1153	1.13741
1154	0.872272
1155	0.96282
1156	0.83403
1157	1.16346
1158	1.04785
1159	0.914282
1160	0.993612
1161	0.938739
1162	1.08824
1163	0.880577
1164	0.981071
1165	1.02567
1166	0.940513
1167	1.11992
1168	1.05945
1169	1.10184
1170	1.04123
1171	1.11722
1172	1.02134
1173	0.929802
1174	0.986219
1175	1.07666
1176	0.993585
1177	1.04497
1178	1.11697
1179	0.960429
1180	0.947862
1181	0.897954
1182	1.0394
1183	0.983472
1184	0.978867
1185	1.12025
1186	0.948304
1187	1.14922
1188	1.01326
1189	0.910218
1190	0.960481
1191	1.03849
1192	1.02664
1193	0.977657
1194	0.9808
1195	0.930512
1196	0.91397
1197	1.07195
1198	0.954658
1199	0.863154
1200	0.965599
1201	1.13049
1202	0.947813
1203	1.02365
1204	0.962295
1205	1.13243
1206	0.840016
1207	1.07069
1208	1.0297
1209	1.04057
1210	0.961798
1211	1.26738
1212	0.885206
1213	0.959797
1214	0.98621
1215	0.955821
1216	0.862596
1217	0.986304
1218	0.899376
1219	1.05885
1220	1.00638
1221	1.04792
1222	1.0584
1223	0.865641
1224	0.923615
1225	1.05838
1226	1.00954
1227	1.1653
1228	0.956297
1229	1.11534
1230	0.970583
1231	1.02287
1232	0.898245
1233	0.810423
1234	0.923489
1235	0.94443
1236	1.10281
1237	0.84401
1238	1.03025
1239	0.92984
1240	0.803962
1241	1.02027
1242	0.931729
1243	0.981678
1244	0.92243
1245	1.06058
1246	1.05614
1247	1.02702
1248	0.975694
1249	0.85149
1250	1.04931
1251	1.05411
1252	1.02576
1253	1.0047
1254	0.978951
1255	1.09079
1256	0.931607
1257	0.984163
1258	0.962442
1259	1.06357
1260	0.927949
1261	0.885737
1262	1.08416
1263	1.01666
1264	0.992751
1265	1.01625
1266	0.866334
1267	1.05052
1268	0.925475
1269	1.04038
1270	1.0435
1271	1.07917
1272	0.954823
1273	1.08168
1274	0.898987
1275	1.07772
1276	1.0578
1277	0.997708
1278	0.964091
1279	1.00081
1280	0.937152
1281	1.02151
1282	1.07641
1283	1.0893
1284	0.897687
1285	1.14961
1286	0.964088
1287	1.03257
1288	0.898102
1289	1.00404
1290	0.917482
1291	1.02559
1292	1.04345
1293	1.12725
1294	1.11911
1295	0.990419
1296	0.844343
1297	0.947851
1298	0.953428
1299	1.07059
1300	0.925481
1301	0.925743
1302	0.956807
1303	0.983884
1304	1.06043
1305	1.09434
1306	0.963048
1307	0.889565
1308	1.05386
1309	1.06217
1310	1.14582
1311	0.919658
1312	1.08106
1313	0.942802
1314	1.00465
1315	0.938657
1316	0.98728
1317	1.0875
1318	1.09821
1319	1.0813
1320	0.975693
1321	1.02109
1322	0.982705
1323	1.01807
1324	0.97477
1325	1.04007
1326	1.11692
1327	1.07669
1328	1.08238
1329	1.08303
1330	1.01007
1331	0.924922
1332	0.950068
1333	1.02184
1334	1.03634
1335	0.972435
1336	1.00896
1337	0.930633
1338	0.912822
1339	0.91957
1340	0.934817
1341	0.842268
1342	1.00479
1343	1.01012
1344	0.997434
1345	1.03241
1346	0.950826
1347	1.07656
1348	1.10422
1349	0.936589
1350	1.0667
1351	1.09744
1352	0.998412
1353	1.00098
1354	1.06609
1355	1.09268
1356	0.992252
1357	0.982128
1358	1.03594
1359	0.941613
1360	0.936295
1361	1.06439
1362	0.970027
1363	0.975417
1364	0.906726
1365	0.9075
1366	1.05416
1367	1.04769
1368	0.957503
1369	1.19671
1370	0.970713
1371	0.969918
1372	1.05759
1373	0.944908
1374	1.01463
1375	1.00412
1376	0.919225
1377	0.998713
1378	1.09541
1379	0.967782
1380	0.98082
1381	1.00663
1382	0.972026
1383	1.0577
1384	1.01199
1385	1.02274
1386	0.943561
1387	1.07745
1388	0.980605
1389	1.10287
1390	0.96399
1391	1.02273
1392	0.962578
1393	1.01578
1394	1.01498
1395	1
1396	0.986254
1397	1.01182
1398	1.07738
1399	0.974323
1400	0.932369
1401	1.05303
1402	0.895208
1403	0.932851
1404	0.965552
1405	0.924242
1406	1.02911
1407	1.05056
1408	1.14422
1409	1.05594
1410	1.08199
1411	1.05847
1412	1.12406
1413	1.11931
1414	0.933622
1415	1.13819
1416	1.05718
1417	0.904959
1418	0.988657
1419	1.09799
1420	1.04914
1421	1.05948
1422	1.12685
1423	0.976281
1424	1.18602
1425	1.07573
1426	0.938233
1427	0.984017
1428	1.0468
1429	0.938747
1430	1.08819
1431	1.19687
1432	1.0284
1433	0.934672
1434	0.975094
1435	1.09547
1436	0.94541
1437	0.99458
1438	0.968192
1439	0.991513
1440	1.09448
1441	1.0343
1442	1.11066
1443	0.984705
1444	1.07077
1445	0.934339
1446	0.957904
1447	1.1318
1448	1.07427
1449	0.882642
1450	0.892162
1451	0.919142
1452	1.1338
1453	1.07351
1454	0.937792
1455	0.893248
1456	1.06148
1457	0.959434
1458	0.89795
1459	0.878665
1460	1.05475
1461	0.94813
1462	0.906269
1463	1.0178
1464	1.06299
1465	0.904128
1466	0.980301
1467	0.981938
1468	0.992998
1469	0.93752
1470	1.04461
1471	1.0314
1472	0.94131
1473	1.09987
1474	0.899615
1475	1.0061
1476	0.965059
1477	1.00646
1478	0.857595
1479	1.12697
1480	1.07406
1481	0.878146
1482	1.02365
1483	1.00738
1484	0.907424
1485	1.02182
1486	0.996679
1487	1.10872
1488	0.894952
1489	1.06037
1490	1.02328
1491	0.986596
1492	0.9879
1493	1.17078
1494	1.0496
1495	0.970262
1496	0.915656
1497	1.02738
1498	1.01711
1499	1.10589
1500	1.0619
1501	1.04149
1502	0.953606
1503	1.20719
1504	1.02974
1505	0.97729
1506	1.18659
1507	0.992841
1508	1.0113
1509	1.01966
1510	1.0273
1511	0.885961
1512	0.971174
1513	1.00438
1514	0.959897
1515	0.864546
1516	0.948432
1517	1.00431
1518	1.01727
1519	0.996294
1520	1.05064
1521	1.04351
1522	1.01582
1523	1.19972
1524	1.11725
1525	1.0268
1526	0.89397
1527	1.06172
1528	1.11417
1529	0.999639
1530	1.08652
1531	1.05441
1532	0.956305
1533	0.997599
1534	1.11915
1535	1.09268
1536	0.985605
1537	0.998093
1538	0.869213
1539	0.883334
1540	0.986829
1541	1.01669
1542	0.90228
1543	1.04572
1544	0.894306
1545	1.06046
1546	1.03589
1547	0.876351
1548	1.10607
1549	1.15982
1550	1.0208
1551	1.03156
1552	0.979845
1553	0.918882
1554	0.956278
1555	1.11401
1556	1.0807
1557	0.966866
1558	0.892211
1559	0.989227
1560	1.01519
1561	1.05207
1562	1.12663
1563	0.875057
1564	1.01399
1565	0.937428
1566	0.961716
1567	0.948374
1568	1.03777
1569	1.03312
1570	1.00864
1571	1.08356
1572	1.09253
1573	0.872028
1574	0.955041
1575	1.00491
1576	0.933905
1577	0.844218
1578	1.00526
1579	1.02217
1580	0.989599
1581	1.01371
1582	0.939742
1583	1.09682
1584	1.00882
1585	1.00486
1586	1.0281
1587	1.03043
1588	1.08165
1589	1.02444
1590	0.874325
1591	1.01775
1592	0.932541
1593	1.11799
1594	0.989466
1595	1.08639
1596	1.04823
1597	1.01969
1598	0.998049
1599	0.970171
1600	1.07455
1601	1.08351
1602	1.04779
1603	1.0027
1604	0.984119
1605	1.12451
1606	1.03505
1607	1.03363
1608	1.09794
1609	0.914207
1610	0.999506
1611	1.10261
1612	1.0102
1613	1.02757
1614	1.1442
1615	0.849752
1616	0.972031
1617	0.99581
1618	1.02507
1619	0.934125
1620	1.08116
1621	1.01895
1622	0.969444
1623	1.11727
1624	1.07756
1625	1.01205
1626	1.12662
1627	0.897098
1628	1.01517
1629	0.930311
1630	0.913966
1631	1.1285
1632	1.09087
1633	1.01754
1634	0.991189
1635	1.01181
1636	1.11511
1637	0.973769
1638	0.929696
1639	0.877342
1640	1.00341
1641	1.08826
1642	1.03616
1643	1.02086
1644	1.04108
1645	1.04996
1646	0.93359
1647	1.02493
1648	1.00929
1649	0.85339
1650	0.93873
1651	1.07438
1652	1.05324
1653	0.968964
1654	1.04199
1655	0.949369
1656	1.11587
1657	1.01908
1658	0.933757
1659	1.09998
1660	0.949261
1661	1.04884
1662	0.997514
1663	0.897212
1664	0.971578
1665	0.808247
1666	0.927688
1667	1.04093
1668	1.15756
1669	0.898331
1670	0.904633
1671	0.992302
1672	1.04449
1673	1.06564
1674	0.914229
1675	1.03154
1676	1.04377
1677	0.942353
1678	0.976019
1679	1.0639
1680	0.983354
1681	0.906795
1682	0.998026
1683	1.00566
1684	1.0671
1685	1.097
1686	1.04883
1687	1.01761
1688	0.966787
1689	1.00592
1690	1.00793
1691	0.881011
1692	1.02883
1693	1.07123
1694	1.03221
1695	0.960932
1696	1.05142
1697	1.10135
1698	0.975274
1699	0.971049
1700	0.978836
1701	1.12654
1702	0.848105
1703	0.865341
1704	1.07013
1705	1.06454
1706	0.938087
1707	0.916069
1708	1.00235
1709	0.810985
1710	0.982612
1711	0.991196
1712	0.885458
1713	0.901593
1714	0.919938
1715	1.0494
1716	0.980734
1717	0.995408
1718	0.981964
1719	1.00785
1720	1.09649
1721	0.878856
1722	0.918742
1723	1.03329
1724	1.0134
1725	1.0103
1726	0.987215
1727	1.11433
1728	1.06445
1729	0.942666
1730	1.01585
1731	0.925151
1732	0.997506
1733	1.02352
1734	0.898271
1735	1.12138
1736	0.96528
1737	1.05187
1738	1.08858
1739	0.965008
1740	1.00068
1741	1.06359
1742	1.05054
1743	1.0168
1744	0.962773
1745	1.13123
1746	1.07189
1747	1.00825
1748	0.932544
1749	0.994685
1750	1.03044
1751	1.09885
1752	0.879788
1753	1.02356
1754	0.953851
1755	1.05662
1756	1.05174
1757	0.858162
1758	1.06333
1759	1.02384
1760	0.994582
1761	1.03955
1762	0.888139
1763	0.841704
1764	0.990034
1765	0.983816
1766	1.09364
1767	1.08345
1768	1.02248
1769	1.01553
1770	1.04815
1771	1.0787
1772	1.18303
1773	1.0438
1774	1.12974
1775	1.05194
1776	1.02863
1777	1.00005
1778	1.05114
1779	1.10158
1780	0.977394
1781	1.00918
1782	0.989325
1783	0.948735
1784	0.914257
1785	1.08872
1786	0.910545
1787	1.00463
1788	1.02854
1789	0.913202
1790	1.07455
1791	0.888806
1792	1.06144
1793	0.913934
1794	1.06182
1795	0.832442
1796	0.897111
1797	1.02914
1798	0.899584
1799	0.988525
1800	0.889492
1801	1.04519
1802	0.758179
1803	0.978347
1804	1.18984
1805	0.927812
1806	1.08902
1807	0.987659
1808	1.06423
1809	1.06348
1810	0.950632
1811	0.913661
1812	1.06179
1813	0.983525
1814	0.950741
1815	1.00006
1816	0.907901
1817	1.01519
1818	1.04859
1819	1.05087
1820	1.15328
1821	0.864946
1822	0.947719
1823	1.09276
1824	1.1558
1825	0.783247
1826	1.1189
1827	0.889446
1828	0.979152
1829	1.02035
1830	1.01327
1831	0.962734
1832	0.925766
1833	1.00024
1834	0.983635
1835	1.1561
1836	1.06524
1837	0.964383
1838	1.01757
1839	0.928189
1840	1.0157
1841	0.995758
1842	0.941013
1843	1.01019
1844	1.01857
1845	1.00617
1846	0.971534
1847	1.06497
1848	0.9913
1849	1.01415
1850	0.981318
1851	1.01572
1852	0.870006
1853	1.05377
1854	0.885169
1855	1.15939
1856	1.08811
1857	0.911431
1858	0.998909
1859	0.858241
1860	0.907554
1861	0.957207
1862	1.01261
1863	0.939424
1864	1.06944
1865	1.07078
1866	0.992102
1867	0.91215
1868	1.00719
1869	1.01412
1870	1.04345
1871	0.926893
1872	1.17956
1873	0.888978
1874	0.949356
1875	1.18603
1876	0.971724
1877	1.09064
1878	1.0014
1879	0.845274
1880	1.01431
1881	0.930712
1882	1.0613
1883	1.01079
1884	1.09254
1885	1.1533
1886	0.988933
1887	0.90563
1888	0.972206
1889	0.994169
1890	0.960535
1891	1.02848
1892	0.986452
1893	1.01245
1894	0.995773
1895	0.971456
1896	1.05201
1897	1.05077
1898	1.0128
1899	1.12825
1900	0.949142
1901	0.969856
1902	0.918548
1903	1.05923
1904	0.933499
1905	1.04396
1906	1.06789
1907	0.89073
1908	0.986739
1909	1.05822
1910	0.856091
1911	0.985712
1912	1.04224
1913	0.976014
1914	1.07531
1915	0.963819
1916	1.04024
1917	1.00377
1918	0.820869
1919	0.983257
1920	1.03913
1921	0.950023
1922	1.04592
1923	0.952322
1924	0.949352
1925	0.916178
1926	1.13309
1927	1.12443
1928	0.945487
1929	1.02807
1930	0.999023
1931	0.888802
1932	1.01027
1933	0.962425
1934	1.20635
1935	0.954979
1936	0.952006
1937	1.02401
1938	1.0291
1939	0.997605
1940	1.14416
1941	1.08268
1942	0.950439
1943	0.861152
1944	0.96123
1945	1.00454
1946	0.976151
1947	0.987013
1948	1.0289
1949	1.04761
1950	1.05123
1951	0.937038
1952	1.07803
1953	0.992584
1954	1.0584
1955	1.08945
1956	1.2548
1957	0.980069
1958	1.01734
1959	0.969327
1960	0.881774
1961	0.972809
1962	0.885242
1963	1.1035
1964	1.08601
1965	1.15237
1966	0.945903
1967	0.970812
1968	0.994808
1969	0.968103
1970	1.20648
1971	1.00104
1972	0.912704
1973	0.967438
1974	1.10972
1975	0.855834
1976	0.898062
1977	1.03634
1978	0.878529
1979	0.960668
1980	0.955117
1981	1.01762
1982	1.12486
1983	1.02249
1984	0.77294
1985	1.07567
1986	0.975503
1987	0.93481
1988	0.870248
1989	1.11098
1990	0.9738
1991	1.10635
1992	0.933203
1993	0.964248
1994	0.860376
1995	0.920803
1996	1.11028
1997	0.816711
1998	1.09018
1999	0.845378
2000	0.951605
2001	1.00049
2002	1.0156
2003	0.964373
2004	0.893656
2005	1.08803
2006	1.06562
2007	1.05512
2008	0.839108
2009	0.937152
2010	1.03298
2011	1.09139
2012	1.1747
2013	1.0142
2014	0.990742
2015	0.90203
2016	0.972522
2017	1.07789
2018	1.0074
2019	1.05992
2020	1.08095
2021	0.897008
2022	1.00707
2023	0.992292
2024	1.0859
2025	1.02181
2026	0.953274
2027	1.004
2028	1.0755
2029	0.96299
2030	0.943183
2031	1.1307
2032	0.931724
2033	0.961453
2034	0.89261
2035	1.00492
2036	1.00616
2037	1.01574
2038	1.03082
2039	1.04154
2040	0.953437
2041	1.03253
2042	1.02984
2043	1.10256
2044	0.96522
2045	1.06949
2046	1.08545
2047	1.13026
2048	1.02756
2049	0.82641
2050	0.917474
2051	0.9759
2052	0.999012
2053	1.06754
2054	1.0213
2055	1.0066
2056	1.05331
2057	1.07241
2058	1.03592
2059	1.03084
2060	0.982343
2061	1.05329
2062	1.03458
2063	1.10116
2064	0.887061
2065	1.08763
2066	1.08183
2067	0.898202
2068	0.846564
2069	1.10291
2070	0.956694
2071	1.04671
2072	1.05801
2073	0.878657
2074	0.883546
2075	0.879569
2076	1.02677
2077	1.12775
2078	1.18481
2079	0.886121
2080	1.13465
2081	0.812568
2082	1.01951
2083	1.06788
2084	0.999556
2085	1.00584
2086	0.973988
2087	1.00913
2088	1.01231
2089	1.03495
2090	0.98994
2091	1.00646
2092	1.01825
2093	0.927295
2094	0.873559
2095	0.989847
2096	0.997381
2097	0.869515
2098	1.12429
2099	0.98151
2100	1.10964
2101	1.05411
2102	1.00379
2103	1.11734
2104	1.01286
2105	1.02246
2106	0.768858
2107	0.951613
2108	0.931752
2109	0.802741
2110	0.910232
2111	0.91827
2112	0.950685
2113	1.05436
2114	1.04153
2115	1.06238
2116	1.11092
2117	0.912517
2118	1.01702
2119	1.0608
2120	1.03814
2121	0.966359
2122	0.936316
2123	1.05063
2124	1.17566
2125	1.00532
2126	1.01936
2127	0.996562
2128	1.04742
2129	0.987914
2130	0.856538
2131	0.867498
2132	1.0678
2133	1.03729
2134	1.01949
2135	0.917948
2136	1.04182
2137	1.02925
2138	1.00507
2139	1.07269
2140	0.969606
2141	0.998319
2142	0.992015
2143	1.15934
2144	1.0597
2145	0.934608
2146	1.08588
2147	1.15374
2148	1.13
2149	1.04821
2150	1.04489
2151	0.920498
2152	0.926248
2153	1.00077
2154	0.993059
2155	0.779897
2156	1.12347
2157	1.05662
2158	0.980414
2159	0.988956
2160	0.983119
2161	1.0181
2162	1.01302
2163	1.06132
2164	1.04598
2165	0.946625
2166	0.908492
2167	1.00624
2168	1.04356
2169	1.03588
2170	1.03844
2171	0.931996
2172	0.949103
2173	0.931931
2174	1.10062
2175	0.826569
2176	0.89689
2177	0.87495
2178	0.936119
2179	0.924114
2180	0.930991
2181	1.12591
2182	0.957863
2183	1.06765
2184	0.954942
2185	0.946509
2186	1.06357
2187	1.00246
2188	0.956533
2189	0.972758
2190	0.927997
2191	0.93186
2192	0.898032
2193	0.93472
2194	1.04817
2195	0.81659
2196	1.10244
2197	1.02286
2198	0.963061
2199	0.967303
2200	0.914478
2201	0.990568
2202	0.91441
2203	1.06312
2204	1.08823
2205	1.00651
2206	0.993706
2207	1.00385
2208	1.03082
2209	0.995784
2210	1.0536
2211	0.975395
2212	1.03409
2213	0.912398
2214	0.944457
2215	0.938571
2216	0.957774
2217	0.915344
2218	0.980434
2219	0.862282
2220	1.07929
2221	1.07817
2222	1.03166
2223	1.04822
2224	0.917601
2225	0.953589
2226	1.00314
2227	0.948748
2228	0.940691
2229	0.899376
2230	0.955674
2231	0.936331
2232	1.07288
2233	1.18859
2234	0.794103
2235	1.05168
2236	1.12727
2237	0.897489
2238	1.06737
2239	1.08577
2240	1.08135
2241	0.934082
2242	1.03707
2243	1.18238
2244	1.07135
2245	0.900648
2246	0.834643
2247	1.00075
2248	0.882448
2249	0.961864
2250	0.974485
2251	1.02924
2252	0.984042
2253	0.998874
2254	0.879972
2255	1.03897
2256	0.984707
2257	1.02597
2258	0.985589
2259	0.98707
2260	1.11838
2261	0.948128
2262	1.06993
2263	1.07418
2264	0.889478
2265	1.02262
2266	1.04473
2267	0.99566
2268	1.09154
2269	0.851081
2270	1.09415
2271	1.03183
2272	1.17674
2273	0.872809
2274	1.04211
2275	1.01033
2276	1.03711
2277	1.0478
2278	1.1184
2279	1.11226
2280	0.802468
2281	1.03757
2282	1.01691
2283	0.858686
2284	1.06016
2285	0.921527
2286	1.07075
2287	1.0349
2288	1.0641
2289	1.05327
2290	1.05599
2291	1.09548
2292	0.99569
2293	0.874613
2294	1.06273
2295	1.09941
2296	1.11913
2297	0.943095
2298	0.866241
2299	0.980033
2300	1.02493
2301	0.975283
2302	0.946423
2303	0.964003
2304	1.08127
2305	1.1291
2306	0.969768
2307	1.12277
2308	1.07475
2309	1.03356
2310	1.07432
2311	1.14404
2312	0.902456
2313	0.873825
2314	1.0997
2315	0.889954
2316	1.03023
2317	1.11318
2318	0.99491
2319	0.974328
2320	1.10384
2321	1.03145
2322	0.927554
2323	1.00318
2324	1.06568
2325	1.05727
2326	1.04678
2327	0.957517
2328	0.913676
2329	0.882138
2330	0.933012
2331	0.937311
2332	0.944114
2333	1.23876
2334	1.10259
2335	0.947562
2336	1.05323
2337	0.86026
2338	1.01723
2339	1.00582
2340	0.870011
2341	0.944675
2342	1.0484
2343	1.025
2344	0.88149
2345	1.04054
2346	0.953864
2347	1.15301
2348	0.993939
2349	0.959903
2350	0.878331
2351	1.0497
2352	1.00704
2353	1.04046
2354	0.991244
2355	1.13377
2356	0.838388
2357	0.983948
2358	1.00025
2359	0.903754
2360	1.01612
2361	0.936987
2362	1.02131
2363	1.16374
2364	0.871798
2365	1.05583
2366	1.01652
2367	1.05831
2368	1.07257
2369	1.09025
2370	1.0234
2371	1.01911
2372	1.04082
2373	0.868249
2374	0.886034
2375	0.924943
2376	0.857491
2377	0.870622
2378	0.912554
2379	1.0713
2380	1.10245
2381	0.994828
2382	0.824761
2383	0.964456
2384	0.937381
2385	1.10974
2386	0.976722
2387	1.0782
2388	0.941849
2389	1.06818
2390	1.26015
2391	1.01731
2392	0.929407
2393	0.937333
2394	1.13779
2395	1.00472
2396	0.924197
2397	1.06267
2398	1.18199
2399	1.0523
2400	0.906438
2401	1.0123
2402	1.04771
2403	1.02842
2404	1.11954
2405	0.952942
2406	0.991475
2407	0.787644
2408	1.09457
2409	0.999982
2410	1.0817
2411	1.08726
2412	0.974791
2413	0.986188
2414	0.969621
2415	0.965169
2416	1.07401
2417	1.02432
2418	0.992076
2419	0.953391
2420	0.937402
2421	1.044
2422	0.971676
2423	1.04307
2424	1.10828
2425	0.908406
2426	1.00109
2427	1.06995
2428	1.16347
2429	1.02687
2430	0.96466
2431	0.980385
2432	1.05426
2433	0.932432
2434	0.944956
2435	1.00801
2436	1.03125
2437	0.994964
2438	1.07544
2439	1.10775
2440	1.11141
2441	1.03748
2442	0.909394
2443	1.00794
2444	0.934197
2445	0.922489
2446	1.0544
2447	1.0366
2448	0.837078
2449	0.912191
2450	0.922273
2451	1.04714
2452	0.955009
2453	1.02629
2454	0.940443
2455	0.984984
2456	0.949171
2457	0.929991
2458	1.04807
2459	0.962014
2460	0.949717
2461	0.988097
2462	0.975613
2463	0.986496
2464	1.15031
2465	0.974302
2466	0.894396
2467	1.06003
2468	0.943343
2469	1.05704
2470	1.10757
2471	0.976295
2472	1.00276
2473	1.04654
2474	1.05103
2475	1.04121
2476	1.05849
2477	1.03206
2478	1.10175
2479	1.08713
2480	1.00609
2481	1.04575
2482	1.05685
2483	1.06788
2484	0.913481
2485	1.08503
2486	1.09119
2487	0.938915
2488	1.03387
2489	1.09932
2490	1.07593
2491	1.12716
2492	1.01514
2493	1.007
2494	1.07709
2495	0.982196
2496	0.924593
2497	1.15484
2498	0.95199
2499	0.920842
2500	0.906561
2501	0.967067
2502	0.979555
2503	0.9389
2504	1.0642
2505	0.995284
2506	1.08268
2507	1.0417
2508	0.944045
2509	0.947726
2510	0.994003
2511	0.98074
2512	0.843418
2513	0.960268
2514	0.889903
2515	0.91527
2516	0.948877
2517	1.06899
2518	0.856594
2519	1.06946
2520	1.01443
2521	1.00405
2522	0.996002
2523	1.07156
2524	1.01955
2525	0.943946
2526	1.09181
2527	1.08426
2528	1.0256
2529	0.889357
2530	0.930869
2531	0.966846
2532	1.0134
2533	1.10116
2534	0.936372
2535	1.00609
2536	1.10211
2537	1.05931
2538	0.984867
2539	0.994857
2540	1.05465
2541	0.999431
2542	0.950832
2543	1.01609
2544	1.03866
2545	1.1207
2546	0.892754
2547	1.05055
2548	0.922647
2549	1.03389
2550	1.0616
2551	1.00022
2552	1.07628
2553	0.913265
2554	0.959572
2555	1.01622
2556	0.965975
2557	0.865174
2558	0.963268
2559	0.899783
2560	1.10816
2561	1.0204
2562	1.02171
2563	0.910931
2564	1.05736
2565	0.815605
2566	0.932671
2567	0.911066
2568	1.03224
2569	1.00174
2570	1.08957
2571	1.02406
2572	1.14532
2573	1.09017
2574	0.829738
2575	0.983665
2576	1.11142
2577	0.99635
2578	1.07457
2579	0.956465
2580	1.0297
2581	1.00097
2582	0.972656
2583	1.00109
2584	0.942016
2585	0.987764
2586	0.906429
2587	0.97027
2588	0.997452
2589	0.953202
2590	1.11703
2591	0.876121
2592	0.919807
2593	0.975723
2594	1.05696
2595	0.894433
2596	1.02028
2597	1.07953
2598	0.992008
2599	0.888242
2600	0.957773
2601	0.990811
2602	0.946492
2603	1.10545
2604	0.986248
2605	1.04124
2606	1.03879
2607	1.14495
2608	1.09612
2609	0.961931
2610	1.02226
2611	1.08309
2612	1.07204
2613	1.09299
2614	1.07182
2615	1.0937
2616	1.0119
2617	0.971162
2618	1.03586
2619	0.996536
2620	1.00911
2621	1.12156
2622	0.939826
2623	0.925239
2624	1.07837
2625	1.0531
2626	1.12642
2627	0.995254
2628	1.05367
2629	1.0366
2630	0.964151
2631	0.912838
2632	1.04535
2633	0.875578
2634	1.08343
2635	0.93204
2636	1.05947
2637	1.01592
2638	0.882474
2639	1.01321
2640	1.01639
2641	0.964526
2642	0.93206
2643	1.04184
2644	0.895198
2645	1.12971
2646	1.05099
2647	1.10887
2648	1.06517
2649	0.986645
2650	1.04837
2651	1.09304
2652	1.02706
2653	0.800024
2654	1.02942
2655	0.947114
2656	0.953169
2657	1.01397
2658	0.974501
2659	1.03974
2660	1.07206
2661	0.966868
2662	1.107
2663	0.974853
2664	1.0803
2665	0.915574
2666	0.894235
2667	1.06731
2668	0.87781
2669	0.93332
2670	1.0155
2671	0.954455
2672	0.84154
2673	0.995703
2674	1.10804
2675	1.01051
2676	0.956068
2677	0.983986
2678	1.0431
2679	1.12022
2680	1.0381
2681	1.05072
2682	1.04125
2683	1.02142
2684	0.918203
2685	1.14881
2686	0.929051
2687	0.90224
2688	0.966244
2689	1.0274
2690	1.17986
2691	0.954403
2692	1.14915
2693	0.917819
2694	0.931888
2695	0.925497
2696	0.91485
2697	1.06097
2698	0.986524
2699	1.08557
2700	1.15818
2701	0.974086
2702	0.976366
2703	1.01032
2704	0.925023
2705	1.10552
2706	1.02814
2707	1.00604
2708	0.945011
2709	1.03121
2710	1.03117
2711	1.16408
2712	1.07868
2713	0.8952
2714	1.04012
2715	0.989553
