0	1.09989
1	0.956524
2	1.07818
3	0.996995
4	1.08243
5	0.994328
6	0.909912
7	0.99253
8	1.00079
9	0.958924
10	1.13912
11	0.901493
12	0.995106
13	0.855666
14	0.893933
15	0.86117
16	1.07674
17	0.926397
18	1.05797
19	0.961787
20	1.20609
21	0.876518
22	1.11653
23	0.95458
24	0.986523
25	0.950036
26	0.981756
27	1.18443
28	0.975715
29	1.19969
30	1.00048
31	0.957782
32	1.15405
33	1.00947
34	1.15247
35	1.12167
36	0.986369
37	0.980078
38	0.970624
39	0.988164
40	0.883971
41	1.00124
42	1.00221
43	0.992875
44	0.867838
45	1.17443
46	0.966762
47	0.975273
48	0.881978
49	0.880957
50	0.799024
51	1.13384
52	1.04882
53	1.02964
54	1.02439
55	0.890766
56	0.940091
57	0.921207
58	0.741986
59	0.878352
60	0.875672
61	0.976212
62	1.18004
63	0.953112
64	0.776342
65	0.97014
66	1.1781
67	0.9114
68	1.02564
69	0.963149
70	0.928445
71	0.961318
72	0.969897
73	0.987269
74	1.08531
75	1.04552
76	0.996888
77	1.1199
78	1.03593
79	0.944144
80	1.09325
81	1.13905
82	1.09787
83	0.910535
84	1.02779
85	0.924735
86	0.938319
87	0.870147
88	1.09865
89	1.03031
90	0.851481
91	1.13442
92	1.02204
93	0.982164
94	0.966808
95	1.03682
96	0.955047
97	1.15073
98	0.99584
99	1.0082
100	1.11133
101	1.09207
102	0.859466
103	1.03071
104	0.968893
105	0.938797
106	1.18508
107	1.0034
108	0.990723
109	0.952636
110	1.08383
111	0.832788
112	0.800462
113	1.0458
114	0.806951
115	0.897636
116	0.937358
117	0.988405
118	0.940404
119	1.08585
120	0.778549
121	0.981405
122	0.926409
123	0.968911
124	1.08096
125	0.843813
126	1.1261
127	0.963911
128	1.11178
129	1.03723
130	0.998065
131	0.909169
132	0.857526
133	1.14102
134	0.896044
135	0.976924
136	0.825203
137	0.876421
138	1.01959
139	0.956506
140	1.11283
141	0.968147
142	0.950952
143	0.750567
144	0.97336
145	1.22393
146	0.968351
147	0.984559
148	1.09159
149	0.974687
150	0.917007
151	0.968092
152	1.08155
153	0.933951
154	1.00513
155	1.06429
156	0.959057
157	0.964023
158	0.925675
159	1.08059
160	0.967011
161	1.08009
162	1.02386
163	1.08215
164	1.0939
165	1.13102
166	0.773795
167	0.92932
168	0.972555
169	1.18515
170	1.135
171	0.950505
172	0.855808
173	0.804134
174	1.20218
175	1.06016
176	0.991982
177	0.81646
178	1.00117
179	0.861803
180	0.925232
181	0.963565
182	0.779687
183	1.13643
184	0.93983
185	0.756616
186	0.953375
187	1.03059
188	0.976361
189	0.930647
190	0.963498
191	0.915818
192	0.836126
193	1.10176
194	0.923813
195	0.950297
196	0.932566
197	1.22247
198	1.05205
199	1.00556
200	0.934309
201	0.845798
202	0.822705
203	0.975378
204	1.04734
205	1.09999
206	0.996596
207	0.759922
208	1.05971
209	1.10466
210	0.992168
211	0.89264
212	1.00751
213	1.03278
214	0.883631
215	0.930495
216	1.00632
217	1.02218
218	0.875527
219	1.01504
220	1.03072
221	0.947744
222	1.09873
223	1.12159
224	1.03671
225	0.893328
226	0.978672
227	1.0018
228	0.839905
229	0.964749
230	1.02295
231	1.02036
232	1.1925
233	1.00943
234	1.03985
235	1.13495
236	1.07752
237	0.916028
238	0.980355
239	1.02967
240	0.884593
241	1.07707
242	0.984931
243	1.08416
244	0.873594
245	1.21266
246	1.10908
247	1.01915
248	1.08699
249	1.09989
250	1.07816
251	0.898659
252	1.16519
253	1.21607
254	1.05462
255	1.11862
256	0.915697
257	1.00058
258	1.02377
259	0.906988
260	1.10212
261	0.89999
262	1.05834
263	0.996529
264	1.12466
265	1.11343
266	0.791429
267	0.953655
268	0.890439
269	1.04278
270	0.964031
271	0.936875
272	1.05905
273	0.961668
274	1.03979
275	1.0217
276	1.13177
277	1.12742
278	1.05473
279	1.00001
280	1.13023
281	1.03887
282	1.00716
283	0.969776
284	0.992315
285	1.07373
286	0.961531
287	1.12244
288	0.924203
289	0.855877
290	1.00385
291	1.02182
292	1.02875
293	0.922868
294	1.0183
295	1.08443
296	1.10069
297	0.995006
298	0.820843
299	1.00652
300	1.03114
301	1.06598
302	1.02793
303	0.846573
304	0.961305
305	1.00365
306	0.961954
307	0.757095
308	1.23361
309	1.06571
310	0.875757
311	1.08602
312	0.97496
313	1.17396
314	0.852362
315	1.04207
316	0.887931
317	1.22813
318	1.09715
319	1.14703
320	1.06037
321	1.13657
322	0.846761
323	1.14954
324	0.929649
325	0.761468
326	1.03964
327	1.03073
328	0.964482
329	1.07941
330	1.17665
331	1.07212
332	1.10303
333	0.859224
334	1.02919
335	0.90031
336	0.77927
337	0.968503
338	1.04247
339	0.833522
340	1.10956
341	0.856529
342	1.00999
343	1.1214
344	1.27077
345	1.06307
346	0.965566
347	0.871497
348	1.18389
349	0.961675
350	1.04686
351	1.14227
352	1.10271
353	1.05159
354	0.970857
355	0.9164
356	0.972174
357	0.952799
358	0.884227
359	1.04339
360	0.994348
361	1.00397
362	1.0336
363	1.0533
364	1.00631
365	1.23707
366	0.836865
367	0.966246
368	0.853433
369	1.09488
370	0.998927
371	0.996109
372	1.0553
373	0.883876
374	0.854604
375	1.21022
376	0.895233
377	1.00625
378	1.1245
379	0.736761
380	1.13149
381	1.02817
382	1.07382
383	1.02794
384	0.705694
385	1.00774
386	0.898615
387	1.03511
388	1.06666
389	0.93802
390	0.990518
391	1.10194
392	1.09291
393	0.958317
394	0.834772
395	1.00065
396	1.0018
397	0.992094
398	0.921434
399	0.983003
400	1.09217
401	1.00358
402	1.03562
403	1.08683
404	0.995662
405	0.82412
406	1.01016
407	1.01002
408	1.04647
409	0.931422
410	0.923256
411	0.996276
412	0.995271
413	0.912096
414	1.04998
415	0.831754
416	0.911127
417	1.14224
418	1.04699
419	0.991925
420	1.17102
421	1.02742
422	0.922939
423	0.981312
424	0.952994
425	1.10566
426	1.08601
427	0.864943
428	1.10307
429	0.921628
430	1.03572
431	0.991988
432	0.937955
433	0.968561
434	0.937349
435	1.03313
436	0.893945
437	0.874943
438	1.12517
439	1.12115
440	1.12362
441	0.954508
442	1.00576
443	0.881136
444	1.07295
445	0.969936
446	1.12414
447	0.952129
448	0.972897
449	0.974849
450	1.00775
451	1.18261
452	1.24044
453	1.05111
454	1.12915
455	1.21017
456	0.927697
457	1.10622
458	1.08319
459	1.00553
460	0.879122
461	0.620346
462	0.905195
463	0.975289
464	1.0108
465	0.962017
466	1.08975
467	1.0161
468	1.03843
469	1.19793
470	0.966042
471	1.01571
472	0.958514
473	0.817317
474	1.02728
475	0.870857
476	0.966806
477	0.966892
478	0.964316
479	1.16768
480	0.948478
481	1.08435
482	1.09699
483	1.184
484	1.12575
485	1.11059
486	0.979459
487	0.891033
488	0.996095
489	0.967079
490	0.979698
491	1.08086
492	0.853532
493	1.07345
494	1.03674
495	0.960628
496	1.04541
497	0.956329
498	0.838954
499	1.20214
500	0.956207
501	0.980977
502	0.942928
503	0.990558
504	1.0679
505	0.980762
506	1.05577
507	0.962728
508	0.849618
509	0.734731
510	0.946345
511	0.925739
512	0.94674
513	0.988586
514	0.951766
515	1.17714
516	1.06174
517	0.990096
518	1.04802
519	1.00474
520	1.01588
521	0.941554
522	0.9152
523	1.03859
524	0.785844
525	1.09958
526	0.923348
527	1.12674
528	0.944078
529	1.12203
530	1.02002
531	1.2261
532	0.920885
533	1.083
534	1.062
535	0.976389
536	1.25838
537	1.13528
538	0.998987
539	0.977298
540	1.13604
541	0.997335
542	0.890329
543	0.90517
544	0.941612
545	1.06017
546	1.11924
547	0.938267
548	0.822986
549	1.03942
550	0.943373
551	1.04043
552	1.07454
553	0.979671
554	1.17159
555	0.838433
556	1.01017
557	0.855718
558	0.782365
559	1.05186
560	1.04728
561	1.11954
562	0.913161
563	1.1037
564	0.931046
565	0.919789
566	1.00748
567	0.891829
568	0.843545
569	1.02012
570	0.769648
571	0.815704
572	0.872701
573	1.16891
574	0.872925
575	1.08704
576	1.02217
577	1.1076
578	1.18574
579	1.19063
580	0.966736
581	1.0413
582	0.902836
583	0.941097
584	1.09238
585	1.01631
586	0.991341
587	0.922694
588	1.03729
589	0.864052
590	0.867428
591	1.01843
592	1.15493
593	0.950507
594	1.01602
595	1.04392
596	1.0722
597	1.02619
598	1.17273
599	0.99384
600	1.03376
601	0.985251
602	0.9243
603	0.904875
604	1.02116
605	1.09458
606	1.02128
607	1.00063
608	1.01361
609	1.12952
610	0.914219
611	0.817222
612	1.01099
613	0.97149
614	1.08495
615	0.900158
616	0.996467
617	1.10074
618	0.935177
619	1.01115
620	1.08783
621	1.29766
622	0.942616
623	0.827039
624	0.96802
625	0.985022
626	0.895793
627	1.01735
628	0.989906
629	1.04364
630	0.910485
631	0.851669
632	1.12556
633	0.885684
634	0.998565
635	0.99326
636	0.973862
637	1.09292
638	1.13916
639	0.899031
640	0.995093
641	0.881384
642	1.07294
643	0.995387
644	1.18531
645	0.984406
646	1.10738
647	0.996347
648	0.992393
649	1.33948
650	1.15255
651	0.987144
652	0.906844
653	0.996395
654	1.04267
655	0.864269
656	1.17248
657	0.957527
658	1.08327
659	0.790079
660	1.02515
661	0.982744
662	1.2133
663	1.01961
664	1.18056
665	0.992499
666	0.945765
667	0.958212
668	1.12055
669	1.06701
670	1.05433
671	1.21376
672	1.1047
673	0.8775
674	1.03908
675	1.08528
676	1.06584
677	1.10538
678	0.956113
679	1.06631
680	1.11908
681	1.08194
682	1.23121
683	1.04891
684	1.13202
685	0.986609
686	1.0085
687	0.955921
688	1.08919
689	0.984089
690	1.0744
691	0.984818
692	1.04629
693	1.09064
694	0.842676
695	1.05297
696	1.14168
697	0.966511
698	1.16044
699	0.872487
700	1.1128
701	1.23136
702	1.23912
703	1.07752
704	1.10188
705	1.12056
706	0.953898
707	1.13703
708	1.1593
709	1.0391
710	1.01245
711	1.02904
712	0.92144
713	1.03876
714	1.03702
715	0.955199
716	1.25651
717	1.13712
718	0.909157
719	1.0889
720	0.963352
721	1.08646
722	0.988318
723	0.845927
724	0.9643
725	0.965056
726	1.10204
727	1.2038
728	0.969098
729	0.998325
730	0.992641
731	1.1402
732	1.01835
733	0.899188
734	1.03874
735	0.918331
736	1.15229
737	0.788278
738	0.802031
739	1.02105
740	1.01992
741	1.22979
742	0.984734
743	1.06015
744	0.946778
745	0.919282
746	1.06075
747	1.00726
748	1.00873
749	0.970343
750	0.805512
751	1.03315
752	0.995767
753	0.907676
754	0.988391
755	0.932579
756	1.13034
757	1.1159
758	0.992714
759	0.916289
760	0.988599
761	1.00926
762	1.09902
763	0.95438
764	1.15
765	1.07882
766	1.06869
767	0.989318
768	0.769486
769	1.12181
770	1.03889
771	0.84841
772	1.05531
773	1.00692
774	0.877526
775	0.924524
776	1.00371
777	1.11391
778	0.937803
779	0.857467
780	0.928165
781	0.907821
782	0.922331
783	0.884749
784	1.12437
785	1.07016
786	0.961676
787	0.908175
788	1.14186
789	1.05594
790	1.08482
791	0.972534
792	0.962472
793	0.936982
794	0.970015
795	1.05183
796	1.00344
797	1.09033
798	0.927401
799	1.05264
800	0.964665
801	1.01642
802	1.00777
803	0.895515
804	1.02714
805	0.928405
806	0.833752
807	1.12538
808	0.920203
809	0.812948
810	0.960857
811	1.12055
812	0.920017
813	0.830971
814	1.14416
815	1.0035
816	0.850744
817	1.10943
818	0.955735
819	0.980197
820	0.913402
821	1.06757
822	0.983162
823	1.15056
824	0.925135
825	1.13858
826	0.937565
827	0.987495
828	0.905121
829	1.08932
830	1.02709
831	1.10618
832	1.06443
833	1.18234
834	1.09925
835	1.16721
836	0.912406
837	1.05959
838	0.88325
839	1.02571
840	1.01921
841	0.996822
842	0.901394
843	1.01418
844	1.11333
845	1.17591
846	1.28534
847	1.02645
848	0.852157
849	1.00396
850	0.907576
851	0.92169
852	1.22259
853	1.07476
854	0.994644
855	1.03618
856	1.03636
857	0.866598
858	1.03745
859	1.0929
860	0.884451
861	1.00506
862	1.04693
863	0.968883
864	0.858416
865	1.1813
866	1.08929
867	0.9754
868	1.00272
869	0.983541
870	0.930789
871	0.901115
872	1.1771
873	1.04371
874	0.982488
875	0.887175
876	1.25122
877	1.09315
878	0.79798
879	0.978826
880	1.04115
881	1.08823
882	1.11055
883	1.29686
884	0.915172
885	1.1412
886	0.948567
887	1.01587
888	0.777956
889	0.943605
890	0.957997
891	0.988235
892	0.919897
893	0.770455
894	0.888757
895	1.05597
896	1.12857
897	0.953948
898	1.05658
899	1.08923
900	1.00775
901	1.06873
902	0.971797
903	0.805347
904	1.1362
905	0.837358
906	0.997763
907	0.982584
908	1.05717
909	1.06569
910	0.969421
911	0.975233
912	0.941754
913	1.03916
914	1.18364
915	0.919646
916	0.946562
917	1.16441
918	0.916377
919	0.966404
920	0.926794
921	0.943981
922	0.871953
923	1.14181
924	0.928248
925	1.05275
926	0.933934
927	1.07794
928	1.06615
929	1.16673
930	0.896979
931	1.08073
932	1.03836
933	0.858181
934	1.09352
935	1.01125
936	1.12037
937	1.06401
938	0.991432
939	0.943017
940	0.979994
941	0.912467
942	1.02592
943	0.853567
944	1.10097
945	0.893627
946	0.887252
947	0.912817
948	0.882421
949	1.07626
950	0.959624
951	0.957902
952	0.914267
953	0.937453
954	0.936944
955	0.901728
956	0.964454
957	1.02726
958	1.13883
959	1.03387
960	1.05942
961	0.928458
962	1.02005
963	1.083
964	1.00729
965	1.18859
966	1.07293
967	0.934866
968	1.03372
969	1.04424
970	1.16477
971	1.03809
972	0.86226
973	0.996269
974	1.10942
975	0.940307
976	0.984795
977	0.941471
978	0.812347
979	1.12809
980	0.952971
981	0.818297
982	1.15291
983	0.820413
984	0.740432
985	0.870206
986	1.01799
987	1.11684
988	0.911085
989	1.00979
990	1.14754
991	0.842416
992	1.06575
993	1.12834
994	1.00663
995	0.948264
996	0.917105
997	1.11474
998	0.910523
999	1.08292
1000	1.12061
1001	0.964679
1002	1.1851
1003	0.909433
1004	1.08758
1005	1.09036
1006	1.01485
1007	1.17175
1008	0.947436
1009	0.882439
1010	0.970603
1011	1.11861
1012	0.953846
1013	1.06605
1014	0.981196
1015	1.04867
1016	0.94936
1017	1.12274
1018	0.973731
1019	0.897195
1020	1.0091
1021	0.963387
1022	0.915569
1023	1.02988
1024	1.03866
1025	0.982565
1026	1.04821
1027	1.11289
1028	1.06835
1029	0.910996
1030	0.940652
1031	0.93225
1032	0.9473
1033	1.01871
1034	1.09528
1035	0.856161
1036	0.91424
1037	0.998234
1038	0.866011
1039	0.947508
1040	0.949336
1041	0.895918
1042	1.03393
1043	0.947825
1044	0.993008
1045	1.08936
1046	1.12506
1047	1.0566
1048	0.985047
1049	0.982226
1050	0.991421
1051	1.16243
1052	1.06852
1053	1.09818
1054	1.00851
1055	1.14212
1056	1.02414
1057	0.921755
1058	0.839444
1059	1.0711
1060	1.01209
1061	0.98215
1062	0.8882
1063	1.20272
1064	0.84566
1065	0.930035
1066	0.97987
1067	1.07591
1068	1.00269
1069	1.02265
1070	0.900825
1071	1.01954
1072	1.35893
1073	0.908388
1074	1.01877
1075	1.01844
1076	1.0351
1077	1.0193
1078	0.811799
1079	1.06493
1080	0.959695
1081	1.00444
1082	1.0429
1083	0.901786
1084	0.917508
1085	1.04405
1086	0.975371
1087	0.974218
1088	1.13612
1089	0.868289
1090	0.780478
1091	1.10976
1092	1.21582
1093	1.08694
1094	1.0208
1095	1.09818
1096	1.05259
1097	1.12635
1098	0.943656
1099	0.993241
1100	1.09542
1101	0.964636
1102	1.05522
1103	0.929671
1104	1.06861
1105	1.0095
1106	1.22795
1107	1.11269
1108	1.04606
1109	1.0089
1110	1.09427
1111	0.901403
1112	1.00128
1113	0.966537
1114	1.10105
1115	0.976789
1116	1.13012
1117	0.810621
1118	1.04233
1119	1.08571
1120	1.03087
1121	0.980335
1122	0.938212
1123	1.0271
1124	0.968233
1125	1.03972
1126	0.98603
1127	0.927597
1128	0.978531
1129	0.993483
1130	0.946613
1131	1.06181
1132	1.0691
1133	0.99159
1134	0.79957
1135	1.0687
1136	1.1586
1137	0.989858
1138	1.04124
1139	0.970008
1140	1.03019
1141	1.08667
1142	0.994738
1143	0.949601
1144	1.01718
1145	0.831538
1146	1.02241
1147	0.988038
1148	0.946518
1149	0.97444
1150	0.80265
1151	0.846956
1152	0.791091
1153	1.17176
1154	0.84034
1155	0.953526
1156	0.792538
1157	1.20433
1158	1.05981
1159	0.892853
1160	0.992015
1161	0.923423
1162	1.1103
1163	0.850721
1164	0.976339
1165	1.03209
1166	0.925641
1167	1.14989
1168	1.07431
1169	1.12731
1170	1.05154
1171	1.14652
1172	1.02668
1173	0.912252
1174	0.982774
1175	1.09582
1176	0.991981
1177	1.05621
1178	1.14622
1179	0.950536
1180	0.934827
1181	0.872442
1182	1.04925
1183	0.97934
1184	0.973583
1185	1.15031
1186	0.93538
1187	1.18652
1188	1.01658
1189	0.887773
1190	0.950602
1191	1.04812
1192	1.03329
1193	0.972071
1194	0.976
1195	0.913141
1196	0.892463
1197	1.08994
1198	0.943322
1199	0.828942
1200	0.956999
1201	1.16311
1202	0.934767
1203	1.02956
1204	0.952869
1205	1.16554
1206	0.80002
1207	1.08837
1208	1.03713
1209	1.05071
1210	0.952247
1211	1.33423
1212	0.856508
1213	0.949747
1214	0.982762
1215	0.944776
1216	0.828245
1217	0.98288
1218	0.87422
1219	1.07357
1220	1.00797
1221	1.0599
1222	1.073
1223	0.832051
1224	0.904519
1225	1.07297
1226	1.01192
1227	1.20663
1228	0.945371
1229	1.14418
1230	0.963229
1231	1.02859
1232	0.872806
1233	0.763029
1234	0.904361
1235	0.930537
1236	1.12852
1237	0.805012
1238	1.03782
1239	0.9123
1240	0.754952
1241	1.02534
1242	0.914662
1243	0.977098
1244	0.903038
1245	1.07573
1246	1.07017
1247	1.03378
1248	0.969618
1249	0.814363
1250	1.06164
1251	1.06763
1252	1.03219
1253	1.00587
1254	0.973689
1255	1.11349
1256	0.914509
1257	0.980204
1258	0.953053
1259	1.07946
1260	0.909936
1261	0.857171
1262	1.1052
1263	1.02083
1264	0.990938
1265	1.02031
1266	0.832918
1267	1.06315
1268	0.906844
1269	1.05048
1270	1.05437
1271	1.09896
1272	0.943529
1273	1.1021
1274	0.873734
1275	1.09715
1276	1.07225
1277	0.997135
1278	0.955114
1279	1.00102
1280	0.92144
1281	1.02689
1282	1.09552
1283	1.11162
1284	0.872109
1285	1.18701
1286	0.95511
1287	1.04071
1288	0.872628
1289	1.00505
1290	0.896852
1291	1.03199
1292	1.05431
1293	1.15906
1294	1.14888
1295	0.988024
1296	0.805429
1297	0.934814
1298	0.941785
1299	1.08823
1300	0.906852
1301	0.907179
1302	0.946009
1303	0.979855
1304	1.07553
1305	1.11792
1306	0.95381
1307	0.861956
1308	1.06733
1309	1.07771
1310	1.18228
1311	0.899573
1312	1.10133
1313	0.928502
1314	1.00581
1315	0.923321
1316	0.984099
1317	1.10938
1318	1.12277
1319	1.10162
1320	0.969616
1321	1.02636
1322	0.978381
1323	1.02259
1324	0.968463
1325	1.05009
1326	1.14615
1327	1.09586
1328	1.10297
1329	1.10379
1330	1.01259
1331	0.906153
1332	0.937586
1333	1.0273
1334	1.04543
1335	0.965544
1336	1.0112
1337	0.913292
1338	0.891028
1339	0.899462
1340	0.918522
1341	0.802835
1342	1.00599
1343	1.01265
1344	0.996793
1345	1.04051
1346	0.938532
1347	1.09569
1348	1.13027
1349	0.920736
1350	1.08338
1351	1.1218
1352	0.998015
1353	1.00122
1354	1.08261
1355	1.11585
1356	0.990315
1357	0.97766
1358	1.04492
1359	0.927016
1360	0.920369
1361	1.08048
1362	0.962534
1363	0.969271
1364	0.883407
1365	0.884375
1366	1.0677
1367	1.05961
1368	0.946879
1369	1.24588
1370	0.963391
1371	0.962398
1372	1.07199
1373	0.931135
1374	1.01829
1375	1.00515
1376	0.899031
1377	0.998392
1378	1.11926
1379	0.959728
1380	0.976025
1381	1.00829
1382	0.965033
1383	1.07212
1384	1.01498
1385	1.02842
1386	0.929451
1387	1.09681
1388	0.975756
1389	1.12858
1390	0.954987
1391	1.02842
1392	0.953222
1393	1.01972
1394	1.01873
1395	1
1396	0.982817
1397	1.01477
1398	1.09673
1399	0.967904
1400	0.915461
1401	1.06628
1402	0.86901
1403	0.916064
1404	0.95694
1405	0.905302
1406	1.03639
1407	1.0632
1408	1.18028
1409	1.06992
1410	1.10249
1411	1.07309
1412	1.15508
1413	1.14914
1414	0.917028
1415	1.17274
1416	1.07147
1417	0.881199
1418	0.985821
1419	1.12249
1420	1.06143
1421	1.07435
1422	1.15856
1423	0.970351
1424	1.23252
1425	1.09466
1426	0.922792
1427	0.980022
1428	1.0585
1429	0.923434
1430	1.11024
1431	1.24609
1432	1.03551
1433	0.91834
1434	0.968867
1435	1.11934
1436	0.931763
1437	0.993225
1438	0.960241
1439	0.989391
1440	1.1181
1441	1.04288
1442	1.13832
1443	0.980881
1444	1.08847
1445	0.917924
1446	0.94738
1447	1.16475
1448	1.09283
1449	0.853303
1450	0.865203
1451	0.898928
1452	1.16725
1453	1.09189
1454	0.92224
1455	0.86656
1456	1.07686
1457	0.949292
1458	0.872438
1459	0.848331
1460	1.06843
1461	0.935162
1462	0.882836
1463	1.02224
1464	1.07874
1465	0.88016
1466	0.975376
1467	0.977423
1468	0.991248
1469	0.921901
1470	1.05576
1471	1.03926
1472	0.926638
1473	1.12484
1474	0.874519
1475	1.00762
1476	0.956323
1477	1.00808
1478	0.821994
1479	1.15871
1480	1.09258
1481	0.847683
1482	1.02956
1483	1.00923
1484	0.88428
1485	1.02727
1486	0.995848
1487	1.1359
1488	0.86869
1489	1.07546
1490	1.02909
1491	0.983245
1492	0.984874
1493	1.21348
1494	1.06199
1495	0.962827
1496	0.89457
1497	1.03422
1498	1.02139
1499	1.13236
1500	1.07738
1501	1.05187
1502	0.942008
1503	1.25899
1504	1.03717
1505	0.971613
1506	1.23324
1507	0.991052
1508	1.01413
1509	1.02457
1510	1.03412
1511	0.857451
1512	0.963967
1513	1.00547
1514	0.949872
1515	0.830683
1516	0.93554
1517	1.00539
1518	1.02158
1519	0.995367
1520	1.0633
1521	1.05439
1522	1.01977
1523	1.24965
1524	1.14656
1525	1.0335
1526	0.867462
1527	1.07715
1528	1.14271
1529	0.999549
1530	1.10815
1531	1.06802
1532	0.945382
1533	0.996998
1534	1.14894
1535	1.11585
1536	0.982006
1537	0.997616
1538	0.836516
1539	0.854168
1540	0.983536
1541	1.02086
1542	0.87785
1543	1.05715
1544	0.867883
1545	1.07558
1546	1.04487
1547	0.845439
1548	1.13259
1549	1.19977
1550	1.026
1551	1.03945
1552	0.974806
1553	0.898602
1554	0.945347
1555	1.14252
1556	1.10087
1557	0.958583
1558	0.865264
1559	0.986534
1560	1.01898
1561	1.06509
1562	1.15828
1563	0.843821
1564	1.01749
1565	0.921785
1566	0.952145
1567	0.935467
1568	1.04721
1569	1.0414
1570	1.0108
1571	1.10445
1572	1.11566
1573	0.840035
1574	0.943801
1575	1.00613
1576	0.917381
1577	0.805273
1578	1.00658
1579	1.02771
1580	0.986999
1581	1.01714
1582	0.924678
1583	1.12102
1584	1.01102
1585	1.00607
1586	1.03512
1587	1.03804
1588	1.10206
1589	1.03055
1590	0.842906
1591	1.02219
1592	0.915676
1593	1.14749
1594	0.986833
1595	1.10799
1596	1.06029
1597	1.02462
1598	0.997561
1599	0.962714
1600	1.09319
1601	1.10439
1602	1.05974
1603	1.00337
1604	0.980149
1605	1.15564
1606	1.04382
1607	1.04203
1608	1.12242
1609	0.892759
1610	0.999383
1611	1.12826
1612	1.01275
1613	1.03447
1614	1.18024
1615	0.81219
1616	0.965039
1617	0.994763
1618	1.03134
1619	0.917656
1620	1.10145
1621	1.02369
1622	0.961805
1623	1.14658
1624	1.09695
1625	1.01507
1626	1.15827
1627	0.871372
1628	1.01896
1629	0.912889
1630	0.892458
1631	1.16062
1632	1.11359
1633	1.02192
1634	0.988986
1635	1.01476
1636	1.14389
1637	0.967211
1638	0.91212
1639	0.846677
1640	1.00426
1641	1.11033
1642	1.04519
1643	1.02607
1644	1.05134
1645	1.06245
1646	0.916988
1647	1.03117
1648	1.01161
1649	0.816737
1650	0.923413
1651	1.09298
1652	1.06655
1653	0.961205
1654	1.05249
1655	0.936711
1656	1.14484
1657	1.02385
1658	0.917196
1659	1.12498
1660	0.936576
1661	1.06105
1662	0.996893
1663	0.871515
1664	0.964473
1665	0.760309
1666	0.90961
1667	1.05117
1668	1.19695
1669	0.872914
1670	0.880791
1671	0.990377
1672	1.05562
1673	1.08205
1674	0.892786
1675	1.03942
1676	1.05471
1677	0.927941
1678	0.970024
1679	1.07988
1680	0.979193
1681	0.883494
1682	0.997533
1683	1.00707
1684	1.08387
1685	1.12125
1686	1.06104
1687	1.02201
1688	0.958483
1689	1.0074
1690	1.00991
1691	0.851264
1692	1.03603
1693	1.08904
1694	1.04026
1695	0.951165
1696	1.06427
1697	1.12668
1698	0.969092
1699	0.963811
1700	0.973545
1701	1.15817
1702	0.810131
1703	0.831676
1704	1.08767
1705	1.08067
1706	0.922609
1707	0.895086
1708	1.00294
1709	0.763731
1710	0.978265
1711	0.988995
1712	0.856822
1713	0.876991
1714	0.899923
1715	1.06175
1716	0.975918
1717	0.99426
1718	0.977455
1719	1.00982
1720	1.12061
1721	0.84857
1722	0.898428
1723	1.04161
1724	1.01675
1725	1.01288
1726	0.984019
1727	1.14292
1728	1.08057
1729	0.928333
1730	1.01981
1731	0.906438
1732	0.996883
1733	1.0294
1734	0.872839
1735	1.15172
1736	0.9566
1737	1.06484
1738	1.11072
1739	0.95626
1740	1.00086
1741	1.07949
1742	1.06318
1743	1.021
1744	0.953466
1745	1.16404
1746	1.08987
1747	1.01031
1748	0.91568
1749	0.993357
1750	1.03805
1751	1.12356
1752	0.849735
1753	1.02945
1754	0.942314
1755	1.07077
1756	1.06467
1757	0.822703
1758	1.07916
1759	1.0298
1760	0.993228
1761	1.04943
1762	0.860174
1763	0.80213
1764	0.987542
1765	0.97977
1766	1.11704
1767	1.10431
1768	1.0281
1769	1.01941
1770	1.06018
1771	1.09837
1772	1.22879
1773	1.05475
1774	1.16217
1775	1.06492
1776	1.03579
1777	1.00006
1778	1.06393
1779	1.12698
1780	0.971743
1781	1.01147
1782	0.986656
1783	0.935918
1784	0.892821
1785	1.1109
1786	0.888181
1787	1.00579
1788	1.03568
1789	0.891502
1790	1.09318
1791	0.861007
1792	1.07679
1793	0.892418
1794	1.07727
1795	0.790552
1796	0.871389
1797	1.03642
1798	0.87448
1799	0.985657
1800	0.861865
1801	1.05649
1802	0.697724
1803	0.972933
1804	1.2373
1805	0.909765
1806	1.11128
1807	0.984574
1808	1.08029
1809	1.07935
1810	0.93829
1811	0.892076
1812	1.07723
1813	0.979407
1814	0.938426
1815	1.00007
1816	0.884876
1817	1.01898
1818	1.06074
1819	1.06358
1820	1.1916
1821	0.831182
1822	0.934649
1823	1.11596
1824	1.19475
1825	0.729059
1826	1.14863
1827	0.861808
1828	0.97394
1829	1.02544
1830	1.01659
1831	0.953418
1832	0.907207
1833	1.0003
1834	0.979544
1835	1.19512
1836	1.08155
1837	0.955479
1838	1.02196
1839	0.910236
1840	1.01963
1841	0.994698
1842	0.926266
1843	1.01273
1844	1.02321
1845	1.00771
1846	0.964417
1847	1.08122
1848	0.989125
1849	1.01769
1850	0.976648
1851	1.01966
1852	0.837508
1853	1.06721
1854	0.856461
1855	1.19924
1856	1.11013
1857	0.889289
1858	0.998636
1859	0.822801
1860	0.884442
1861	0.946509
1862	1.01577
1863	0.924281
1864	1.0868
1865	1.08848
1866	0.990128
1867	0.890187
1868	1.00899
1869	1.01765
1870	1.05431
1871	0.908616
1872	1.22445
1873	0.861223
1874	0.936695
1875	1.23253
1876	0.964655
1877	1.1133
1878	1.00175
1879	0.806593
1880	1.01789
1881	0.91339
1882	1.07662
1883	1.01349
1884	1.11568
1885	1.19162
1886	0.986167
1887	0.882038
1888	0.965258
1889	0.992711
1890	0.950669
1891	1.0356
1892	0.983065
1893	1.01557
1894	0.994716
1895	0.96432
1896	1.06501
1897	1.06346
1898	1.01601
1899	1.16031
1900	0.936427
1901	0.96232
1902	0.898185
1903	1.07404
1904	0.916874
1905	1.05495
1906	1.08487
1907	0.863412
1908	0.983423
1909	1.07277
1910	0.820114
1911	0.98214
1912	1.0528
1913	0.970018
1914	1.09414
1915	0.954774
1916	1.0503
1917	1.00471
1918	0.776086
1919	0.979071
1920	1.04891
1921	0.937529
1922	1.0574
1923	0.940402
1924	0.936689
1925	0.895223
1926	1.16637
1927	1.15554
1928	0.931859
1929	1.03509
1930	0.998779
1931	0.861002
1932	1.01283
1933	0.953031
1934	1.25794
1935	0.943724
1936	0.940007
1937	1.03001
1938	1.03638
1939	0.997006
1940	1.1802
1941	1.10335
1942	0.938049
1943	0.82644
1944	0.951538
1945	1.00568
1946	0.970189
1947	0.983766
1948	1.03612
1949	1.05951
1950	1.06403
1951	0.921298
1952	1.09754
1953	0.99073
1954	1.073
1955	1.11181
1956	1.3185
1957	0.975086
1958	1.02167
1959	0.961658
1960	0.852217
1961	0.966011
1962	0.856552
1963	1.12938
1964	1.10752
1965	1.19047
1966	0.932379
1967	0.963515
1968	0.99351
1969	0.960129
1970	1.2581
1971	1.0013
1972	0.89088
1973	0.959298
1974	1.13715
1975	0.819792
1976	0.872577
1977	1.04543
1978	0.848161
1979	0.950835
1980	0.943896
1981	1.02203
1982	1.15608
1983	1.02812
1984	0.716175
1985	1.09459
1986	0.969378
1987	0.918512
1988	0.83781
1989	1.13872
1990	0.96725
1991	1.13294
1992	0.916504
1993	0.95531
1994	0.82547
1995	0.901004
1996	1.13785
1997	0.770889
1998	1.11272
1999	0.806722
2000	0.939506
2001	1.00061
2002	1.01951
2003	0.955466
2004	0.86707
2005	1.11004
2006	1.08203
2007	1.0689
2008	0.798885
2009	0.92144
2010	1.04122
2011	1.11424
2012	1.21837
2013	1.01776
2014	0.988427
2015	0.877537
2016	0.965652
2017	1.09736
2018	1.00924
2019	1.0749
2020	1.10119
2021	0.87126
2022	1.00884
2023	0.990364
2024	1.10738
2025	1.02726
2026	0.941593
2027	1.00499
2028	1.09438
2029	0.953738
2030	0.928978
2031	1.16337
2032	0.914655
2033	0.951816
2034	0.865763
2035	1.00615
2036	1.0077
2037	1.01967
2038	1.03852
2039	1.05192
2040	0.941797
2041	1.04066
2042	1.03731
2043	1.1282
2044	0.956525
2045	1.08687
2046	1.10681
2047	1.16282
2048	1.03445
2049	0.783012
2050	0.896842
2051	0.969875
2052	0.998765
2053	1.08443
2054	1.02663
2055	1.00825
2056	1.06664
2057	1.09051
2058	1.0449
2059	1.03855
2060	0.977929
2061	1.06661
2062	1.04323
2063	1.12645
2064	0.858826
2065	1.10953
2066	1.10228
2067	0.872753
2068	0.808205
2069	1.12864
2070	0.945867
2071	1.05839
2072	1.07251
2073	0.848321
2074	0.854433
2075	0.849461
2076	1.03346
2077	1.15969
2078	1.23101
2079	0.857651
2080	1.16832
2081	0.76571
2082	1.02439
2083	1.08485
2084	0.999445
2085	1.0073
2086	0.967485
2087	1.01141
2088	1.01539
2089	1.04369
2090	0.987425
2091	1.00808
2092	1.02281
2093	0.909119
2094	0.841949
2095	0.987309
2096	0.996727
2097	0.836894
2098	1.15537
2099	0.976888
2100	1.13704
2101	1.06764
2102	1.00474
2103	1.14668
2104	1.01607
2105	1.02808
2106	0.711072
2107	0.939516
2108	0.91469
2109	0.753426
2110	0.88779
2111	0.897837
2112	0.938356
2113	1.06796
2114	1.05191
2115	1.07797
2116	1.13865
2117	0.890646
2118	1.02127
2119	1.076
2120	1.04767
2121	0.957948
2122	0.920395
2123	1.06328
2124	1.21958
2125	1.00665
2126	1.0242
2127	0.995703
2128	1.05928
2129	0.984893
2130	0.820672
2131	0.834373
2132	1.08475
2133	1.04662
2134	1.02437
2135	0.897435
2136	1.05227
2137	1.03657
2138	1.00634
2139	1.09087
2140	0.962008
2141	0.997898
2142	0.990019
2143	1.19917
2144	1.07463
2145	0.91826
2146	1.10734
2147	1.19218
2148	1.1625
2149	1.06026
2150	1.05612
2151	0.900623
2152	0.90781
2153	1.00096
2154	0.991324
2155	0.724871
2156	1.15434
2157	1.07077
2158	0.975518
2159	0.986195
2160	0.978899
2161	1.02262
2162	1.01628
2163	1.07665
2164	1.05747
2165	0.933281
2166	0.885615
2167	1.0078
2168	1.05445
2169	1.04485
2170	1.04805
2171	0.914995
2172	0.936379
2173	0.914914
2174	1.12577
2175	0.783211
2176	0.871112
2177	0.843688
2178	0.920149
2179	0.905143
2180	0.913738
2181	1.15739
2182	0.947328
2183	1.08456
2184	0.943677
2185	0.933137
2186	1.07946
2187	1.00307
2188	0.945666
2189	0.965948
2190	0.909996
2191	0.914825
2192	0.87254
2193	0.918401
2194	1.06021
2195	0.770738
2196	1.12805
2197	1.02857
2198	0.953826
2199	0.959128
2200	0.893097
2201	0.98821
2202	0.893013
2203	1.0789
2204	1.11028
2205	1.00814
2206	0.992133
2207	1.00481
2208	1.03852
2209	0.99473
2210	1.067
2211	0.969244
2212	1.04262
2213	0.890498
2214	0.930571
2215	0.923214
2216	0.947217
2217	0.89418
2218	0.975543
2219	0.827853
2220	1.09911
2221	1.09771
2222	1.03958
2223	1.06027
2224	0.897001
2225	0.941986
2226	1.00393
2227	0.935935
2228	0.925864
2229	0.87422
2230	0.944593
2231	0.920414
2232	1.0911
2233	1.23573
2234	0.742629
2235	1.0646
2236	1.15909
2237	0.871861
2238	1.08421
2239	1.10722
2240	1.10169
2241	0.917603
2242	1.04634
2243	1.22798
2244	1.08919
2245	0.87581
2246	0.793304
2247	1.00093
2248	0.85306
2249	0.95233
2250	0.968106
2251	1.03655
2252	0.980053
2253	0.998593
2254	0.849965
2255	1.04872
2256	0.980884
2257	1.03246
2258	0.981986
2259	0.983838
2260	1.14797
2261	0.935161
2262	1.08742
2263	1.09272
2264	0.861848
2265	1.02828
2266	1.05591
2267	0.994574
2268	1.11442
2269	0.813851
2270	1.11768
2271	1.03978
2272	1.22092
2273	0.841011
2274	1.05263
2275	1.01291
2276	1.04639
2277	1.05975
2278	1.148
2279	1.14032
2280	0.753085
2281	1.04696
2282	1.02113
2283	0.823357
2284	1.0752
2285	0.901909
2286	1.08844
2287	1.04363
2288	1.08012
2289	1.06659
2290	1.06999
2291	1.11935
2292	0.994612
2293	0.843266
2294	1.07841
2295	1.12426
2296	1.14891
2297	0.928869
2298	0.832801
2299	0.975041
2300	1.03116
2301	0.969104
2302	0.933029
2303	0.955004
2304	1.10158
2305	1.16137
2306	0.96221
2307	1.15346
2308	1.09344
2309	1.04194
2310	1.0929
2311	1.18005
2312	0.87807
2313	0.842281
2314	1.12462
2315	0.862443
2316	1.03779
2317	1.14148
2318	0.993638
2319	0.96791
2320	1.12979
2321	1.03932
2322	0.909442
2323	1.00397
2324	1.0821
2325	1.07159
2326	1.05848
2327	0.946897
2328	0.892095
2329	0.852672
2330	0.916265
2331	0.921639
2332	0.930142
2333	1.29845
2334	1.12824
2335	0.934452
2336	1.06654
2337	0.825325
2338	1.02154
2339	1.00728
2340	0.837514
2341	0.930843
2342	1.0605
2343	1.03125
2344	0.851863
2345	1.05067
2346	0.94233
2347	1.19126
2348	0.992423
2349	0.949879
2350	0.847914
2351	1.06212
2352	1.0088
2353	1.05057
2354	0.989054
2355	1.16721
2356	0.797985
2357	0.979935
2358	1.00031
2359	0.879692
2360	1.02015
2361	0.921233
2362	1.02663
2363	1.20467
2364	0.839748
2365	1.06979
2366	1.02065
2367	1.07289
2368	1.09071
2369	1.11281
2370	1.02925
2371	1.02388
2372	1.05103
2373	0.835311
2374	0.857542
2375	0.906179
2376	0.821864
2377	0.838278
2378	0.890693
2379	1.08912
2380	1.12806
2381	0.993536
2382	0.780951
2383	0.95557
2384	0.921726
2385	1.13718
2386	0.970902
2387	1.09775
2388	0.927312
2389	1.08523
2390	1.32518
2391	1.02164
2392	0.911759
2393	0.921667
2394	1.17224
2395	1.0059
2396	0.905247
2397	1.07833
2398	1.22749
2399	1.06537
2400	0.883048
2401	1.01538
2402	1.05964
2403	1.03553
2404	1.14942
2405	0.941178
2406	0.989344
2407	0.734555
2408	1.11821
2409	0.999978
2410	1.10212
2411	1.10907
2412	0.968489
2413	0.982735
2414	0.962026
2415	0.956461
2416	1.09252
2417	1.0304
2418	0.990095
2419	0.941738
2420	0.921752
2421	1.05499
2422	0.964595
2423	1.05384
2424	1.13534
2425	0.885507
2426	1.00137
2427	1.08744
2428	1.20434
2429	1.03359
2430	0.955825
2431	0.975481
2432	1.06783
2433	0.91554
2434	0.931194
2435	1.01002
2436	1.03906
2437	0.993705
2438	1.0943
2439	1.13468
2440	1.13926
2441	1.04684
2442	0.886742
2443	1.00993
2444	0.917746
2445	0.903111
2446	1.068
2447	1.04575
2448	0.796347
2449	0.890239
2450	0.902841
2451	1.05892
2452	0.943761
2453	1.03286
2454	0.925554
2455	0.98123
2456	0.936464
2457	0.912488
2458	1.06008
2459	0.952517
2460	0.937146
2461	0.985121
2462	0.969517
2463	0.98312
2464	1.18789
2465	0.967878
2466	0.867995
2467	1.07504
2468	0.929179
2469	1.0713
2470	1.13447
2471	0.970369
2472	1.00345
2473	1.05818
2474	1.06379
2475	1.05151
2476	1.07311
2477	1.04008
2478	1.12719
2479	1.10892
2480	1.00762
2481	1.05719
2482	1.07107
2483	1.08485
2484	0.891851
2485	1.10629
2486	1.11399
2487	0.923644
2488	1.04234
2489	1.12415
2490	1.09491
2491	1.15896
2492	1.01893
2493	1.00875
2494	1.09637
2495	0.977745
2496	0.905741
2497	1.19355
2498	0.939988
2499	0.901052
2500	0.883201
2501	0.958834
2502	0.974444
2503	0.923625
2504	1.08026
2505	0.994105
2506	1.10335
2507	1.05213
2508	0.930057
2509	0.934658
2510	0.992504
2511	0.975925
2512	0.804273
2513	0.950335
2514	0.862379
2515	0.894088
2516	0.936096
2517	1.08624
2518	0.820742
2519	1.08683
2520	1.01803
2521	1.00506
2522	0.995003
2523	1.08946
2524	1.02444
2525	0.929933
2526	1.11476
2527	1.10532
2528	1.032
2529	0.861696
2530	0.913587
2531	0.958558
2532	1.01674
2533	1.12645
2534	0.920465
2535	1.00761
2536	1.12763
2537	1.07414
2538	0.981084
2539	0.993571
2540	1.06831
2541	0.999288
2542	0.938539
2543	1.02011
2544	1.04832
2545	1.15087
2546	0.865943
2547	1.06319
2548	0.903309
2549	1.04236
2550	1.07699
2551	1.00028
2552	1.09535
2553	0.891581
2554	0.949465
2555	1.02027
2556	0.957468
2557	0.831467
2558	0.954085
2559	0.874729
2560	1.1352
2561	1.0255
2562	1.02713
2563	0.888664
2564	1.0717
2565	0.769506
2566	0.915838
2567	0.888833
2568	1.0403
2569	1.00218
2570	1.11196
2571	1.03007
2572	1.18165
2573	1.11271
2574	0.787172
2575	0.979582
2576	1.13927
2577	0.995437
2578	1.09322
2579	0.945581
2580	1.03712
2581	1.00122
2582	0.96582
2583	1.00136
2584	0.92752
2585	0.984705
2586	0.883036
2587	0.962838
2588	0.996815
2589	0.941502
2590	1.14628
2591	0.845151
2592	0.899759
2593	0.969653
2594	1.0712
2595	0.868041
2596	1.02535
2597	1.09941
2598	0.99001
2599	0.860303
2600	0.947217
2601	0.988514
2602	0.933115
2603	1.13182
2604	0.98281
2605	1.05156
2606	1.04848
2607	1.18119
2608	1.12015
2609	0.952414
2610	1.02783
2611	1.10387
2612	1.09005
2613	1.11623
2614	1.08978
2615	1.11713
2616	1.01487
2617	0.963952
2618	1.04483
2619	0.99567
2620	1.01139
2621	1.15194
2622	0.924783
2623	0.906549
2624	1.09796
2625	1.06638
2626	1.15802
2627	0.994067
2628	1.06709
2629	1.04575
2630	0.955189
2631	0.891047
2632	1.05669
2633	0.844473
2634	1.10429
2635	0.91505
2636	1.07434
2637	1.01991
2638	0.853092
2639	1.01651
2640	1.02049
2641	0.955658
2642	0.915075
2643	1.0523
2644	0.868997
2645	1.16213
2646	1.06374
2647	1.13609
2648	1.08146
2649	0.983306
2650	1.06046
2651	1.1163
2652	1.03383
2653	0.75003
2654	1.03678
2655	0.933893
2656	0.941462
2657	1.01746
2658	0.968126
2659	1.04967
2660	1.09008
2661	0.958586
2662	1.13375
2663	0.968566
2664	1.10038
2665	0.894468
2666	0.867794
2667	1.08414
2668	0.847263
2669	0.916651
2670	1.01938
2671	0.943069
2672	0.801925
2673	0.994629
2674	1.13505
2675	1.01314
2676	0.945085
2677	0.979983
2678	1.05387
2679	1.15028
2680	1.04762
2681	1.0634
2682	1.05156
2683	1.02677
2684	0.897754
2685	1.18601
2686	0.911314
2687	0.8778
2688	0.957805
2689	1.03424
2690	1.22483
2691	0.943004
2692	1.18644
2693	0.897274
2694	0.91486
2695	0.906871
2696	0.893563
2697	1.07622
2698	0.983155
2699	1.10697
2700	1.19772
2701	0.967607
2702	0.970458
2703	1.0129
2704	0.906279
2705	1.1319
2706	1.03517
2707	1.00754
2708	0.931264
2709	1.03901
2710	1.03896
2711	1.20509
2712	1.09835
2713	0.869
2714	1.05015
2715	0.986941
