0	1.03996
1	0.982609
2	1.03127
3	0.998798
4	1.03297
5	0.997731
6	0.963965
7	0.997012
8	1.00032
9	0.983569
10	1.05565
11	0.960597
12	0.998042
13	0.942266
14	0.957573
15	0.944468
16	1.0307
17	0.970559
18	1.02319
19	0.984715
20	1.08244
21	0.950607
22	1.04661
23	0.981832
24	0.994609
25	0.980014
26	0.992703
27	1.07377
28	0.990286
29	1.07987
30	1.00019
31	0.983113
32	1.06162
33	1.00379
34	1.06099
35	1.04867
36	0.994548
37	0.992031
38	0.988249
39	0.995266
40	0.953588
41	1.00049
42	1.00088
43	0.99715
44	0.947135
45	1.06977
46	0.986705
47	0.990109
48	0.952791
49	0.952383
50	0.91961
51	1.05353
52	1.01953
53	1.01185
54	1.00976
55	0.956306
56	0.976036
57	0.968483
58	0.896794
59	0.951341
60	0.950269
61	0.990485
62	1.07202
63	0.981245
64	0.910537
65	0.988056
66	1.07124
67	0.96456
68	1.01026
69	0.98526
70	0.971378
71	0.984527
72	0.987959
73	0.994907
74	1.03412
75	1.01821
76	0.998755
77	1.04796
78	1.01437
79	0.977658
80	1.0373
81	1.05562
82	1.03915
83	0.964214
84	1.01112
85	0.969894
86	0.975327
87	0.948059
88	1.03946
89	1.01212
90	0.940592
91	1.05377
92	1.00882
93	0.992866
94	0.986723
95	1.01473
96	0.982019
97	1.06029
98	0.998336
99	1.00328
100	1.04453
101	1.03683
102	0.943786
103	1.01228
104	0.987557
105	0.975519
106	1.07403
107	1.00136
108	0.996289
109	0.981054
110	1.03353
111	0.933115
112	0.920185
113	1.01832
114	0.92278
115	0.959054
116	0.974943
117	0.995362
118	0.976162
119	1.03434
120	0.91142
121	0.992562
122	0.970563
123	0.987564
124	1.03238
125	0.937525
126	1.05044
127	0.985564
128	1.04471
129	1.01489
130	0.999226
131	0.963667
132	0.94301
133	1.05641
134	0.958418
135	0.99077
136	0.930081
137	0.950568
138	1.00784
139	0.982602
140	1.04513
141	0.987259
142	0.980381
143	0.900227
144	0.989344
145	1.08957
146	0.98734
147	0.993823
148	1.03664
149	0.989875
150	0.966803
151	0.987237
152	1.03262
153	0.97358
154	1.00205
155	1.02572
156	0.983623
157	0.985609
158	0.97027
159	1.03224
160	0.986805
161	1.03204
162	1.00954
163	1.03286
164	1.03756
165	1.05241
166	0.909518
167	0.971728
168	0.989022
169	1.07406
170	1.054
171	0.980202
172	0.942323
173	0.921654
174	1.08087
175	1.02406
176	0.996793
177	0.926584
178	1.00047
179	0.944721
180	0.970093
181	0.985426
182	0.911875
183	1.05457
184	0.975932
185	0.902646
186	0.98135
187	1.01223
188	0.990544
189	0.972259
190	0.985399
191	0.966327
192	0.93445
193	1.04071
194	0.969525
195	0.980119
196	0.973026
197	1.08899
198	1.02082
199	1.00222
200	0.973723
201	0.938319
202	0.929082
203	0.990151
204	1.01894
205	1.04
206	0.998638
207	0.903969
208	1.02388
209	1.04186
210	0.996867
211	0.957056
212	1.003
213	1.01311
214	0.953452
215	0.972198
216	1.00253
217	1.00887
218	0.950211
219	1.00602
220	1.01229
221	0.979098
222	1.03949
223	1.04864
224	1.01468
225	0.957331
226	0.991469
227	1.00072
228	0.935962
229	0.9859
230	1.00918
231	1.00814
232	1.077
233	1.00377
234	1.01594
235	1.05398
236	1.03101
237	0.966411
238	0.992142
239	1.01187
240	0.953837
241	1.03083
242	0.993972
243	1.03366
244	0.949438
245	1.08506
246	1.04363
247	1.00766
248	1.03479
249	1.03995
250	1.03127
251	0.959464
252	1.06608
253	1.08643
254	1.02185
255	1.04745
256	0.966279
257	1.00023
258	1.00951
259	0.962795
260	1.04085
261	0.959996
262	1.02333
263	0.998612
264	1.04986
265	1.04537
266	0.916572
267	0.981462
268	0.956176
269	1.01711
270	0.985612
271	0.97475
272	1.02362
273	0.984667
274	1.01591
275	1.00868
276	1.05271
277	1.05097
278	1.02189
279	1
280	1.05209
281	1.01555
282	1.00286
283	0.98791
284	0.996926
285	1.02949
286	0.984613
287	1.04897
288	0.969681
289	0.942351
290	1.00154
291	1.00873
292	1.0115
293	0.969147
294	1.00732
295	1.03377
296	1.04028
297	0.998002
298	0.928337
299	1.00261
300	1.01246
301	1.02639
302	1.01117
303	0.938629
304	0.984522
305	1.00146
306	0.984781
307	0.902838
308	1.09344
309	1.02629
310	0.950303
311	1.03441
312	0.989984
313	1.06958
314	0.940945
315	1.01683
316	0.955172
317	1.09125
318	1.03886
319	1.05881
320	1.02415
321	1.05463
322	0.938704
323	1.05981
324	0.97186
325	0.904587
326	1.01586
327	1.01229
328	0.985793
329	1.03176
330	1.07066
331	1.02885
332	1.04121
333	0.94369
334	1.01167
335	0.960124
336	0.911708
337	0.987401
338	1.01699
339	0.933409
340	1.04382
341	0.942612
342	1.004
343	1.04856
344	1.10831
345	1.02523
346	0.986226
347	0.948599
348	1.07355
349	0.98467
350	1.01874
351	1.05691
352	1.04108
353	1.02064
354	0.988343
355	0.96656
356	0.98887
357	0.981119
358	0.953691
359	1.01736
360	0.997739
361	1.00159
362	1.01344
363	1.02132
364	1.00252
365	1.09483
366	0.934746
367	0.986499
368	0.941373
369	1.03795
370	0.999571
371	0.998444
372	1.02212
373	0.95355
374	0.941842
375	1.08409
376	0.958093
377	1.0025
378	1.0498
379	0.894704
380	1.05259
381	1.01127
382	1.02953
383	1.01118
384	0.882278
385	1.0031
386	0.959446
387	1.01404
388	1.02666
389	0.975208
390	0.996207
391	1.04078
392	1.03716
393	0.983327
394	0.933909
395	1.00026
396	1.00072
397	0.996838
398	0.968574
399	0.993201
400	1.03687
401	1.00143
402	1.01425
403	1.03473
404	0.998265
405	0.929648
406	1.00407
407	1.00401
408	1.01859
409	0.972569
410	0.969302
411	0.99851
412	0.998108
413	0.964838
414	1.01999
415	0.932702
416	0.964451
417	1.0569
418	1.01879
419	0.99677
420	1.06841
421	1.01097
422	0.969176
423	0.992525
424	0.981198
425	1.04226
426	1.03441
427	0.945977
428	1.04123
429	0.968651
430	1.01429
431	0.996795
432	0.975182
433	0.987424
434	0.97494
435	1.01325
436	0.957578
437	0.949977
438	1.05007
439	1.04846
440	1.04945
441	0.981803
442	1.0023
443	0.952454
444	1.02918
445	0.987975
446	1.04966
447	0.980852
448	0.989159
449	0.98994
450	1.0031
451	1.07304
452	1.09618
453	1.02044
454	1.05166
455	1.08407
456	0.971079
457	1.04249
458	1.03328
459	1.00221
460	0.951649
461	0.848138
462	0.962078
463	0.990115
464	1.00432
465	0.984807
466	1.0359
467	1.00644
468	1.01537
469	1.07917
470	0.986417
471	1.00628
472	0.983406
473	0.926927
474	1.01091
475	0.948343
476	0.986723
477	0.986757
478	0.985726
479	1.06707
480	0.979391
481	1.03374
482	1.0388
483	1.0736
484	1.0503
485	1.04424
486	0.991784
487	0.956413
488	0.998438
489	0.986832
490	0.991879
491	1.03234
492	0.941413
493	1.02938
494	1.0147
495	0.984251
496	1.01816
497	0.982532
498	0.935582
499	1.08086
500	0.982483
501	0.992391
502	0.977171
503	0.996223
504	1.02716
505	0.992305
506	1.02231
507	0.985091
508	0.939847
509	0.893892
510	0.978538
511	0.970295
512	0.978696
513	0.995434
514	0.980707
515	1.07086
516	1.02469
517	0.996038
518	1.01921
519	1.0019
520	1.00635
521	0.976622
522	0.96608
523	1.01543
524	0.914338
525	1.03983
526	0.969339
527	1.05069
528	0.977631
529	1.04881
530	1.00801
531	1.09044
532	0.968354
533	1.0332
534	1.0248
535	0.990556
536	1.10335
537	1.05411
538	0.999595
539	0.990919
540	1.05442
541	0.998934
542	0.956132
543	0.962068
544	0.976645
545	1.02407
546	1.0477
547	0.975307
548	0.929194
549	1.01577
550	0.977349
551	1.01617
552	1.02982
553	0.991869
554	1.06863
555	0.935373
556	1.00407
557	0.942287
558	0.912946
559	1.02075
560	1.01891
561	1.04782
562	0.965265
563	1.04148
564	0.972418
565	0.967916
566	1.00299
567	0.956732
568	0.937418
569	1.00805
570	0.907859
571	0.926282
572	0.94908
573	1.06756
574	0.94917
575	1.03482
576	1.00887
577	1.04304
578	1.07429
579	1.07625
580	0.986695
581	1.01652
582	0.961135
583	0.976439
584	1.03695
585	1.00652
586	0.996536
587	0.969078
588	1.01491
589	0.945621
590	0.946971
591	1.00737
592	1.06197
593	0.980203
594	1.00641
595	1.01757
596	1.02888
597	1.01047
598	1.06909
599	0.997536
600	1.0135
601	0.9941
602	0.96972
603	0.96195
604	1.00846
605	1.03783
606	1.00851
607	1.00025
608	1.00545
609	1.05181
610	0.965688
611	0.926889
612	1.0044
613	0.988596
614	1.03398
615	0.960063
616	0.998587
617	1.0403
618	0.974071
619	1.00446
620	1.03513
621	1.11907
622	0.977047
623	0.930816
624	0.987208
625	0.994009
626	0.958317
627	1.00694
628	0.995962
629	1.01746
630	0.964194
631	0.940668
632	1.05022
633	0.954274
634	0.999426
635	0.997304
636	0.989545
637	1.03717
638	1.05566
639	0.959612
640	0.998037
641	0.952554
642	1.02918
643	0.998155
644	1.07412
645	0.993762
646	1.04295
647	0.998539
648	0.996957
649	1.13579
650	1.06102
651	0.994857
652	0.962737
653	0.998558
654	1.01707
655	0.945708
656	1.06899
657	0.983011
658	1.03331
659	0.916032
660	1.01006
661	0.993098
662	1.08532
663	1.00784
664	1.07222
665	0.996999
666	0.978306
667	0.983285
668	1.04822
669	1.02681
670	1.02173
671	1.0855
672	1.04188
673	0.951
674	1.01563
675	1.03411
676	1.02634
677	1.04215
678	0.982445
679	1.02653
680	1.04763
681	1.03278
682	1.09248
683	1.01957
684	1.05281
685	0.994644
686	1.0034
687	0.982368
688	1.03568
689	0.993635
690	1.02976
691	0.993927
692	1.01852
693	1.03625
694	0.93707
695	1.02119
696	1.05667
697	0.986604
698	1.06417
699	0.948995
700	1.04512
701	1.09254
702	1.09565
703	1.03101
704	1.04075
705	1.04822
706	0.981559
707	1.05481
708	1.06372
709	1.01564
710	1.00498
711	1.01161
712	0.968576
713	1.0155
714	1.01481
715	0.982079
716	1.10261
717	1.05485
718	0.963663
719	1.03556
720	0.985341
721	1.03458
722	0.995327
723	0.938371
724	0.98572
725	0.986022
726	1.04082
727	1.08152
728	0.987639
729	0.99933
730	0.997056
731	1.05608
732	1.00734
733	0.959675
734	1.0155
735	0.967332
736	1.06091
737	0.915311
738	0.920812
739	1.00842
740	1.00797
741	1.09192
742	0.993893
743	1.02406
744	0.978711
745	0.967713
746	1.0243
747	1.0029
748	1.00349
749	0.988137
750	0.922205
751	1.01326
752	0.998307
753	0.96307
754	0.995357
755	0.973032
756	1.05214
757	1.04636
758	0.997086
759	0.966516
760	0.995439
761	1.00371
762	1.03961
763	0.981752
764	1.06
765	1.03153
766	1.02748
767	0.995727
768	0.907794
769	1.04873
770	1.01556
771	0.939364
772	1.02213
773	1.00277
774	0.95101
775	0.96981
776	1.00148
777	1.04556
778	0.975121
779	0.942987
780	0.971266
781	0.963128
782	0.968932
783	0.9539
784	1.04975
785	1.02806
786	0.98467
787	0.96327
788	1.05674
789	1.02238
790	1.03393
791	0.989013
792	0.984989
793	0.974793
794	0.988006
795	1.02073
796	1.00137
797	1.03613
798	0.970961
799	1.02106
800	0.985866
801	1.00657
802	1.00311
803	0.958206
804	1.01085
805	0.971362
806	0.933501
807	1.05015
808	0.968081
809	0.925179
810	0.984343
811	1.04822
812	0.968007
813	0.932388
814	1.05766
815	1.0014
816	0.940298
817	1.04377
818	0.982294
819	0.992079
820	0.965361
821	1.02703
822	0.993265
823	1.06022
824	0.970054
825	1.05543
826	0.975026
827	0.994998
828	0.962049
829	1.03573
830	1.01084
831	1.04247
832	1.02577
833	1.07294
834	1.0397
835	1.06688
836	0.964962
837	1.02384
838	0.9533
839	1.01028
840	1.00769
841	0.998729
842	0.960558
843	1.00567
844	1.04533
845	1.07036
846	1.11414
847	1.01058
848	0.940863
849	1.00158
850	0.96303
851	0.968676
852	1.08904
853	1.0299
854	0.997858
855	1.01447
856	1.01455
857	0.946639
858	1.01498
859	1.03716
860	0.95378
861	1.00202
862	1.01877
863	0.987553
864	0.943366
865	1.07252
866	1.03571
867	0.99016
868	1.00109
869	0.993416
870	0.972316
871	0.960446
872	1.07084
873	1.01748
874	0.992995
875	0.95487
876	1.10049
877	1.03726
878	0.919192
879	0.99153
880	1.01646
881	1.03529
882	1.04422
883	1.11874
884	0.966069
885	1.05648
886	0.979427
887	1.00635
888	0.911182
889	0.977442
890	0.983199
891	0.995294
892	0.967959
893	0.908182
894	0.955503
895	1.02239
896	1.05143
897	0.981579
898	1.02263
899	1.03569
900	1.0031
901	1.02749
902	0.988719
903	0.922139
904	1.05448
905	0.934943
906	0.999105
907	0.993034
908	1.02287
909	1.02628
910	0.987768
911	0.990093
912	0.976702
913	1.01566
914	1.07345
915	0.967858
916	0.978625
917	1.06576
918	0.966551
919	0.986561
920	0.970718
921	0.977592
922	0.948781
923	1.05672
924	0.971299
925	1.0211
926	0.973574
927	1.03118
928	1.02646
929	1.06669
930	0.958792
931	1.03229
932	1.01535
933	0.943272
934	1.03741
935	1.0045
936	1.04815
937	1.0256
938	0.996573
939	0.977207
940	0.991998
941	0.964987
942	1.01037
943	0.941427
944	1.04039
945	0.957451
946	0.954901
947	0.965127
948	0.952968
949	1.0305
950	0.98385
951	0.983161
952	0.965707
953	0.974981
954	0.974777
955	0.960691
956	0.985782
957	1.0109
958	1.05553
959	1.01355
960	1.02377
961	0.971383
962	1.00802
963	1.0332
964	1.00292
965	1.07543
966	1.02917
967	0.973946
968	1.01349
969	1.0177
970	1.06591
971	1.01523
972	0.944904
973	0.998508
974	1.04377
975	0.976123
976	0.993918
977	0.976588
978	0.924939
979	1.05124
980	0.981189
981	0.927319
982	1.06116
983	0.928165
984	0.896173
985	0.948082
986	1.0072
987	1.04673
988	0.964434
989	1.00392
990	1.05902
991	0.936966
992	1.0263
993	1.05134
994	1.00265
995	0.979306
996	0.966842
997	1.0459
998	0.964209
999	1.03317
1000	1.04824
1001	0.985872
1002	1.07404
1003	0.963773
1004	1.03503
1005	1.03614
1006	1.00594
1007	1.0687
1008	0.978974
1009	0.952976
1010	0.988241
1011	1.04745
1012	0.981538
1013	1.02642
1014	0.992478
1015	1.01947
1016	0.979744
1017	1.04909
1018	0.989492
1019	0.958878
1020	1.00364
1021	0.985355
1022	0.966228
1023	1.01195
1024	1.01547
1025	0.993026
1026	1.01928
1027	1.04516
1028	1.02734
1029	0.964399
1030	0.976261
1031	0.9729
1032	0.97892
1033	1.00748
1034	1.03811
1035	0.942464
1036	0.965696
1037	0.999294
1038	0.946404
1039	0.979003
1040	0.979734
1041	0.958367
1042	1.01357
1043	0.97913
1044	0.997203
1045	1.03574
1046	1.05002
1047	1.02264
1048	0.994019
1049	0.99289
1050	0.996568
1051	1.06497
1052	1.02741
1053	1.03927
1054	1.0034
1055	1.05685
1056	1.00966
1057	0.968702
1058	0.935778
1059	1.02844
1060	1.00483
1061	0.99286
1062	0.95528
1063	1.08109
1064	0.938264
1065	0.972014
1066	0.991948
1067	1.03036
1068	1.00108
1069	1.00906
1070	0.96033
1071	1.00782
1072	1.14357
1073	0.963355
1074	1.00751
1075	1.00738
1076	1.01404
1077	1.00772
1078	0.92472
1079	1.02597
1080	0.983878
1081	1.00178
1082	1.01716
1083	0.960714
1084	0.967003
1085	1.01762
1086	0.990148
1087	0.989687
1088	1.05445
1089	0.947316
1090	0.912191
1091	1.0439
1092	1.08633
1093	1.03478
1094	1.00832
1095	1.03927
1096	1.02103
1097	1.05054
1098	0.977462
1099	0.997296
1100	1.03817
1101	0.985855
1102	1.02209
1103	0.971869
1104	1.02744
1105	1.0038
1106	1.09118
1107	1.04508
1108	1.01842
1109	1.00356
1110	1.03771
1111	0.960561
1112	1.00051
1113	0.986615
1114	1.04042
1115	0.990716
1116	1.05205
1117	0.924248
1118	1.01693
1119	1.03428
1120	1.01235
1121	0.992134
1122	0.975285
1123	1.01084
1124	0.987293
1125	1.01589
1126	0.994412
1127	0.971039
1128	0.991413
1129	0.997393
1130	0.978645
1131	1.02472
1132	1.02764
1133	0.996636
1134	0.919828
1135	1.02748
1136	1.06344
1137	0.995943
1138	1.0165
1139	0.988003
1140	1.01208
1141	1.03467
1142	0.997895
1143	0.97984
1144	1.00687
1145	0.932615
1146	1.00896
1147	0.995215
1148	0.978607
1149	0.989776
1150	0.92106
1151	0.938782
1152	0.916436
1153	1.0687
1154	0.936136
1155	0.98141
1156	0.917015
1157	1.08173
1158	1.02392
1159	0.957141
1160	0.996806
1161	0.969369
1162	1.04412
1163	0.940288
1164	0.990536
1165	1.01284
1166	0.970256
1167	1.05996
1168	1.02973
1169	1.05092
1170	1.02062
1171	1.05861
1172	1.01067
1173	0.964901
1174	0.99311
1175	1.03833
1176	0.996793
1177	1.02249
1178	1.05849
1179	0.980214
1180	0.973931
1181	0.948977
1182	1.0197
1183	0.991736
1184	0.989433
1185	1.06012
1186	0.974152
1187	1.07461
1188	1.00663
1189	0.955109
1190	0.980241
1191	1.01925
1192	1.01332
1193	0.988829
1194	0.9904
1195	0.965256
1196	0.956985
1197	1.03597
1198	0.977329
1199	0.931577
1200	0.9828
1201	1.06525
1202	0.973907
1203	1.01182
1204	0.981148
1205	1.06621
1206	0.920008
1207	1.03535
1208	1.01485
1209	1.02028
1210	0.980899
1211	1.13369
1212	0.942603
1213	0.979899
1214	0.993105
1215	0.97791
1216	0.931298
1217	0.993152
1218	0.949688
1219	1.02943
1220	1.00319
1221	1.02396
1222	1.0292
1223	0.93282
1224	0.961808
1225	1.02919
1226	1.00477
1227	1.08265
1228	0.978148
1229	1.05767
1230	0.985291
1231	1.01144
1232	0.949122
1233	0.905212
1234	0.961745
1235	0.972215
1236	1.05141
1237	0.922005
1238	1.01513
1239	0.96492
1240	0.901981
1241	1.01014
1242	0.965865
1243	0.990839
1244	0.961215
1245	1.03029
1246	1.02807
1247	1.01351
1248	0.987847
1249	0.925745
1250	1.02466
1251	1.02705
1252	1.01288
1253	1.00235
1254	0.989476
1255	1.0454
1256	0.965804
1257	0.992081
1258	0.981221
1259	1.03178
1260	0.963974
1261	0.942868
1262	1.04208
1263	1.00833
1264	0.996375
1265	1.00813
1266	0.933167
1267	1.02526
1268	0.962737
1269	1.02019
1270	1.02175
1271	1.03958
1272	0.977412
1273	1.04084
1274	0.949494
1275	1.03886
1276	1.0289
1277	0.998854
1278	0.982046
1279	1.00041
1280	0.968576
1281	1.01076
1282	1.03821
1283	1.04465
1284	0.948844
1285	1.0748
1286	0.982044
1287	1.01628
1288	0.949051
1289	1.00202
1290	0.958741
1291	1.0128
1292	1.02172
1293	1.06362
1294	1.05955
1295	0.995209
1296	0.922172
1297	0.973926
1298	0.976714
1299	1.03529
1300	0.962741
1301	0.962871
1302	0.978404
1303	0.991942
1304	1.03021
1305	1.04717
1306	0.981524
1307	0.944782
1308	1.02693
1309	1.03108
1310	1.07291
1311	0.959829
1312	1.04053
1313	0.971401
1314	1.00232
1315	0.969329
1316	0.99364
1317	1.04375
1318	1.04911
1319	1.04065
1320	0.987846
1321	1.01055
1322	0.991352
1323	1.00904
1324	0.987385
1325	1.02004
1326	1.05846
1327	1.03834
1328	1.04119
1329	1.04151
1330	1.00504
1331	0.962461
1332	0.975034
1333	1.01092
1334	1.01817
1335	0.986218
1336	1.00448
1337	0.965317
1338	0.956411
1339	0.959785
1340	0.967409
1341	0.921134
1342	1.00239
1343	1.00506
1344	0.998717
1345	1.0162
1346	0.975413
1347	1.03828
1348	1.05211
1349	0.968294
1350	1.03335
1351	1.04872
1352	0.999206
1353	1.00049
1354	1.03305
1355	1.04634
1356	0.996126
1357	0.991064
1358	1.01797
1359	0.970806
1360	0.968148
1361	1.03219
1362	0.985014
1363	0.987708
1364	0.953363
1365	0.95375
1366	1.02708
1367	1.02384
1368	0.978752
1369	1.09835
1370	0.985357
1371	0.984959
1372	1.0288
1373	0.972454
1374	1.00732
1375	1.00206
1376	0.959612
1377	0.999357
1378	1.04771
1379	0.983891
1380	0.99041
1381	1.00332
1382	0.986013
1383	1.02885
1384	1.00599
1385	1.01137
1386	0.971781
1387	1.03873
1388	0.990303
1389	1.05143
1390	0.981995
1391	1.01137
1392	0.981289
1393	1.00789
1394	1.00749
1395	1
1396	0.993127
1397	1.00591
1398	1.03869
1399	0.987162
1400	0.966184
1401	1.02651
1402	0.947604
1403	0.966425
1404	0.982776
1405	0.962121
1406	1.01455
1407	1.02528
1408	1.07211
1409	1.02797
1410	1.04099
1411	1.02924
1412	1.06203
1413	1.05965
1414	0.966811
1415	1.0691
1416	1.02859
1417	0.95248
1418	0.994328
1419	1.049
1420	1.02457
1421	1.02974
1422	1.06342
1423	0.988141
1424	1.09301
1425	1.03786
1426	0.969117
1427	0.992009
1428	1.0234
1429	0.969374
1430	1.0441
1431	1.09844
1432	1.0142
1433	0.967336
1434	0.987547
1435	1.04773
1436	0.972705
1437	0.99729
1438	0.984096
1439	0.995756
1440	1.04724
1441	1.01715
1442	1.05533
1443	0.992352
1444	1.03539
1445	0.96717
1446	0.978952
1447	1.0659
1448	1.03713
1449	0.941321
1450	0.946081
1451	0.959571
1452	1.0669
1453	1.03675
1454	0.968896
1455	0.946624
1456	1.03074
1457	0.979717
1458	0.948975
1459	0.939332
1460	1.02737
1461	0.974065
1462	0.953134
1463	1.0089
1464	1.0315
1465	0.952064
1466	0.99015
1467	0.990969
1468	0.996499
1469	0.96876
1470	1.0223
1471	1.0157
1472	0.970655
1473	1.04994
1474	0.949808
1475	1.00305
1476	0.982529
1477	1.00323
1478	0.928798
1479	1.06349
1480	1.03703
1481	0.939073
1482	1.01183
1483	1.00369
1484	0.953712
1485	1.01091
1486	0.998339
1487	1.05436
1488	0.947476
1489	1.03019
1490	1.01164
1491	0.993298
1492	0.99395
1493	1.08539
1494	1.0248
1495	0.985131
1496	0.957828
1497	1.01369
1498	1.00856
1499	1.05295
1500	1.03095
1501	1.02075
1502	0.976803
1503	1.10359
1504	1.01487
1505	0.988645
1506	1.09329
1507	0.996421
1508	1.00565
1509	1.00983
1510	1.01365
1511	0.94298
1512	0.985587
1513	1.00219
1514	0.979949
1515	0.932273
1516	0.974216
1517	1.00216
1518	1.00863
1519	0.998147
1520	1.02532
1521	1.02176
1522	1.00791
1523	1.09986
1524	1.05863
1525	1.0134
1526	0.946985
1527	1.03086
1528	1.05708
1529	0.99982
1530	1.04326
1531	1.02721
1532	0.978153
1533	0.998799
1534	1.05958
1535	1.04634
1536	0.992802
1537	0.999047
1538	0.934606
1539	0.941667
1540	0.993414
1541	1.00834
1542	0.95114
1543	1.02286
1544	0.947153
1545	1.03023
1546	1.01795
1547	0.938176
1548	1.05304
1549	1.07991
1550	1.0104
1551	1.01578
1552	0.989922
1553	0.959441
1554	0.978139
1555	1.05701
1556	1.04035
1557	0.983433
1558	0.946106
1559	0.994613
1560	1.00759
1561	1.02603
1562	1.06331
1563	0.937528
1564	1.00699
1565	0.968714
1566	0.980858
1567	0.974187
1568	1.01888
1569	1.01656
1570	1.00432
1571	1.04178
1572	1.04626
1573	0.936014
1574	0.97752
1575	1.00245
1576	0.966953
1577	0.922109
1578	1.00263
1579	1.01108
1580	0.994799
1581	1.00686
1582	0.969871
1583	1.04841
1584	1.00441
1585	1.00243
1586	1.01405
1587	1.01522
1588	1.04082
1589	1.01222
1590	0.937162
1591	1.00887
1592	0.96627
1593	1.059
1594	0.994733
1595	1.0432
1596	1.02412
1597	1.00985
1598	0.999024
1599	0.985086
1600	1.03727
1601	1.04176
1602	1.0239
1603	1.00135
1604	0.992059
1605	1.06225
1606	1.01753
1607	1.01681
1608	1.04897
1609	0.957104
1610	0.999753
1611	1.0513
1612	1.0051
1613	1.01379
1614	1.0721
1615	0.924876
1616	0.986016
1617	0.997905
1618	1.01254
1619	0.967062
1620	1.04058
1621	1.00948
1622	0.984722
1623	1.05863
1624	1.03878
1625	1.00603
1626	1.06331
1627	0.948549
1628	1.00758
1629	0.965156
1630	0.956983
1631	1.06425
1632	1.04543
1633	1.00877
1634	0.995594
1635	1.0059
1636	1.05756
1637	0.986884
1638	0.964848
1639	0.938671
1640	1.0017
1641	1.04413
1642	1.01808
1643	1.01043
1644	1.02054
1645	1.02498
1646	0.966795
1647	1.01247
1648	1.00464
1649	0.926695
1650	0.969365
1651	1.03719
1652	1.02662
1653	0.984482
1654	1.02099
1655	0.974684
1656	1.05794
1657	1.00954
1658	0.966878
1659	1.04999
1660	0.974631
1661	1.02442
1662	0.998757
1663	0.948606
1664	0.985789
1665	0.904124
1666	0.963844
1667	1.02047
1668	1.07878
1669	0.949166
1670	0.952316
1671	0.996151
1672	1.02225
1673	1.03282
1674	0.957114
1675	1.01577
1676	1.02188
1677	0.971176
1678	0.988009
1679	1.03195
1680	0.991677
1681	0.953398
1682	0.999013
1683	1.00283
1684	1.03355
1685	1.0485
1686	1.02442
1687	1.00881
1688	0.983393
1689	1.00296
1690	1.00396
1691	0.940506
1692	1.01441
1693	1.03561
1694	1.0161
1695	0.980466
1696	1.02571
1697	1.05067
1698	0.987637
1699	0.985524
1700	0.989418
1701	1.06327
1702	0.924052
1703	0.93267
1704	1.03507
1705	1.03227
1706	0.969044
1707	0.958034
1708	1.00117
1709	0.905492
1710	0.991306
1711	0.995598
1712	0.942729
1713	0.950796
1714	0.959969
1715	1.0247
1716	0.990367
1717	0.997704
1718	0.990982
1719	1.00393
1720	1.04824
1721	0.939428
1722	0.959371
1723	1.01664
1724	1.0067
1725	1.00515
1726	0.993607
1727	1.05717
1728	1.03223
1729	0.971333
1730	1.00793
1731	0.962575
1732	0.998753
1733	1.01176
1734	0.949136
1735	1.06069
1736	0.98264
1737	1.02594
1738	1.04429
1739	0.982504
1740	1.00034
1741	1.03179
1742	1.02527
1743	1.0084
1744	0.981386
1745	1.06562
1746	1.03595
1747	1.00412
1748	0.966272
1749	0.997343
1750	1.01522
1751	1.04942
1752	0.939894
1753	1.01178
1754	0.976926
1755	1.02831
1756	1.02587
1757	0.929081
1758	1.03166
1759	1.01192
1760	0.997291
1761	1.01977
1762	0.94407
1763	0.920852
1764	0.995017
1765	0.991908
1766	1.04682
1767	1.04172
1768	1.01124
1769	1.00776
1770	1.02407
1771	1.03935
1772	1.09152
1773	1.0219
1774	1.06487
1775	1.02597
1776	1.01432
1777	1.00002
1778	1.02557
1779	1.05079
1780	0.988697
1781	1.00459
1782	0.994662
1783	0.974367
1784	0.957128
1785	1.04436
1786	0.955272
1787	1.00231
1788	1.01427
1789	0.956601
1790	1.03727
1791	0.944403
1792	1.03072
1793	0.956967
1794	1.03091
1795	0.916221
1796	0.948556
1797	1.01457
1798	0.949792
1799	0.994263
1800	0.944746
1801	1.0226
1802	0.87909
1803	0.989173
1804	1.09492
1805	0.963906
1806	1.04451
1807	0.99383
1808	1.03212
1809	1.03174
1810	0.975316
1811	0.95683
1812	1.03089
1813	0.991763
1814	0.97537
1815	1.00003
1816	0.95395
1817	1.00759
1818	1.0243
1819	1.02543
1820	1.07664
1821	0.932473
1822	0.973859
1823	1.04638
1824	1.0779
1825	0.891624
1826	1.05945
1827	0.944723
1828	0.989576
1829	1.01018
1830	1.00664
1831	0.981367
1832	0.962883
1833	1.00012
1834	0.991818
1835	1.07805
1836	1.03262
1837	0.982192
1838	1.00878
1839	0.964094
1840	1.00785
1841	0.997879
1842	0.970506
1843	1.00509
1844	1.00928
1845	1.00308
1846	0.985767
1847	1.03249
1848	0.99565
1849	1.00708
1850	0.990659
1851	1.00786
1852	0.935003
1853	1.02688
1854	0.942584
1855	1.0797
1856	1.04405
1857	0.955716
1858	0.999454
1859	0.92912
1860	0.953777
1861	0.978604
1862	1.00631
1863	0.969712
1864	1.03472
1865	1.03539
1866	0.996051
1867	0.956075
1868	1.0036
1869	1.00706
1870	1.02172
1871	0.963446
1872	1.08978
1873	0.944489
1874	0.974678
1875	1.09301
1876	0.985862
1877	1.04532
1878	1.0007
1879	0.922637
1880	1.00715
1881	0.965356
1882	1.03065
1883	1.0054
1884	1.04627
1885	1.07665
1886	0.994467
1887	0.952815
1888	0.986103
1889	0.997084
1890	0.980267
1891	1.01424
1892	0.993226
1893	1.00623
1894	0.997887
1895	0.985728
1896	1.02601
1897	1.02538
1898	1.0064
1899	1.06412
1900	0.974571
1901	0.984928
1902	0.959274
1903	1.02961
1904	0.966749
1905	1.02198
1906	1.03395
1907	0.945365
1908	0.993369
1909	1.02911
1910	0.928046
1911	0.992856
1912	1.02112
1913	0.988007
1914	1.03766
1915	0.981909
1916	1.02012
1917	1.00188
1918	0.910434
1919	0.991628
1920	1.01956
1921	0.975012
1922	1.02296
1923	0.976161
1924	0.974676
1925	0.958089
1926	1.06655
1927	1.06222
1928	0.972744
1929	1.01404
1930	0.999512
1931	0.944401
1932	1.00513
1933	0.981212
1934	1.10318
1935	0.97749
1936	0.976003
1937	1.012
1938	1.01455
1939	0.998802
1940	1.07208
1941	1.04134
1942	0.97522
1943	0.930576
1944	0.980615
1945	1.00227
1946	0.988076
1947	0.993507
1948	1.01445
1949	1.0238
1950	1.02561
1951	0.968519
1952	1.03902
1953	0.996292
1954	1.0292
1955	1.04472
1956	1.1274
1957	0.990034
1958	1.00867
1959	0.984663
1960	0.940887
1961	0.986405
1962	0.942621
1963	1.05175
1964	1.04301
1965	1.07619
1966	0.972952
1967	0.985406
1968	0.997404
1969	0.984052
1970	1.10324
1971	1.00052
1972	0.956352
1973	0.983719
1974	1.05486
1975	0.927917
1976	0.949031
1977	1.01817
1978	0.939264
1979	0.980334
1980	0.977559
1981	1.00881
1982	1.06243
1983	1.01125
1984	0.88647
1985	1.03784
1986	0.987751
1987	0.967405
1988	0.935124
1989	1.05549
1990	0.9869
1991	1.05318
1992	0.966602
1993	0.982124
1994	0.930188
1995	0.960401
1996	1.05514
1997	0.908356
1998	1.04509
1999	0.922689
2000	0.975802
2001	1.00024
2002	1.0078
2003	0.982187
2004	0.946828
2005	1.04402
2006	1.03281
2007	1.02756
2008	0.919554
2009	0.968576
2010	1.01649
2011	1.04569
2012	1.08735
2013	1.0071
2014	0.995371
2015	0.951015
2016	0.986261
2017	1.03894
2018	1.0037
2019	1.02996
2020	1.04048
2021	0.948504
2022	1.00353
2023	0.996146
2024	1.04295
2025	1.0109
2026	0.976637
2027	1.002
2028	1.03775
2029	0.981495
2030	0.971591
2031	1.06535
2032	0.965862
2033	0.980726
2034	0.946305
2035	1.00246
2036	1.00308
2037	1.00787
2038	1.01541
2039	1.02077
2040	0.976719
2041	1.01626
2042	1.01492
2043	1.05128
2044	0.98261
2045	1.03475
2046	1.04272
2047	1.06513
2048	1.01378
2049	0.913205
2050	0.958737
2051	0.98795
2052	0.999506
2053	1.03377
2054	1.01065
2055	1.0033
2056	1.02666
2057	1.0362
2058	1.01796
2059	1.01542
2060	0.991172
2061	1.02664
2062	1.01729
2063	1.05058
2064	0.94353
2065	1.04381
2066	1.04091
2067	0.949101
2068	0.923282
2069	1.05145
2070	0.978347
2071	1.02336
2072	1.02901
2073	0.939328
2074	0.941773
2075	0.939784
2076	1.01338
2077	1.06388
2078	1.0924
2079	0.94306
2080	1.06733
2081	0.906284
2082	1.00975
2083	1.03394
2084	0.999778
2085	1.00292
2086	0.986994
2087	1.00456
2088	1.00616
2089	1.01748
2090	0.99497
2091	1.00323
2092	1.00912
2093	0.963648
2094	0.93678
2095	0.994924
2096	0.998691
2097	0.934758
2098	1.06215
2099	0.990755
2100	1.05482
2101	1.02706
2102	1.00189
2103	1.05867
2104	1.00643
2105	1.01123
2106	0.884429
2107	0.975806
2108	0.965876
2109	0.90137
2110	0.955116
2111	0.959135
2112	0.975342
2113	1.02718
2114	1.02077
2115	1.03119
2116	1.05546
2117	0.956258
2118	1.00851
2119	1.0304
2120	1.01907
2121	0.983179
2122	0.968158
2123	1.02531
2124	1.08783
2125	1.00266
2126	1.00968
2127	0.998281
2128	1.02371
2129	0.993957
2130	0.928269
2131	0.933749
2132	1.0339
2133	1.01865
2134	1.00975
2135	0.958974
2136	1.02091
2137	1.01463
2138	1.00254
2139	1.03635
2140	0.984803
2141	0.999159
2142	0.996008
2143	1.07967
2144	1.02985
2145	0.967304
2146	1.04294
2147	1.07687
2148	1.065
2149	1.0241
2150	1.02245
2151	0.960249
2152	0.963124
2153	1.00039
2154	0.99653
2155	0.889948
2156	1.06174
2157	1.02831
2158	0.990207
2159	0.994478
2160	0.99156
2161	1.00905
2162	1.00651
2163	1.03066
2164	1.02299
2165	0.973312
2166	0.954246
2167	1.00312
2168	1.02178
2169	1.01794
2170	1.01922
2171	0.965998
2172	0.974552
2173	0.965965
2174	1.05031
2175	0.913284
2176	0.948445
2177	0.937475
2178	0.96806
2179	0.962057
2180	0.965495
2181	1.06296
2182	0.978931
2183	1.03382
2184	0.977471
2185	0.973255
2186	1.03178
2187	1.00123
2188	0.978266
2189	0.986379
2190	0.963999
2191	0.96593
2192	0.949016
2193	0.96736
2194	1.02408
2195	0.908295
2196	1.05122
2197	1.01143
2198	0.98153
2199	0.983651
2200	0.957239
2201	0.995284
2202	0.957205
2203	1.03156
2204	1.04411
2205	1.00326
2206	0.996853
2207	1.00192
2208	1.01541
2209	0.997892
2210	1.0268
2211	0.987697
2212	1.01705
2213	0.956199
2214	0.972228
2215	0.969286
2216	0.978887
2217	0.957672
2218	0.990217
2219	0.931141
2220	1.03964
2221	1.03908
2222	1.01583
2223	1.02411
2224	0.9588
2225	0.976795
2226	1.00157
2227	0.974374
2228	0.970345
2229	0.949688
2230	0.977837
2231	0.968165
2232	1.03644
2233	1.09429
2234	0.897052
2235	1.02584
2236	1.06364
2237	0.948744
2238	1.03368
2239	1.04289
2240	1.04068
2241	0.967041
2242	1.01853
2243	1.09119
2244	1.03568
2245	0.950324
2246	0.917322
2247	1.00037
2248	0.941224
2249	0.980932
2250	0.987242
2251	1.01462
2252	0.992021
2253	0.999437
2254	0.939986
2255	1.01949
2256	0.992353
2257	1.01298
2258	0.992795
2259	0.993535
2260	1.05919
2261	0.974064
2262	1.03497
2263	1.03709
2264	0.944739
2265	1.01131
2266	1.02236
2267	0.99783
2268	1.04577
2269	0.92554
2270	1.04707
2271	1.01591
2272	1.08837
2273	0.936404
2274	1.02105
2275	1.00516
2276	1.01856
2277	1.0239
2278	1.0592
2279	1.05613
2280	0.901234
2281	1.01878
2282	1.00845
2283	0.929343
2284	1.03008
2285	0.960764
2286	1.03538
2287	1.01745
2288	1.03205
2289	1.02664
2290	1.028
2291	1.04774
2292	0.997845
2293	0.937306
2294	1.03137
2295	1.0497
2296	1.05957
2297	0.971548
2298	0.93312
2299	0.990017
2300	1.01247
2301	0.987642
2302	0.973211
2303	0.982001
2304	1.04063
2305	1.06455
2306	0.984884
2307	1.06138
2308	1.03737
2309	1.01678
2310	1.03716
2311	1.07202
2312	0.951228
2313	0.936912
2314	1.04985
2315	0.944977
2316	1.01512
2317	1.05659
2318	0.997455
2319	0.987164
2320	1.05192
2321	1.01573
2322	0.963777
2323	1.00159
2324	1.03284
2325	1.02864
2326	1.02339
2327	0.978759
2328	0.956838
2329	0.941069
2330	0.966506
2331	0.968656
2332	0.972057
2333	1.11938
2334	1.05129
2335	0.973781
2336	1.02662
2337	0.93013
2338	1.00861
2339	1.00291
2340	0.935006
2341	0.972337
2342	1.0242
2343	1.0125
2344	0.940745
2345	1.02027
2346	0.976932
2347	1.0765
2348	0.996969
2349	0.979952
2350	0.939166
2351	1.02485
2352	1.00352
2353	1.02023
2354	0.995622
2355	1.06689
2356	0.919194
2357	0.991974
2358	1.00012
2359	0.951877
2360	1.00806
2361	0.968493
2362	1.01065
2363	1.08187
2364	0.935899
2365	1.02792
2366	1.00826
2367	1.02916
2368	1.03628
2369	1.04512
2370	1.0117
2371	1.00955
2372	1.02041
2373	0.934124
2374	0.943017
2375	0.962472
2376	0.928746
2377	0.935311
2378	0.956277
2379	1.03565
2380	1.05123
2381	0.997414
2382	0.91238
2383	0.982228
2384	0.96869
2385	1.05487
2386	0.988361
2387	1.0391
2388	0.970925
2389	1.03409
2390	1.13007
2391	1.00866
2392	0.964704
2393	0.968667
2394	1.0689
2395	1.00236
2396	0.962099
2397	1.03133
2398	1.09099
2399	1.02615
2400	0.953219
2401	1.00615
2402	1.02385
2403	1.01421
2404	1.05977
2405	0.976471
2406	0.995737
2407	0.893822
2408	1.04729
2409	0.999991
2410	1.04085
2411	1.04363
2412	0.987396
2413	0.993094
2414	0.98481
2415	0.982584
2416	1.03701
2417	1.01216
2418	0.996038
2419	0.976695
2420	0.968701
2421	1.022
2422	0.985838
2423	1.02153
2424	1.05414
2425	0.954203
2426	1.00055
2427	1.03498
2428	1.08174
2429	1.01344
2430	0.98233
2431	0.990192
2432	1.02713
2433	0.966216
2434	0.972478
2435	1.00401
2436	1.01562
2437	0.997482
2438	1.03772
2439	1.05387
2440	1.05571
2441	1.01874
2442	0.954697
2443	1.00397
2444	0.967099
2445	0.961245
2446	1.0272
2447	1.0183
2448	0.918539
2449	0.956096
2450	0.961136
2451	1.02357
2452	0.977504
2453	1.01314
2454	0.970222
2455	0.992492
2456	0.974585
2457	0.964995
2458	1.02403
2459	0.981007
2460	0.974858
2461	0.994048
2462	0.987807
2463	0.993248
2464	1.07516
2465	0.987151
2466	0.947198
2467	1.03002
2468	0.971672
2469	1.02852
2470	1.05379
2471	0.988147
2472	1.00138
2473	1.02327
2474	1.02552
2475	1.02061
2476	1.02924
2477	1.01603
2478	1.05088
2479	1.04357
2480	1.00305
2481	1.02287
2482	1.02843
2483	1.03394
2484	0.95674
2485	1.04252
2486	1.0456
2487	0.969457
2488	1.01694
2489	1.04966
2490	1.03796
2491	1.06358
2492	1.00757
2493	1.0035
2494	1.03855
2495	0.991098
2496	0.962296
2497	1.07742
2498	0.975995
2499	0.960421
2500	0.95328
2501	0.983534
2502	0.989778
2503	0.96945
2504	1.0321
2505	0.997642
2506	1.04134
2507	1.02085
2508	0.972023
2509	0.973863
2510	0.997002
2511	0.99037
2512	0.921709
2513	0.980134
2514	0.944952
2515	0.957635
2516	0.974438
2517	1.0345
2518	0.928297
2519	1.03473
2520	1.00721
2521	1.00202
2522	0.998001
2523	1.03578
2524	1.00977
2525	0.971973
2526	1.0459
2527	1.04213
2528	1.0128
2529	0.944678
2530	0.965435
2531	0.983423
2532	1.0067
2533	1.05058
2534	0.968186
2535	1.00304
2536	1.05105
2537	1.02965
2538	0.992434
2539	0.997428
2540	1.02733
2541	0.999715
2542	0.975416
2543	1.00804
2544	1.01933
2545	1.06035
2546	0.946377
2547	1.02528
2548	0.961324
2549	1.01695
2550	1.0308
2551	1.00011
2552	1.03814
2553	0.956632
2554	0.979786
2555	1.00811
2556	0.982987
2557	0.932587
2558	0.981634
2559	0.949892
2560	1.05408
2561	1.0102
2562	1.01085
2563	0.955466
2564	1.02868
2565	0.907802
2566	0.966335
2567	0.955533
2568	1.01612
2569	1.00087
2570	1.04478
2571	1.01203
2572	1.07266
2573	1.04508
2574	0.914869
2575	0.991833
2576	1.05571
2577	0.998175
2578	1.03729
2579	0.978232
2580	1.01485
2581	1.00049
2582	0.986328
2583	1.00054
2584	0.971008
2585	0.993882
2586	0.953214
2587	0.985135
2588	0.998726
2589	0.976601
2590	1.05851
2591	0.93806
2592	0.959904
2593	0.987861
2594	1.02848
2595	0.947216
2596	1.01014
2597	1.03976
2598	0.996004
2599	0.944121
2600	0.978887
2601	0.995405
2602	0.973246
2603	1.05273
2604	0.993124
2605	1.02062
2606	1.01939
2607	1.07248
2608	1.04806
2609	0.980966
2610	1.01113
2611	1.04155
2612	1.03602
2613	1.04649
2614	1.03591
2615	1.04685
2616	1.00595
2617	0.985581
2618	1.01793
2619	0.998268
2620	1.00456
2621	1.06078
2622	0.969913
2623	0.96262
2624	1.03919
2625	1.02655
2626	1.06321
2627	0.997627
2628	1.02684
2629	1.0183
2630	0.982076
2631	0.956419
2632	1.02268
2633	0.937789
2634	1.04172
2635	0.96602
2636	1.02973
2637	1.00796
2638	0.941237
2639	1.0066
2640	1.0082
2641	0.982263
2642	0.96603
2643	1.02092
2644	0.947599
2645	1.06485
2646	1.0255
2647	1.05444
2648	1.03258
2649	0.993322
2650	1.02419
2651	1.04652
2652	1.01353
2653	0.900012
2654	1.01471
2655	0.973557
2656	0.976585
2657	1.00698
2658	0.98725
2659	1.01987
2660	1.03603
2661	0.983434
2662	1.0535
2663	0.987426
2664	1.04015
2665	0.957787
2666	0.947118
2667	1.03366
2668	0.938905
2669	0.96666
2670	1.00775
2671	0.977227
2672	0.92077
2673	0.997852
2674	1.05402
2675	1.00526
2676	0.978034
2677	0.991993
2678	1.02155
2679	1.06011
2680	1.01905
2681	1.02536
2682	1.02062
2683	1.01071
2684	0.959102
2685	1.0744
2686	0.964526
2687	0.95112
2688	0.983122
2689	1.0137
2690	1.08993
2691	0.977202
2692	1.07458
2693	0.95891
2694	0.965944
2695	0.962748
2696	0.957425
2697	1.03049
2698	0.993262
2699	1.04279
2700	1.07909
2701	0.987043
2702	0.988183
2703	1.00516
2704	0.962512
2705	1.05276
2706	1.01407
2707	1.00302
2708	0.972506
2709	1.01561
2710	1.01558
2711	1.08204
2712	1.03934
2713	0.9476
2714	1.02006
2715	0.994777
