0	1.04995
1	0.978262
2	1.03909
3	0.998497
4	1.04121
5	0.997164
6	0.954956
7	0.996265
8	1.0004
9	0.979462
10	1.06956
11	0.950747
12	0.997553
13	0.927833
14	0.946967
15	0.930585
16	1.03837
17	0.963198
18	1.02899
19	0.980893
20	1.10305
21	0.938259
22	1.05827
23	0.97729
24	0.993261
25	0.975018
26	0.990878
27	1.09222
28	0.987858
29	1.09984
30	1.00024
31	0.978891
32	1.07703
33	1.00474
34	1.07623
35	1.06084
36	0.993185
37	0.990039
38	0.985312
39	0.994082
40	0.941986
41	1.00062
42	1.0011
43	0.996437
44	0.933919
45	1.08722
46	0.983381
47	0.987636
48	0.940989
49	0.940478
50	0.899512
51	1.06692
52	1.02441
53	1.01482
54	1.0122
55	0.945383
56	0.970045
57	0.960604
58	0.870993
59	0.939176
60	0.937836
61	0.988106
62	1.09002
63	0.976556
64	0.888171
65	0.98507
66	1.08905
67	0.9557
68	1.01282
69	0.981575
70	0.964223
71	0.980659
72	0.984949
73	0.993634
74	1.04266
75	1.02276
76	0.998444
77	1.05995
78	1.01796
79	0.972072
80	1.04662
81	1.06953
82	1.04893
83	0.955268
84	1.01389
85	0.962368
86	0.969159
87	0.935074
88	1.04932
89	1.01515
90	0.92574
91	1.06721
92	1.01102
93	0.991082
94	0.983404
95	1.01841
96	0.977523
97	1.07537
98	0.99792
99	1.0041
100	1.05567
101	1.04603
102	0.929733
103	1.01535
104	0.984446
105	0.969399
106	1.09254
107	1.0017
108	0.995361
109	0.976318
110	1.04191
111	0.916394
112	0.900231
113	1.0229
114	0.903475
115	0.948818
116	0.968679
117	0.994202
118	0.970202
119	1.04293
120	0.889274
121	0.990702
122	0.963204
123	0.984455
124	1.04048
125	0.921906
126	1.06305
127	0.981955
128	1.05589
129	1.01862
130	0.999032
131	0.954584
132	0.928763
133	1.07051
134	0.948022
135	0.988462
136	0.912601
137	0.938211
138	1.00979
139	0.978253
140	1.05642
141	0.984073
142	0.975476
143	0.875283
144	0.98668
145	1.11197
146	0.984175
147	0.992279
148	1.04579
149	0.987344
150	0.958503
151	0.984046
152	1.04077
153	0.966975
154	1.00257
155	1.03215
156	0.979528
157	0.982011
158	0.962838
159	1.0403
160	0.983506
161	1.04005
162	1.01193
163	1.04108
164	1.04695
165	1.06551
166	0.886898
167	0.96466
168	0.986278
169	1.09257
170	1.0675
171	0.975253
172	0.927904
173	0.902067
174	1.10109
175	1.03008
176	0.995991
177	0.90823
178	1.00059
179	0.930902
180	0.962616
181	0.981782
182	0.889844
183	1.06821
184	0.969915
185	0.878308
186	0.976688
187	1.01529
188	0.988181
189	0.965323
190	0.981749
191	0.957909
192	0.918063
193	1.05088
194	0.961906
195	0.975148
196	0.966283
197	1.11124
198	1.02602
199	1.00278
200	0.967154
201	0.922899
202	0.911353
203	0.987689
204	1.02367
205	1.04999
206	0.998298
207	0.879961
208	1.02986
209	1.05233
210	0.996084
211	0.94632
212	1.00375
213	1.01639
214	0.941816
215	0.965248
216	1.00316
217	1.01109
218	0.937763
219	1.00752
220	1.01536
221	0.973872
222	1.04937
223	1.06079
224	1.01836
225	0.946664
226	0.989336
227	1.0009
228	0.919952
229	0.982375
230	1.01148
231	1.01018
232	1.09625
233	1.00472
234	1.01993
235	1.06748
236	1.03876
237	0.958014
238	0.990178
239	1.01483
240	0.942296
241	1.03854
242	0.992465
243	1.04208
244	0.936797
245	1.10633
246	1.05454
247	1.00957
248	1.04349
249	1.04994
250	1.03908
251	0.94933
252	1.08259
253	1.10804
254	1.02731
255	1.05931
256	0.957848
257	1.00029
258	1.01189
259	0.953494
260	1.05106
261	0.949995
262	1.02917
263	0.998265
264	1.06233
265	1.05672
266	0.895714
267	0.976827
268	0.945219
269	1.02139
270	0.982015
271	0.968438
272	1.02953
273	0.980834
274	1.01989
275	1.01085
276	1.06588
277	1.06371
278	1.02737
279	1
280	1.06511
281	1.01944
282	1.00358
283	0.984888
284	0.996158
285	1.03687
286	0.980766
287	1.06122
288	0.962101
289	0.927938
290	1.00193
291	1.01091
292	1.01438
293	0.961434
294	1.00915
295	1.04222
296	1.05034
297	0.997503
298	0.910421
299	1.00326
300	1.01557
301	1.03299
302	1.01396
303	0.923287
304	0.980653
305	1.00182
306	0.980977
307	0.878548
308	1.1168
309	1.03286
310	0.937879
311	1.04301
312	0.98748
313	1.08698
314	0.926181
315	1.02103
316	0.943966
317	1.11406
318	1.04857
319	1.07351
320	1.03018
321	1.06829
322	0.923381
323	1.07477
324	0.964824
325	0.880734
326	1.01982
327	1.01536
328	0.982241
329	1.0397
330	1.08833
331	1.03606
332	1.05152
333	0.929612
334	1.01459
335	0.950155
336	0.889635
337	0.984252
338	1.02123
339	0.916761
340	1.05478
341	0.928265
342	1.005
343	1.0607
344	1.13538
345	1.03153
346	0.982783
347	0.935748
348	1.09194
349	0.980838
350	1.02343
351	1.07113
352	1.05135
353	1.0258
354	0.985428
355	0.9582
356	0.986087
357	0.976399
358	0.942114
359	1.0217
360	0.997174
361	1.00199
362	1.0168
363	1.02665
364	1.00316
365	1.11854
366	0.918432
367	0.983123
368	0.926716
369	1.04744
370	0.999464
371	0.998055
372	1.02765
373	0.941938
374	0.927302
375	1.10511
376	0.947616
377	1.00312
378	1.06225
379	0.86838
380	1.06574
381	1.01409
382	1.03691
383	1.01397
384	0.852847
385	1.00387
386	0.949307
387	1.01755
388	1.03333
389	0.96901
390	0.995259
391	1.05097
392	1.04646
393	0.979159
394	0.917386
395	1.00032
396	1.0009
397	0.996047
398	0.960717
399	0.991502
400	1.04609
401	1.00179
402	1.01781
403	1.04341
404	0.997831
405	0.91206
406	1.00508
407	1.00501
408	1.02324
409	0.965711
410	0.961628
411	0.998138
412	0.997635
413	0.956048
414	1.02499
415	0.915877
416	0.955563
417	1.07112
418	1.02349
419	0.995963
420	1.08551
421	1.01371
422	0.961469
423	0.990656
424	0.976497
425	1.05283
426	1.04301
427	0.932472
428	1.05153
429	0.960814
430	1.01786
431	0.995994
432	0.968977
433	0.984281
434	0.968675
435	1.01657
436	0.946972
437	0.937472
438	1.06258
439	1.06058
440	1.06181
441	0.977254
442	1.00288
443	0.940568
444	1.03647
445	0.984968
446	1.06207
447	0.976065
448	0.986448
449	0.987424
450	1.00387
451	1.0913
452	1.12022
453	1.02555
454	1.06458
455	1.10508
456	0.963849
457	1.05311
458	1.0416
459	1.00277
460	0.939561
461	0.810173
462	0.952597
463	0.987644
464	1.0054
465	0.981008
466	1.04487
467	1.00805
468	1.01922
469	1.09897
470	0.983021
471	1.00786
472	0.979257
473	0.908659
474	1.01364
475	0.935428
476	0.983403
477	0.983446
478	0.982158
479	1.08384
480	0.974239
481	1.04217
482	1.04849
483	1.092
484	1.06287
485	1.0553
486	0.98973
487	0.945516
488	0.998048
489	0.98354
490	0.989849
491	1.04043
492	0.926766
493	1.03673
494	1.01837
495	0.980314
496	1.02271
497	0.978165
498	0.919477
499	1.10107
500	0.978103
501	0.990489
502	0.971464
503	0.995279
504	1.03395
505	0.990381
506	1.02788
507	0.981364
508	0.924809
509	0.867366
510	0.973173
511	0.962869
512	0.97337
513	0.994293
514	0.975883
515	1.08857
516	1.03087
517	0.995048
518	1.02401
519	1.00237
520	1.00794
521	0.970777
522	0.9576
523	1.01929
524	0.892922
525	1.04979
526	0.961674
527	1.06337
528	0.972039
529	1.06102
530	1.01001
531	1.11305
532	0.960443
533	1.0415
534	1.031
535	0.988195
536	1.12919
537	1.06764
538	0.999493
539	0.988649
540	1.06802
541	0.998668
542	0.945164
543	0.952585
544	0.970806
545	1.03008
546	1.05962
547	0.969134
548	0.911493
549	1.01971
550	0.971687
551	1.02022
552	1.03727
553	0.989836
554	1.08579
555	0.919216
556	1.00508
557	0.927859
558	0.891182
559	1.02593
560	1.02364
561	1.05977
562	0.956581
563	1.05185
564	0.965523
565	0.959894
566	1.00374
567	0.945914
568	0.921772
569	1.01006
570	0.884824
571	0.907852
572	0.93635
573	1.08445
574	0.936462
575	1.04352
576	1.01109
577	1.0538
578	1.09287
579	1.09532
580	0.983368
581	1.02065
582	0.951418
583	0.970548
584	1.04619
585	1.00815
586	0.99567
587	0.961347
588	1.01864
589	0.932026
590	0.933714
591	1.00921
592	1.07746
593	0.975253
594	1.00801
595	1.02196
596	1.0361
597	1.01309
598	1.08636
599	0.99692
600	1.01688
601	0.992626
602	0.96215
603	0.952438
604	1.01058
605	1.04729
606	1.01064
607	1.00032
608	1.00681
609	1.06476
610	0.95711
611	0.908611
612	1.0055
613	0.985745
614	1.04248
615	0.950079
616	0.998234
617	1.05037
618	0.967588
619	1.00557
620	1.04391
621	1.14883
622	0.971308
623	0.91352
624	0.98401
625	0.992511
626	0.947897
627	1.00868
628	0.994953
629	1.02182
630	0.955243
631	0.925835
632	1.06278
633	0.942842
634	0.999282
635	0.99663
636	0.986931
637	1.04646
638	1.06958
639	0.949515
640	0.997546
641	0.940692
642	1.03647
643	0.997694
644	1.09265
645	0.992203
646	1.05369
647	0.998173
648	0.996196
649	1.16974
650	1.07628
651	0.993572
652	0.953422
653	0.998197
654	1.02133
655	0.932134
656	1.08624
657	0.978764
658	1.04163
659	0.895039
660	1.01257
661	0.991372
662	1.10665
663	1.0098
664	1.09028
665	0.996249
666	0.972882
667	0.979106
668	1.06027
669	1.03351
670	1.02716
671	1.10688
672	1.05235
673	0.93875
674	1.01954
675	1.04264
676	1.03292
677	1.05269
678	0.978057
679	1.03316
680	1.05954
681	1.04097
682	1.1156
683	1.02446
684	1.06601
685	0.993304
686	1.00425
687	0.97796
688	1.0446
689	0.992044
690	1.0372
691	0.992409
692	1.02314
693	1.04532
694	0.921338
695	1.02649
696	1.07084
697	0.983256
698	1.08022
699	0.936244
700	1.0564
701	1.11568
702	1.11956
703	1.03876
704	1.05094
705	1.06028
706	0.976949
707	1.06852
708	1.07965
709	1.01955
710	1.00622
711	1.01452
712	0.96072
713	1.01938
714	1.01851
715	0.977599
716	1.12826
717	1.06856
718	0.954579
719	1.04445
720	0.981676
721	1.04323
722	0.994159
723	0.922964
724	0.98215
725	0.982528
726	1.05102
727	1.1019
728	0.984549
729	0.999162
730	0.996321
731	1.0701
732	1.00918
733	0.949594
734	1.01937
735	0.959165
736	1.07614
737	0.894139
738	0.901015
739	1.01052
740	1.00996
741	1.11489
742	0.992367
743	1.03008
744	0.973389
745	0.959641
746	1.03038
747	1.00363
748	1.00436
749	0.985172
750	0.902756
751	1.01657
752	0.997883
753	0.953838
754	0.994196
755	0.966289
756	1.06517
757	1.05795
758	0.996357
759	0.958144
760	0.994299
761	1.00463
762	1.04951
763	0.97719
764	1.075
765	1.03941
766	1.03434
767	0.994659
768	0.884743
769	1.06091
770	1.01945
771	0.924205
772	1.02766
773	1.00346
774	0.938763
775	0.962262
776	1.00186
777	1.05696
778	0.968901
779	0.928733
780	0.964083
781	0.953911
782	0.961165
783	0.942375
784	1.06219
785	1.03508
786	0.980838
787	0.954088
788	1.07093
789	1.02797
790	1.04241
791	0.986267
792	0.981236
793	0.968491
794	0.985008
795	1.02591
796	1.00172
797	1.04516
798	0.963701
799	1.02632
800	0.982332
801	1.00821
802	1.00389
803	0.947758
804	1.01357
805	0.964203
806	0.916876
807	1.06269
808	0.960101
809	0.906474
810	0.980429
811	1.06027
812	0.960009
813	0.915485
814	1.07208
815	1.00175
816	0.925372
817	1.05471
818	0.977867
819	0.990099
820	0.956701
821	1.03378
822	0.991581
823	1.07528
824	0.962567
825	1.06929
826	0.968782
827	0.993747
828	0.952561
829	1.04466
830	1.01355
831	1.05309
832	1.03222
833	1.09117
834	1.04962
835	1.0836
836	0.956203
837	1.02979
838	0.941625
839	1.01285
840	1.00961
841	0.998411
842	0.950697
843	1.00709
844	1.05667
845	1.08796
846	1.14267
847	1.01322
848	0.926079
849	1.00198
850	0.953788
851	0.960845
852	1.1113
853	1.03738
854	0.997322
855	1.01809
856	1.01818
857	0.933299
858	1.01873
859	1.04645
860	0.942226
861	1.00253
862	1.02346
863	0.984442
864	0.929208
865	1.09065
866	1.04464
867	0.9877
868	1.00136
869	0.991771
870	0.965394
871	0.950557
872	1.08855
873	1.02185
874	0.991244
875	0.943588
876	1.12561
877	1.04657
878	0.89899
879	0.989413
880	1.02058
881	1.04412
882	1.05527
883	1.14843
884	0.957586
885	1.0706
886	0.974283
887	1.00793
888	0.888978
889	0.971803
890	0.978999
891	0.994118
892	0.959948
893	0.885228
894	0.944379
895	1.02799
896	1.06429
897	0.976974
898	1.02829
899	1.04462
900	1.00387
901	1.03436
902	0.985898
903	0.902674
904	1.0681
905	0.918679
906	0.998881
907	0.991292
908	1.02859
909	1.03284
910	0.98471
911	0.987616
912	0.970877
913	1.01958
914	1.09182
915	0.959823
916	0.973281
917	1.08221
918	0.958188
919	0.983202
920	0.963397
921	0.97199
922	0.935976
923	1.0709
924	0.964124
925	1.02638
926	0.966967
927	1.03897
928	1.03308
929	1.08336
930	0.948489
931	1.04036
932	1.01918
933	0.929091
934	1.04676
935	1.00563
936	1.06018
937	1.032
938	0.995716
939	0.971509
940	0.989997
941	0.956233
942	1.01296
943	0.926783
944	1.05048
945	0.946813
946	0.943626
947	0.956409
948	0.94121
949	1.03813
950	0.979812
951	0.978951
952	0.957133
953	0.968727
954	0.968472
955	0.950864
956	0.982227
957	1.01363
958	1.06942
959	1.01693
960	1.02971
961	0.964229
962	1.01002
963	1.0415
964	1.00365
965	1.09429
966	1.03646
967	0.967433
968	1.01686
969	1.02212
970	1.08238
971	1.01904
972	0.93113
973	0.998135
974	1.05471
975	0.970154
976	0.992397
977	0.970735
978	0.906173
979	1.06404
980	0.976486
981	0.909149
982	1.07645
983	0.910207
984	0.870216
985	0.935103
986	1.009
987	1.05842
988	0.955542
989	1.0049
990	1.07377
991	0.921208
992	1.03287
993	1.06417
994	1.00332
995	0.974132
996	0.958552
997	1.05737
998	0.955262
999	1.04146
1000	1.06031
1001	0.98234
1002	1.09255
1003	0.954717
1004	1.04379
1005	1.04518
1006	1.00742
1007	1.08588
1008	0.973718
1009	0.941219
1010	0.985302
1011	1.05931
1012	0.976923
1013	1.03302
1014	0.990598
1015	1.02434
1016	0.97468
1017	1.06137
1018	0.986865
1019	0.948597
1020	1.00455
1021	0.981693
1022	0.957785
1023	1.01494
1024	1.01933
1025	0.991282
1026	1.02411
1027	1.05645
1028	1.03418
1029	0.955498
1030	0.970326
1031	0.966125
1032	0.97365
1033	1.00936
1034	1.04764
1035	0.92808
1036	0.95712
1037	0.999117
1038	0.933006
1039	0.973754
1040	0.974668
1041	0.947959
1042	1.01696
1043	0.973912
1044	0.996504
1045	1.04468
1046	1.06253
1047	1.0283
1048	0.992523
1049	0.991113
1050	0.99571
1051	1.08121
1052	1.03426
1053	1.04909
1054	1.00425
1055	1.07106
1056	1.01207
1057	0.960877
1058	0.919722
1059	1.03555
1060	1.00604
1061	0.991075
1062	0.9441
1063	1.10136
1064	0.92283
1065	0.965018
1066	0.989935
1067	1.03796
1068	1.00135
1069	1.01132
1070	0.950412
1071	1.00977
1072	1.17947
1073	0.954194
1074	1.00938
1075	1.00922
1076	1.01755
1077	1.00965
1078	0.905899
1079	1.03246
1080	0.979847
1081	1.00222
1082	1.02145
1083	0.950893
1084	0.958754
1085	1.02203
1086	0.987685
1087	0.987109
1088	1.06806
1089	0.934145
1090	0.890239
1091	1.05488
1092	1.10791
1093	1.04347
1094	1.0104
1095	1.04909
1096	1.02629
1097	1.06318
1098	0.971828
1099	0.99662
1100	1.04771
1101	0.982318
1102	1.02761
1103	0.964836
1104	1.0343
1105	1.00475
1106	1.11398
1107	1.05635
1108	1.02303
1109	1.00445
1110	1.04713
1111	0.950701
1112	1.00064
1113	0.983268
1114	1.05052
1115	0.988395
1116	1.06506
1117	0.905311
1118	1.02116
1119	1.04285
1120	1.01544
1121	0.990168
1122	0.969106
1123	1.01355
1124	0.984117
1125	1.01986
1126	0.993015
1127	0.963799
1128	0.989266
1129	0.996741
1130	0.973307
1131	1.03091
1132	1.03455
1133	0.995795
1134	0.899785
1135	1.03435
1136	1.0793
1137	0.994929
1138	1.02062
1139	0.985004
1140	1.0151
1141	1.04333
1142	0.997369
1143	0.9748
1144	1.00859
1145	0.915769
1146	1.01121
1147	0.994019
1148	0.973259
1149	0.98722
1150	0.901325
1151	0.923478
1152	0.895545
1153	1.08588
1154	0.92017
1155	0.976763
1156	0.896269
1157	1.10217
1158	1.02991
1159	0.946426
1160	0.996007
1161	0.961712
1162	1.05515
1163	0.925361
1164	0.98817
1165	1.01605
1166	0.96282
1167	1.07495
1168	1.03716
1169	1.06365
1170	1.02577
1171	1.07326
1172	1.01334
1173	0.956126
1174	0.991387
1175	1.04791
1176	0.995991
1177	1.02811
1178	1.07311
1179	0.975268
1180	0.967414
1181	0.936221
1182	1.02462
1183	0.98967
1184	0.986792
1185	1.07515
1186	0.96769
1187	1.09326
1188	1.00829
1189	0.943886
1190	0.975301
1191	1.02406
1192	1.01665
1193	0.986036
1194	0.988
1195	0.95657
1196	0.946232
1197	1.04497
1198	0.971661
1199	0.914471
1200	0.9785
1201	1.08156
1202	0.967383
1203	1.01478
1204	0.976434
1205	1.08277
1206	0.90001
1207	1.04418
1208	1.01857
1209	1.02535
1210	0.976124
1211	1.16711
1212	0.928254
1213	0.974873
1214	0.991381
1215	0.972388
1216	0.914122
1217	0.99144
1218	0.93711
1219	1.03678
1220	1.00399
1221	1.02995
1222	1.0365
1223	0.916025
1224	0.95226
1225	1.03649
1226	1.00596
1227	1.10331
1228	0.972686
1229	1.07209
1230	0.981614
1231	1.01429
1232	0.936403
1233	0.881514
1234	0.952181
1235	0.965269
1236	1.06426
1237	0.902506
1238	1.01891
1239	0.95615
1240	0.877476
1241	1.01267
1242	0.957331
1243	0.988549
1244	0.951519
1245	1.03786
1246	1.03509
1247	1.01689
1248	0.984809
1249	0.907181
1250	1.03082
1251	1.03382
1252	1.0161
1253	1.00294
1254	0.986845
1255	1.05675
1256	0.957255
1257	0.990102
1258	0.976527
1259	1.03973
1260	0.954968
1261	0.928586
1262	1.0526
1263	1.01041
1264	0.995469
1265	1.01016
1266	0.916459
1267	1.03158
1268	0.953422
1269	1.02524
1270	1.02719
1271	1.04948
1272	0.971764
1273	1.05105
1274	0.936867
1275	1.04857
1276	1.03613
1277	0.998568
1278	0.977557
1279	1.00051
1280	0.96072
1281	1.01344
1282	1.04776
1283	1.05581
1284	0.936055
1285	1.0935
1286	0.977555
1287	1.02035
1288	0.936314
1289	1.00252
1290	0.948426
1291	1.01599
1292	1.02715
1293	1.07953
1294	1.07444
1295	0.994012
1296	0.902714
1297	0.967407
1298	0.970892
1299	1.04412
1300	0.953426
1301	0.953589
1302	0.973004
1303	0.989928
1304	1.03777
1305	1.05896
1306	0.976905
1307	0.930978
1308	1.03366
1309	1.03885
1310	1.09114
1311	0.949786
1312	1.05066
1313	0.964251
1314	1.00291
1315	0.961661
1316	0.99205
1317	1.05469
1318	1.06138
1319	1.05081
1320	0.984808
1321	1.01318
1322	0.98919
1323	1.0113
1324	0.984232
1325	1.02505
1326	1.07308
1327	1.04793
1328	1.05149
1329	1.05189
1330	1.00629
1331	0.953076
1332	0.968793
1333	1.01365
1334	1.02271
1335	0.982772
1336	1.0056
1337	0.956646
1338	0.945514
1339	0.949731
1340	0.959261
1341	0.901417
1342	1.00299
1343	1.00633
1344	0.998397
1345	1.02025
1346	0.969266
1347	1.04785
1348	1.06514
1349	0.960368
1350	1.04169
1351	1.0609
1352	0.999008
1353	1.00061
1354	1.04131
1355	1.05793
1356	0.995158
1357	0.98883
1358	1.02246
1359	0.963508
1360	0.960184
1361	1.04024
1362	0.981267
1363	0.984635
1364	0.941704
1365	0.942187
1366	1.03385
1367	1.0298
1368	0.97344
1369	1.12294
1370	0.981696
1371	0.981199
1372	1.03599
1373	0.965568
1374	1.00914
1375	1.00258
1376	0.949515
1377	0.999196
1378	1.05963
1379	0.979864
1380	0.988012
1381	1.00414
1382	0.982516
1383	1.03606
1384	1.00749
1385	1.01421
1386	0.964726
1387	1.04841
1388	0.987878
1389	1.06429
1390	0.977494
1391	1.01421
1392	0.976611
1393	1.00986
1394	1.00937
1395	1
1396	0.991409
1397	1.00738
1398	1.04836
1399	0.983952
1400	0.95773
1401	1.03314
1402	0.934505
1403	0.958032
1404	0.97847
1405	0.952651
1406	1.01819
1407	1.0316
1408	1.09014
1409	1.03496
1410	1.05124
1411	1.03654
1412	1.07754
1413	1.07457
1414	0.958514
1415	1.08637
1416	1.03574
1417	0.9406
1418	0.992911
1419	1.06125
1420	1.03071
1421	1.03717
1422	1.07928
1423	0.985176
1424	1.11626
1425	1.04733
1426	0.961396
1427	0.990011
1428	1.02925
1429	0.961717
1430	1.05512
1431	1.12305
1432	1.01775
1433	0.95917
1434	0.984434
1435	1.05967
1436	0.965881
1437	0.996613
1438	0.98012
1439	0.994696
1440	1.05905
1441	1.02144
1442	1.06916
1443	0.99044
1444	1.04423
1445	0.958962
1446	0.97369
1447	1.08237
1448	1.04642
1449	0.926651
1450	0.932601
1451	0.949464
1452	1.08362
1453	1.04594
1454	0.96112
1455	0.93328
1456	1.03843
1457	0.974646
1458	0.936219
1459	0.924165
1460	1.03422
1461	0.967581
1462	0.941418
1463	1.01112
1464	1.03937
1465	0.94008
1466	0.987688
1467	0.988711
1468	0.995624
1469	0.96095
1470	1.02788
1471	1.01963
1472	0.963319
1473	1.06242
1474	0.93726
1475	1.00381
1476	0.978162
1477	1.00404
1478	0.910997
1479	1.07936
1480	1.04629
1481	0.923841
1482	1.01478
1483	1.00461
1484	0.94214
1485	1.01363
1486	0.997924
1487	1.06795
1488	0.934345
1489	1.03773
1490	1.01455
1491	0.991623
1492	0.992437
1493	1.10674
1494	1.031
1495	0.981414
1496	0.947285
1497	1.01711
1498	1.01069
1499	1.06618
1500	1.03869
1501	1.02593
1502	0.971004
1503	1.12949
1504	1.01859
1505	0.985806
1506	1.11662
1507	0.995526
1508	1.00706
1509	1.01228
1510	1.01706
1511	0.928725
1512	0.981984
1513	1.00274
1514	0.974936
1515	0.915342
1516	0.96777
1517	1.00269
1518	1.01079
1519	0.997684
1520	1.03165
1521	1.0272
1522	1.00989
1523	1.12483
1524	1.07328
1525	1.01675
1526	0.933731
1527	1.03857
1528	1.07136
1529	0.999775
1530	1.05407
1531	1.03401
1532	0.972691
1533	0.998499
1534	1.07447
1535	1.05793
1536	0.991003
1537	0.998808
1538	0.918258
1539	0.927084
1540	0.991768
1541	1.01043
1542	0.938925
1543	1.02858
1544	0.933941
1545	1.03779
1546	1.02243
1547	0.92272
1548	1.0663
1549	1.09989
1550	1.013
1551	1.01973
1552	0.987403
1553	0.949301
1554	0.972674
1555	1.07126
1556	1.05044
1557	0.979292
1558	0.932632
1559	0.993267
1560	1.00949
1561	1.03254
1562	1.07914
1563	0.92191
1564	1.00874
1565	0.960892
1566	0.976073
1567	0.967734
1568	1.0236
1569	1.0207
1570	1.0054
1571	1.05222
1572	1.05783
1573	0.920018
1574	0.971901
1575	1.00307
1576	0.958691
1577	0.902637
1578	1.00329
1579	1.01386
1580	0.993499
1581	1.00857
1582	0.962339
1583	1.06051
1584	1.00551
1585	1.00304
1586	1.01756
1587	1.01902
1588	1.05103
1589	1.01528
1590	0.921453
1591	1.01109
1592	0.957838
1593	1.07374
1594	0.993417
1595	1.05399
1596	1.03015
1597	1.01231
1598	0.998781
1599	0.981357
1600	1.04659
1601	1.0522
1602	1.02987
1603	1.00169
1604	0.990074
1605	1.07782
1606	1.02191
1607	1.02102
1608	1.06121
1609	0.94638
1610	0.999691
1611	1.06413
1612	1.00637
1613	1.01723
1614	1.09012
1615	0.906095
1616	0.98252
1617	0.997381
1618	1.01567
1619	0.958828
1620	1.05072
1621	1.01185
1622	0.980903
1623	1.07329
1624	1.04848
1625	1.00753
1626	1.07913
1627	0.935686
1628	1.00948
1629	0.956444
1630	0.946229
1631	1.08031
1632	1.05679
1633	1.01096
1634	0.994493
1635	1.00738
1636	1.07194
1637	0.983606
1638	0.95606
1639	0.923339
1640	1.00213
1641	1.05516
1642	1.0226
1643	1.01304
1644	1.02567
1645	1.03122
1646	0.958494
1647	1.01558
1648	1.0058
1649	0.908369
1650	0.961706
1651	1.04649
1652	1.03328
1653	0.980603
1654	1.02624
1655	0.968355
1656	1.07242
1657	1.01192
1658	0.958598
1659	1.06249
1660	0.968288
1661	1.03052
1662	0.998446
1663	0.935758
1664	0.982237
1665	0.880154
1666	0.954805
1667	1.02558
1668	1.09847
1669	0.936457
1670	0.940396
1671	0.995188
1672	1.02781
1673	1.04103
1674	0.946393
1675	1.01971
1676	1.02736
1677	0.96397
1678	0.985012
1679	1.03994
1680	0.989596
1681	0.941747
1682	0.998767
1683	1.00354
1684	1.04193
1685	1.06063
1686	1.03052
1687	1.01101
1688	0.979242
1689	1.0037
1690	1.00495
1691	0.925632
1692	1.01802
1693	1.04452
1694	1.02013
1695	0.975583
1696	1.03214
1697	1.06334
1698	0.984546
1699	0.981905
1700	0.986773
1701	1.07909
1702	0.905065
1703	0.915838
1704	1.04383
1705	1.04034
1706	0.961305
1707	0.947543
1708	1.00147
1709	0.881865
1710	0.989133
1711	0.994498
1712	0.928411
1713	0.938496
1714	0.949962
1715	1.03088
1716	0.987959
1717	0.99713
1718	0.988727
1719	1.00491
1720	1.06031
1721	0.924285
1722	0.949214
1723	1.02081
1724	1.00838
1725	1.00644
1726	0.992009
1727	1.07146
1728	1.04028
1729	0.964166
1730	1.00991
1731	0.953219
1732	0.998441
1733	1.0147
1734	0.936419
1735	1.07586
1736	0.9783
1737	1.03242
1738	1.05536
1739	0.97813
1740	1.00043
1741	1.03974
1742	1.03159
1743	1.0105
1744	0.976733
1745	1.08202
1746	1.04493
1747	1.00516
1748	0.95784
1749	0.996678
1750	1.01902
1751	1.06178
1752	0.924867
1753	1.01473
1754	0.971157
1755	1.03539
1756	1.03234
1757	0.911351
1758	1.03958
1759	1.0149
1760	0.996614
1761	1.02472
1762	0.930087
1763	0.901065
1764	0.993771
1765	0.989885
1766	1.05852
1767	1.05215
1768	1.01405
1769	1.0097
1770	1.03009
1771	1.04919
1772	1.1144
1773	1.02737
1774	1.08109
1775	1.03246
1776	1.0179
1777	1.00003
1778	1.03196
1779	1.06349
1780	0.985871
1781	1.00574
1782	0.993328
1783	0.967959
1784	0.946411
1785	1.05545
1786	0.94409
1787	1.00289
1788	1.01784
1789	0.945751
1790	1.04659
1791	0.930504
1792	1.0384
1793	0.946209
1794	1.03864
1795	0.895276
1796	0.935694
1797	1.01821
1798	0.93724
1799	0.992828
1800	0.930932
1801	1.02825
1802	0.848862
1803	0.986467
1804	1.11865
1805	0.954883
1806	1.05564
1807	0.992287
1808	1.04015
1809	1.03968
1810	0.969145
1811	0.946038
1812	1.03862
1813	0.989703
1814	0.969213
1815	1.00003
1816	0.942438
1817	1.00949
1818	1.03037
1819	1.03179
1820	1.0958
1821	0.915591
1822	0.967324
1823	1.05798
1824	1.09738
1825	0.864529
1826	1.07431
1827	0.930904
1828	0.98697
1829	1.01272
1830	1.0083
1831	0.976709
1832	0.953604
1833	1.00015
1834	0.989772
1835	1.09756
1836	1.04077
1837	0.977739
1838	1.01098
1839	0.955118
1840	1.00981
1841	0.997349
1842	0.963133
1843	1.00637
1844	1.01161
1845	1.00386
1846	0.982209
1847	1.04061
1848	0.994563
1849	1.00884
1850	0.988324
1851	1.00983
1852	0.918754
1853	1.0336
1854	0.92823
1855	1.09962
1856	1.05507
1857	0.944644
1858	0.999318
1859	0.911401
1860	0.942221
1861	0.973255
1862	1.00788
1863	0.96214
1864	1.0434
1865	1.04424
1866	0.995064
1867	0.945094
1868	1.0045
1869	1.00882
1870	1.02716
1871	0.954308
1872	1.11222
1873	0.930612
1874	0.968347
1875	1.11627
1876	0.982327
1877	1.05665
1878	1.00088
1879	0.903296
1880	1.00894
1881	0.956695
1882	1.03831
1883	1.00675
1884	1.05784
1885	1.09581
1886	0.993083
1887	0.941019
1888	0.982629
1889	0.996356
1890	0.975334
1891	1.0178
1892	0.991533
1893	1.00778
1894	0.997358
1895	0.98216
1896	1.03251
1897	1.03173
1898	1.008
1899	1.08015
1900	0.968214
1901	0.98116
1902	0.949093
1903	1.03702
1904	0.958437
1905	1.02748
1906	1.04243
1907	0.931706
1908	0.991712
1909	1.03638
1910	0.910057
1911	0.99107
1912	1.0264
1913	0.985009
1914	1.04707
1915	0.977387
1916	1.02515
1917	1.00235
1918	0.888043
1919	0.989536
1920	1.02445
1921	0.968764
1922	1.0287
1923	0.970201
1924	0.968345
1925	0.947612
1926	1.08318
1927	1.07777
1928	0.965929
1929	1.01754
1930	0.999389
1931	0.930501
1932	1.00642
1933	0.976515
1934	1.12897
1935	0.971862
1936	0.970004
1937	1.01501
1938	1.01819
1939	0.998503
1940	1.0901
1941	1.05167
1942	0.969024
1943	0.91322
1944	0.975769
1945	1.00284
1946	0.985095
1947	0.991883
1948	1.01806
1949	1.02976
1950	1.03202
1951	0.960649
1952	1.04877
1953	0.995365
1954	1.0365
1955	1.0559
1956	1.15925
1957	0.987543
1958	1.01083
1959	0.980829
1960	0.926109
1961	0.983006
1962	0.928276
1963	1.06469
1964	1.05376
1965	1.09523
1966	0.966189
1967	0.981758
1968	0.996755
1969	0.980065
1970	1.12905
1971	1.00065
1972	0.94544
1973	0.979649
1974	1.06857
1975	0.909896
1976	0.936288
1977	1.02272
1978	0.92408
1979	0.975417
1980	0.971948
1981	1.01101
1982	1.07804
1983	1.01406
1984	0.858088
1985	1.04729
1986	0.984689
1987	0.959256
1988	0.918905
1989	1.06936
1990	0.983625
1991	1.06647
1992	0.958252
1993	0.977655
1994	0.912735
1995	0.950502
1996	1.06892
1997	0.885444
1998	1.05636
1999	0.903361
2000	0.969753
2001	1.0003
2002	1.00975
2003	0.977733
2004	0.933535
2005	1.05502
2006	1.04101
2007	1.03445
2008	0.899443
2009	0.96072
2010	1.02061
2011	1.05712
2012	1.10919
2013	1.00888
2014	0.994214
2015	0.938769
2016	0.982826
2017	1.04868
2018	1.00462
2019	1.03745
2020	1.05059
2021	0.93563
2022	1.00442
2023	0.995182
2024	1.05369
2025	1.01363
2026	0.970796
2027	1.0025
2028	1.04719
2029	0.976869
2030	0.964489
2031	1.08169
2032	0.957328
2033	0.975908
2034	0.932882
2035	1.00307
2036	1.00385
2037	1.00984
2038	1.01926
2039	1.02596
2040	0.970898
2041	1.02033
2042	1.01865
2043	1.0641
2044	0.978262
2045	1.04343
2046	1.05341
2047	1.08141
2048	1.01723
2049	0.891506
2050	0.948421
2051	0.984937
2052	0.999382
2053	1.04221
2054	1.01331
2055	1.00412
2056	1.03332
2057	1.04525
2058	1.02245
2059	1.01928
2060	0.988965
2061	1.03331
2062	1.02161
2063	1.06323
2064	0.929413
2065	1.05477
2066	1.05114
2067	0.936376
2068	0.904103
2069	1.06432
2070	0.972934
2071	1.0292
2072	1.03626
2073	0.92416
2074	0.927216
2075	0.924731
2076	1.01673
2077	1.07985
2078	1.1155
2079	0.928825
2080	1.08416
2081	0.882855
2082	1.01219
2083	1.04242
2084	0.999722
2085	1.00365
2086	0.983743
2087	1.0057
2088	1.00769
2089	1.02185
2090	0.993713
2091	1.00404
2092	1.01141
2093	0.95456
2094	0.920975
2095	0.993654
2096	0.998363
2097	0.918447
2098	1.07768
2099	0.988444
2100	1.06852
2101	1.03382
2102	1.00237
2103	1.07334
2104	1.00804
2105	1.01404
2106	0.855536
2107	0.969758
2108	0.957345
2109	0.876713
2110	0.943895
2111	0.948918
2112	0.969178
2113	1.03398
2114	1.02596
2115	1.03899
2116	1.06933
2117	0.945323
2118	1.01063
2119	1.038
2120	1.02384
2121	0.978974
2122	0.960197
2123	1.03164
2124	1.10979
2125	1.00333
2126	1.0121
2127	0.997851
2128	1.02964
2129	0.992446
2130	0.910336
2131	0.917187
2132	1.04237
2133	1.02331
2134	1.01218
2135	0.948717
2136	1.02614
2137	1.01828
2138	1.00317
2139	1.04543
2140	0.981004
2141	0.998949
2142	0.995009
2143	1.09959
2144	1.03731
2145	0.95913
2146	1.05367
2147	1.09609
2148	1.08125
2149	1.03013
2150	1.02806
2151	0.950311
2152	0.953905
2153	1.00048
2154	0.995662
2155	0.862436
2156	1.07717
2157	1.03539
2158	0.987759
2159	0.993097
2160	0.98945
2161	1.01131
2162	1.00814
2163	1.03833
2164	1.02874
2165	0.966641
2166	0.942808
2167	1.0039
2168	1.02722
2169	1.02242
2170	1.02403
2171	0.957497
2172	0.96819
2173	0.957457
2174	1.06289
2175	0.891606
2176	0.935556
2177	0.921844
2178	0.960075
2179	0.952571
2180	0.956869
2181	1.07869
2182	0.973664
2183	1.04228
2184	0.971839
2185	0.966568
2186	1.03973
2187	1.00153
2188	0.972833
2189	0.982974
2190	0.954998
2191	0.957412
2192	0.93627
2193	0.9592
2194	1.0301
2195	0.885369
2196	1.06403
2197	1.01429
2198	0.976913
2199	0.979564
2200	0.946549
2201	0.994105
2202	0.946507
2203	1.03945
2204	1.05514
2205	1.00407
2206	0.996067
2207	1.00241
2208	1.01926
2209	0.997365
2210	1.0335
2211	0.984622
2212	1.02131
2213	0.945249
2214	0.965285
2215	0.961607
2216	0.973608
2217	0.94709
2218	0.987771
2219	0.913926
2220	1.04956
2221	1.04886
2222	1.01979
2223	1.03014
2224	0.9485
2225	0.970993
2226	1.00197
2227	0.967967
2228	0.962932
2229	0.93711
2230	0.972297
2231	0.960207
2232	1.04555
2233	1.11787
2234	0.871314
2235	1.0323
2236	1.07955
2237	0.93593
2238	1.0421
2239	1.05361
2240	1.05085
2241	0.958801
2242	1.02317
2243	1.11399
2244	1.04459
2245	0.937905
2246	0.896652
2247	1.00047
2248	0.92653
2249	0.976165
2250	0.984053
2251	1.01828
2252	0.990026
2253	0.999296
2254	0.924983
2255	1.02436
2256	0.990442
2257	1.01623
2258	0.990993
2259	0.991919
2260	1.07399
2261	0.96758
2262	1.04371
2263	1.04636
2264	0.930924
2265	1.01414
2266	1.02795
2267	0.997287
2268	1.05721
2269	0.906926
2270	1.05884
2271	1.01989
2272	1.11046
2273	0.920505
2274	1.02632
2275	1.00645
2276	1.0232
2277	1.02987
2278	1.074
2279	1.07016
2280	0.876543
2281	1.02348
2282	1.01057
2283	0.911679
2284	1.0376
2285	0.950955
2286	1.04422
2287	1.02181
2288	1.04006
2289	1.03329
2290	1.035
2291	1.05968
2292	0.997306
2293	0.921633
2294	1.03921
2295	1.06213
2296	1.07446
2297	0.964435
2298	0.9164
2299	0.987521
2300	1.01558
2301	0.984552
2302	0.966514
2303	0.977502
2304	1.05079
2305	1.08068
2306	0.981105
2307	1.07673
2308	1.04672
2309	1.02097
2310	1.04645
2311	1.09002
2312	0.939035
2313	0.921141
2314	1.06231
2315	0.931222
2316	1.0189
2317	1.07074
2318	0.996819
2319	0.983955
2320	1.0649
2321	1.01966
2322	0.954721
2323	1.00199
2324	1.04105
2325	1.03579
2326	1.02924
2327	0.973448
2328	0.946048
2329	0.926336
2330	0.958132
2331	0.96082
2332	0.965071
2333	1.14922
2334	1.06412
2335	0.967226
2336	1.03327
2337	0.912663
2338	1.01077
2339	1.00364
2340	0.918757
2341	0.965422
2342	1.03025
2343	1.01563
2344	0.925932
2345	1.02533
2346	0.971165
2347	1.09563
2348	0.996212
2349	0.974939
2350	0.923957
2351	1.03106
2352	1.0044
2353	1.02529
2354	0.994527
2355	1.08361
2356	0.898992
2357	0.989967
2358	1.00016
2359	0.939846
2360	1.01008
2361	0.960617
2362	1.01332
2363	1.10233
2364	0.919874
2365	1.03489
2366	1.01032
2367	1.03644
2368	1.04535
2369	1.05641
2370	1.01462
2371	1.01194
2372	1.02551
2373	0.917655
2374	0.928771
2375	0.95309
2376	0.910932
2377	0.919139
2378	0.945346
2379	1.04456
2380	1.06403
2381	0.996768
2382	0.890475
2383	0.977785
2384	0.960863
2385	1.06859
2386	0.985451
2387	1.04888
2388	0.963656
2389	1.04262
2390	1.16259
2391	1.01082
2392	0.95588
2393	0.960833
2394	1.08612
2395	1.00295
2396	0.952623
2397	1.03917
2398	1.11374
2399	1.03268
2400	0.941524
2401	1.00769
2402	1.02982
2403	1.01776
2404	1.07471
2405	0.970589
2406	0.994672
2407	0.867278
2408	1.05911
2409	0.999989
2410	1.05106
2411	1.05454
2412	0.984245
2413	0.991368
2414	0.981013
2415	0.978231
2416	1.04626
2417	1.0152
2418	0.995048
2419	0.970869
2420	0.960876
2421	1.0275
2422	0.982298
2423	1.02692
2424	1.06767
2425	0.942754
2426	1.00068
2427	1.04372
2428	1.10217
2429	1.0168
2430	0.977913
2431	0.987741
2432	1.03391
2433	0.95777
2434	0.965597
2435	1.00501
2436	1.01953
2437	0.996852
2438	1.04715
2439	1.06734
2440	1.06963
2441	1.02342
2442	0.943371
2443	1.00496
2444	0.958873
2445	0.951556
2446	1.034
2447	1.02287
2448	0.898173
2449	0.94512
2450	0.95142
2451	1.02946
2452	0.97188
2453	1.01643
2454	0.962777
2455	0.990615
2456	0.968232
2457	0.956244
2458	1.03004
2459	0.976259
2460	0.968573
2461	0.99256
2462	0.984758
2463	0.99156
2464	1.09395
2465	0.983939
2466	0.933998
2467	1.03752
2468	0.96459
2469	1.03565
2470	1.06723
2471	0.985184
2472	1.00173
2473	1.02909
2474	1.0319
2475	1.02576
2476	1.03655
2477	1.02004
2478	1.0636
2479	1.05446
2480	1.00381
2481	1.02859
2482	1.03553
2483	1.04242
2484	0.945925
2485	1.05315
2486	1.057
2487	0.961822
2488	1.02117
2489	1.06208
2490	1.04745
2491	1.07948
2492	1.00946
2493	1.00438
2494	1.04818
2495	0.988873
2496	0.95287
2497	1.09677
2498	0.969994
2499	0.950526
2500	0.9416
2501	0.979417
2502	0.987222
2503	0.961812
2504	1.04013
2505	0.997053
2506	1.05167
2507	1.02606
2508	0.965028
2509	0.967329
2510	0.996252
2511	0.987963
2512	0.902137
2513	0.975168
2514	0.93119
2515	0.947044
2516	0.968048
2517	1.04312
2518	0.910371
2519	1.04342
2520	1.00902
2521	1.00253
2522	0.997501
2523	1.04473
2524	1.01222
2525	0.964966
2526	1.05738
2527	1.05266
2528	1.016
2529	0.930848
2530	0.956793
2531	0.979279
2532	1.00837
2533	1.06323
2534	0.960233
2535	1.0038
2536	1.06382
2537	1.03707
2538	0.990542
2539	0.996786
2540	1.03416
2541	0.999644
2542	0.96927
2543	1.01006
2544	1.02416
2545	1.07544
2546	0.932972
2547	1.0316
2548	0.951654
2549	1.02118
2550	1.0385
2551	1.00014
2552	1.04768
2553	0.94579
2554	0.974733
2555	1.01013
2556	0.978734
2557	0.915733
2558	0.977043
2559	0.937365
2560	1.0676
2561	1.01275
2562	1.01357
2563	0.944332
2564	1.03585
2565	0.884753
2566	0.957919
2567	0.944416
2568	1.02015
2569	1.00109
2570	1.05598
2571	1.01503
2572	1.09082
2573	1.05635
2574	0.893586
2575	0.989791
2576	1.06963
2577	0.997719
2578	1.04661
2579	0.972791
2580	1.01856
2581	1.00061
2582	0.98291
2583	1.00068
2584	0.96376
2585	0.992352
2586	0.941518
2587	0.981419
2588	0.998407
2589	0.970751
2590	1.07314
2591	0.922575
2592	0.949879
2593	0.984827
2594	1.0356
2595	0.934021
2596	1.01267
2597	1.0497
2598	0.995005
2599	0.930152
2600	0.973608
2601	0.994257
2602	0.966557
2603	1.06591
2604	0.991405
2605	1.02578
2606	1.02424
2607	1.09059
2608	1.06007
2609	0.976207
2610	1.01391
2611	1.05193
2612	1.04502
2613	1.05812
2614	1.04489
2615	1.05856
2616	1.00743
2617	0.981976
2618	1.02241
2619	0.997835
2620	1.0057
2621	1.07597
2622	0.962391
2623	0.953274
2624	1.04898
2625	1.03319
2626	1.07901
2627	0.997033
2628	1.03355
2629	1.02288
2630	0.977595
2631	0.945523
2632	1.02834
2633	0.922237
2634	1.05214
2635	0.957525
2636	1.03717
2637	1.00995
2638	0.926546
2639	1.00825
2640	1.01025
2641	0.977829
2642	0.957537
2643	1.02615
2644	0.934499
2645	1.08107
2646	1.03187
2647	1.06805
2648	1.04073
2649	0.991653
2650	1.03023
2651	1.05815
2652	1.01691
2653	0.875015
2654	1.01839
2655	0.966946
2656	0.970731
2657	1.00873
2658	0.984063
2659	1.02484
2660	1.04504
2661	0.979293
2662	1.06688
2663	0.984283
2664	1.05019
2665	0.947234
2666	0.933897
2667	1.04207
2668	0.923632
2669	0.958325
2670	1.00969
2671	0.971534
2672	0.900962
2673	0.997315
2674	1.06752
2675	1.00657
2676	0.972543
2677	0.989991
2678	1.02693
2679	1.07514
2680	1.02381
2681	1.0317
2682	1.02578
2683	1.01338
2684	0.948877
2685	1.09301
2686	0.955657
2687	0.9389
2688	0.978902
2689	1.01712
2690	1.11241
2691	0.971502
2692	1.09322
2693	0.948637
2694	0.95743
2695	0.953436
2696	0.946781
2697	1.03811
2698	0.991578
2699	1.05348
2700	1.09886
2701	0.983804
2702	0.985229
2703	1.00645
2704	0.953139
2705	1.06595
2706	1.01759
2707	1.00377
2708	0.965632
2709	1.01951
2710	1.01948
2711	1.10255
2712	1.04917
2713	0.9345
2714	1.02507
2715	0.993471
