0	1.00999
1	0.995652
2	1.00782
3	0.999699
4	1.00824
5	0.999433
6	0.990991
7	0.999253
8	1.00008
9	0.995892
10	1.01391
11	0.990149
12	0.999511
13	0.985567
14	0.989393
15	0.986117
16	1.00767
17	0.99264
18	1.0058
19	0.996179
20	1.02061
21	0.987652
22	1.01165
23	0.995458
24	0.998652
25	0.995004
26	0.998176
27	1.01844
28	0.997572
29	1.01997
30	1.00005
31	0.995778
32	1.01541
33	1.00095
34	1.01525
35	1.01217
36	0.998637
37	0.998008
38	0.997062
39	0.998816
40	0.988397
41	1.00012
42	1.00022
43	0.999287
44	0.986784
45	1.01744
46	0.996676
47	0.997527
48	0.988198
49	0.988096
50	0.979902
51	1.01338
52	1.00488
53	1.00296
54	1.00244
55	0.989077
56	0.994009
57	0.992121
58	0.974199
59	0.987835
60	0.987567
61	0.997621
62	1.018
63	0.995311
64	0.977634
65	0.997014
66	1.01781
67	0.99114
68	1.00256
69	0.996315
70	0.992845
71	0.996132
72	0.99699
73	0.998727
74	1.00853
75	1.00455
76	0.999689
77	1.01199
78	1.00359
79	0.994414
80	1.00932
81	1.01391
82	1.00979
83	0.991054
84	1.00278
85	0.992474
86	0.993832
87	0.987015
88	1.00986
89	1.00303
90	0.985148
91	1.01344
92	1.0022
93	0.998216
94	0.996681
95	1.00368
96	0.995505
97	1.01507
98	0.999584
99	1.00082
100	1.01113
101	1.00921
102	0.985947
103	1.00307
104	0.996889
105	0.99388
106	1.01851
107	1.00034
108	0.999072
109	0.995264
110	1.00838
111	0.983279
112	0.980046
113	1.00458
114	0.980695
115	0.989764
116	0.993736
117	0.99884
118	0.99404
119	1.00859
120	0.977855
121	0.99814
122	0.992641
123	0.996891
124	1.0081
125	0.984381
126	1.01261
127	0.996391
128	1.01118
129	1.00372
130	0.999806
131	0.990917
132	0.985753
133	1.0141
134	0.989604
135	0.997692
136	0.98252
137	0.987642
138	1.00196
139	0.995651
140	1.01128
141	0.996815
142	0.995095
143	0.975057
144	0.997336
145	1.02239
146	0.996835
147	0.998456
148	1.00916
149	0.997469
150	0.991701
151	0.996809
152	1.00815
153	0.993395
154	1.00051
155	1.00643
156	0.995906
157	0.996402
158	0.992568
159	1.00806
160	0.996701
161	1.00801
162	1.00239
163	1.00822
164	1.00939
165	1.0131
166	0.977379
167	0.992932
168	0.997256
169	1.01851
170	1.0135
171	0.995051
172	0.985581
173	0.980413
174	1.02022
175	1.00602
176	0.999198
177	0.981646
178	1.00012
179	0.98618
180	0.992523
181	0.996356
182	0.977969
183	1.01364
184	0.993983
185	0.975662
186	0.995337
187	1.00306
188	0.997636
189	0.993065
190	0.99635
191	0.991582
192	0.983613
193	1.01018
194	0.992381
195	0.99503
196	0.993257
197	1.02225
198	1.0052
199	1.00056
200	0.993431
201	0.98458
202	0.982271
203	0.997538
204	1.00473
205	1.01
206	0.99966
207	0.975992
208	1.00597
209	1.01047
210	0.999217
211	0.989264
212	1.00075
213	1.00328
214	0.988363
215	0.99305
216	1.00063
217	1.00222
218	0.987553
219	1.0015
220	1.00307
221	0.994774
222	1.00987
223	1.01216
224	1.00367
225	0.989333
226	0.997867
227	1.00018
228	0.98399
229	0.996475
230	1.0023
231	1.00204
232	1.01925
233	1.00094
234	1.00399
235	1.0135
236	1.00775
237	0.991603
238	0.998036
239	1.00297
240	0.988459
241	1.00771
242	0.998493
243	1.00842
244	0.987359
245	1.02127
246	1.01091
247	1.00191
248	1.0087
249	1.00999
250	1.00782
251	0.989866
252	1.01652
253	1.02161
254	1.00546
255	1.01186
256	0.99157
257	1.00006
258	1.00238
259	0.990699
260	1.01021
261	0.989999
262	1.00583
263	0.999653
264	1.01247
265	1.01134
266	0.979143
267	0.995365
268	0.989044
269	1.00428
270	0.996403
271	0.993688
272	1.00591
273	0.996167
274	1.00398
275	1.00217
276	1.01318
277	1.01274
278	1.00547
279	1
280	1.01302
281	1.00389
282	1.00072
283	0.996978
284	0.999232
285	1.00737
286	0.996153
287	1.01224
288	0.99242
289	0.985588
290	1.00039
291	1.00218
292	1.00288
293	0.992287
294	1.00183
295	1.00844
296	1.01007
297	0.999501
298	0.982084
299	1.00065
300	1.00311
301	1.0066
302	1.00279
303	0.984657
304	0.996131
305	1.00036
306	0.996195
307	0.97571
308	1.02336
309	1.00657
310	0.987576
311	1.0086
312	0.997496
313	1.0174
314	0.985236
315	1.00421
316	0.988793
317	1.02281
318	1.00971
319	1.0147
320	1.00604
321	1.01366
322	0.984676
323	1.01495
324	0.992965
325	0.976147
326	1.00396
327	1.00307
328	0.996448
329	1.00794
330	1.01767
331	1.00721
332	1.0103
333	0.985922
334	1.00292
335	0.990031
336	0.977927
337	0.99685
338	1.00425
339	0.983352
340	1.01096
341	0.985653
342	1.001
343	1.01214
344	1.02708
345	1.00631
346	0.996557
347	0.98715
348	1.01839
349	0.996168
350	1.00469
351	1.01423
352	1.01027
353	1.00516
354	0.997086
355	0.99164
356	0.997217
357	0.99528
358	0.988423
359	1.00434
360	0.999435
361	1.0004
362	1.00336
363	1.00533
364	1.00063
365	1.02371
366	0.983687
367	0.996625
368	0.985343
369	1.00949
370	0.999893
371	0.999611
372	1.00553
373	0.988388
374	0.98546
375	1.02102
376	0.989523
377	1.00062
378	1.01245
379	0.973676
380	1.01315
381	1.00282
382	1.00738
383	1.00279
384	0.970569
385	1.00077
386	0.989861
387	1.00351
388	1.00667
389	0.993802
390	0.999052
391	1.01019
392	1.00929
393	0.995832
394	0.983477
395	1.00006
396	1.00018
397	0.999209
398	0.992143
399	0.9983
400	1.00922
401	1.00036
402	1.00356
403	1.00868
404	0.999566
405	0.982412
406	1.00102
407	1.001
408	1.00465
409	0.993142
410	0.992326
411	0.999628
412	0.999527
413	0.99121
414	1.005
415	0.983175
416	0.991113
417	1.01422
418	1.0047
419	0.999193
420	1.0171
421	1.00274
422	0.992294
423	0.998131
424	0.995299
425	1.01057
426	1.0086
427	0.986494
428	1.01031
429	0.992163
430	1.00357
431	0.999199
432	0.993795
433	0.996856
434	0.993735
435	1.00331
436	0.989394
437	0.987494
438	1.01252
439	1.01212
440	1.01236
441	0.995451
442	1.00058
443	0.988114
444	1.00729
445	0.996994
446	1.01241
447	0.995213
448	0.99729
449	0.997485
450	1.00077
451	1.01826
452	1.02404
453	1.00511
454	1.01292
455	1.02102
456	0.99277
457	1.01062
458	1.00832
459	1.00055
460	0.987912
461	0.962035
462	0.990519
463	0.997529
464	1.00108
465	0.996202
466	1.00897
467	1.00161
468	1.00384
469	1.01979
470	0.996604
471	1.00157
472	0.995851
473	0.981732
474	1.00273
475	0.987086
476	0.996681
477	0.996689
478	0.996432
479	1.01677
480	0.994848
481	1.00843
482	1.0097
483	1.0184
484	1.01257
485	1.01106
486	0.997946
487	0.989103
488	0.99961
489	0.996708
490	0.99797
491	1.00809
492	0.985353
493	1.00735
494	1.00367
495	0.996063
496	1.00454
497	0.995633
498	0.983895
499	1.02021
500	0.995621
501	0.998098
502	0.994293
503	0.999056
504	1.00679
505	0.998076
506	1.00558
507	0.996273
508	0.984962
509	0.973473
510	0.994635
511	0.992574
512	0.994674
513	0.998859
514	0.995177
515	1.01771
516	1.00617
517	0.99901
518	1.0048
519	1.00047
520	1.00159
521	0.994155
522	0.99152
523	1.00386
524	0.978584
525	1.00996
526	0.992335
527	1.01267
528	0.994408
529	1.0122
530	1.002
531	1.02261
532	0.992089
533	1.0083
534	1.0062
535	0.997639
536	1.02584
537	1.01353
538	0.999899
539	0.99773
540	1.0136
541	0.999734
542	0.989033
543	0.990517
544	0.994161
545	1.00602
546	1.01192
547	0.993827
548	0.982299
549	1.00394
550	0.994337
551	1.00404
552	1.00745
553	0.997967
554	1.01716
555	0.983843
556	1.00102
557	0.985572
558	0.978236
559	1.00519
560	1.00473
561	1.01195
562	0.991316
563	1.01037
564	0.993105
565	0.991979
566	1.00075
567	0.989183
568	0.984355
569	1.00201
570	0.976965
571	0.98157
572	0.98727
573	1.01689
574	0.987293
575	1.0087
576	1.00222
577	1.01076
578	1.01857
579	1.01906
580	0.996674
581	1.00413
582	0.990284
583	0.99411
584	1.00924
585	1.00163
586	0.999134
587	0.992269
588	1.00373
589	0.986405
590	0.986743
591	1.00184
592	1.01549
593	0.995051
594	1.0016
595	1.00439
596	1.00722
597	1.00262
598	1.01727
599	0.999384
600	1.00338
601	0.998525
602	0.99243
603	0.990487
604	1.00212
605	1.00946
606	1.00213
607	1.00006
608	1.00136
609	1.01295
610	0.991422
611	0.981722
612	1.0011
613	0.997149
614	1.0085
615	0.990016
616	0.999647
617	1.01007
618	0.993518
619	1.00111
620	1.00878
621	1.02977
622	0.994262
623	0.982704
624	0.996802
625	0.998502
626	0.989579
627	1.00174
628	0.998991
629	1.00436
630	0.991049
631	0.985167
632	1.01256
633	0.988568
634	0.999856
635	0.999326
636	0.997386
637	1.00929
638	1.01392
639	0.989903
640	0.999509
641	0.988138
642	1.00729
643	0.999539
644	1.01853
645	0.998441
646	1.01074
647	0.999635
648	0.999239
649	1.03395
650	1.01526
651	0.998714
652	0.990684
653	0.999639
654	1.00427
655	0.986427
656	1.01725
657	0.995753
658	1.00833
659	0.979008
660	1.00251
661	0.998274
662	1.02133
663	1.00196
664	1.01806
665	0.99925
666	0.994576
667	0.995821
668	1.01205
669	1.0067
670	1.00543
671	1.02138
672	1.01047
673	0.98775
674	1.00391
675	1.00853
676	1.00658
677	1.01054
678	0.995611
679	1.00663
680	1.01191
681	1.00819
682	1.02312
683	1.00489
684	1.0132
685	0.998661
686	1.00085
687	0.995592
688	1.00892
689	0.998409
690	1.00744
691	0.998482
692	1.00463
693	1.00906
694	0.984268
695	1.0053
696	1.01417
697	0.996651
698	1.01604
699	0.987249
700	1.01128
701	1.02314
702	1.02391
703	1.00775
704	1.01019
705	1.01206
706	0.99539
707	1.0137
708	1.01593
709	1.00391
710	1.00124
711	1.0029
712	0.992144
713	1.00388
714	1.0037
715	0.99552
716	1.02565
717	1.01371
718	0.990916
719	1.00889
720	0.996335
721	1.00865
722	0.998832
723	0.984593
724	0.99643
725	0.996506
726	1.0102
727	1.02038
728	0.99691
729	0.999832
730	0.999264
731	1.01402
732	1.00184
733	0.989919
734	1.00387
735	0.991833
736	1.01523
737	0.978828
738	0.980203
739	1.0021
740	1.00199
741	1.02298
742	0.998473
743	1.00602
744	0.994678
745	0.991928
746	1.00608
747	1.00073
748	1.00087
749	0.997034
750	0.980551
751	1.00331
752	0.999577
753	0.990768
754	0.998839
755	0.993258
756	1.01303
757	1.01159
758	0.999271
759	0.991629
760	0.99886
761	1.00093
762	1.0099
763	0.995438
764	1.015
765	1.00788
766	1.00687
767	0.998932
768	0.976949
769	1.01218
770	1.00389
771	0.984841
772	1.00553
773	1.00069
774	0.987753
775	0.992452
776	1.00037
777	1.01139
778	0.99378
779	0.985747
780	0.992817
781	0.990782
782	0.992233
783	0.988475
784	1.01244
785	1.00702
786	0.996168
787	0.990818
788	1.01419
789	1.00559
790	1.00848
791	0.997253
792	0.996247
793	0.993698
794	0.997001
795	1.00518
796	1.00034
797	1.00903
798	0.99274
799	1.00526
800	0.996466
801	1.00164
802	1.00078
803	0.989552
804	1.00271
805	0.992841
806	0.983375
807	1.01254
808	0.99202
809	0.981295
810	0.996086
811	1.01205
812	0.992002
813	0.983097
814	1.01442
815	1.00035
816	0.985074
817	1.01094
818	0.995573
819	0.99802
820	0.99134
821	1.00676
822	0.998316
823	1.01506
824	0.992513
825	1.01386
826	0.993756
827	0.998749
828	0.990512
829	1.00893
830	1.00271
831	1.01062
832	1.00644
833	1.01823
834	1.00992
835	1.01672
836	0.991241
837	1.00596
838	0.988325
839	1.00257
840	1.00192
841	0.999682
842	0.990139
843	1.00142
844	1.01133
845	1.01759
846	1.02853
847	1.00264
848	0.985216
849	1.0004
850	0.990758
851	0.992169
852	1.02226
853	1.00748
854	0.999464
855	1.00362
856	1.00364
857	0.98666
858	1.00375
859	1.00929
860	0.988445
861	1.00051
862	1.00469
863	0.996888
864	0.985842
865	1.01813
866	1.00893
867	0.99754
868	1.00027
869	0.998354
870	0.993079
871	0.990111
872	1.01771
873	1.00437
874	0.998249
875	0.988718
876	1.02512
877	1.00931
878	0.979798
879	0.997883
880	1.00412
881	1.00882
882	1.01106
883	1.02969
884	0.991517
885	1.01412
886	0.994857
887	1.00159
888	0.977796
889	0.994361
890	0.9958
891	0.998824
892	0.99199
893	0.977046
894	0.988876
895	1.0056
896	1.01286
897	0.995395
898	1.00566
899	1.00892
900	1.00077
901	1.00687
902	0.99718
903	0.980535
904	1.01362
905	0.983736
906	0.999776
907	0.998258
908	1.00572
909	1.00657
910	0.996942
911	0.997523
912	0.994175
913	1.00392
914	1.01836
915	0.991965
916	0.994656
917	1.01644
918	0.991638
919	0.99664
920	0.992679
921	0.994398
922	0.987195
923	1.01418
924	0.992825
925	1.00528
926	0.993393
927	1.00779
928	1.00662
929	1.01667
930	0.989698
931	1.00807
932	1.00384
933	0.985818
934	1.00935
935	1.00113
936	1.01204
937	1.0064
938	0.999143
939	0.994302
940	0.997999
941	0.991247
942	1.00259
943	0.985357
944	1.0101
945	0.989363
946	0.988725
947	0.991282
948	0.988242
949	1.00763
950	0.995962
951	0.99579
952	0.991427
953	0.993745
954	0.993694
955	0.990173
956	0.996445
957	1.00273
958	1.01388
959	1.00339
960	1.00594
961	0.992846
962	1.002
963	1.0083
964	1.00073
965	1.01886
966	1.00729
967	0.993487
968	1.00337
969	1.00442
970	1.01648
971	1.00381
972	0.986226
973	0.999627
974	1.01094
975	0.994031
976	0.998479
977	0.994147
978	0.981235
979	1.01281
980	0.995297
981	0.98183
982	1.01529
983	0.982041
984	0.974043
985	0.987021
986	1.0018
987	1.01168
988	0.991108
989	1.00098
990	1.01475
991	0.984242
992	1.00657
993	1.01283
994	1.00066
995	0.994826
996	0.99171
997	1.01147
998	0.991052
999	1.00829
1000	1.01206
1001	0.996468
1002	1.01851
1003	0.990943
1004	1.00876
1005	1.00904
1006	1.00148
1007	1.01718
1008	0.994744
1009	0.988244
1010	0.99706
1011	1.01186
1012	0.995385
1013	1.0066
1014	0.99812
1015	1.00487
1016	0.994936
1017	1.01227
1018	0.997373
1019	0.989719
1020	1.00091
1021	0.996339
1022	0.991557
1023	1.00299
1024	1.00387
1025	0.998256
1026	1.00482
1027	1.01129
1028	1.00684
1029	0.9911
1030	0.994065
1031	0.993225
1032	0.99473
1033	1.00187
1034	1.00953
1035	0.985616
1036	0.991424
1037	0.999823
1038	0.986601
1039	0.994751
1040	0.994934
1041	0.989592
1042	1.00339
1043	0.994783
1044	0.999301
1045	1.00894
1046	1.01251
1047	1.00566
1048	0.998505
1049	0.998223
1050	0.999142
1051	1.01624
1052	1.00685
1053	1.00982
1054	1.00085
1055	1.01421
1056	1.00241
1057	0.992175
1058	0.983944
1059	1.00711
1060	1.00121
1061	0.998215
1062	0.98882
1063	1.02027
1064	0.984566
1065	0.993004
1066	0.997987
1067	1.00759
1068	1.00027
1069	1.00226
1070	0.990082
1071	1.00195
1072	1.03589
1073	0.990839
1074	1.00188
1075	1.00184
1076	1.00351
1077	1.00193
1078	0.98118
1079	1.00649
1080	0.995969
1081	1.00044
1082	1.00429
1083	0.990179
1084	0.991751
1085	1.00441
1086	0.997537
1087	0.997422
1088	1.01361
1089	0.986829
1090	0.978048
1091	1.01098
1092	1.02158
1093	1.00869
1094	1.00208
1095	1.00982
1096	1.00526
1097	1.01264
1098	0.994366
1099	0.999324
1100	1.00954
1101	0.996464
1102	1.00552
1103	0.992967
1104	1.00686
1105	1.00095
1106	1.0228
1107	1.01127
1108	1.00461
1109	1.00089
1110	1.00943
1111	0.99014
1112	1.00013
1113	0.996654
1114	1.0101
1115	0.997679
1116	1.01301
1117	0.981062
1118	1.00423
1119	1.00857
1120	1.00309
1121	0.998034
1122	0.993821
1123	1.00271
1124	0.996823
1125	1.00397
1126	0.998603
1127	0.99276
1128	0.997853
1129	0.999348
1130	0.994661
1131	1.00618
1132	1.00691
1133	0.999159
1134	0.979957
1135	1.00687
1136	1.01586
1137	0.998986
1138	1.00412
1139	0.997001
1140	1.00302
1141	1.00867
1142	0.999474
1143	0.99496
1144	1.00172
1145	0.983154
1146	1.00224
1147	0.998804
1148	0.994652
1149	0.997444
1150	0.980265
1151	0.984696
1152	0.979109
1153	1.01718
1154	0.984034
1155	0.995353
1156	0.979254
1157	1.02043
1158	1.00598
1159	0.989285
1160	0.999201
1161	0.992342
1162	1.01103
1163	0.985072
1164	0.997634
1165	1.00321
1166	0.992564
1167	1.01499
1168	1.00743
1169	1.01273
1170	1.00515
1171	1.01465
1172	1.00267
1173	0.991225
1174	0.998277
1175	1.00958
1176	0.999198
1177	1.00562
1178	1.01462
1179	0.995054
1180	0.993483
1181	0.987244
1182	1.00492
1183	0.997934
1184	0.997358
1185	1.01503
1186	0.993538
1187	1.01865
1188	1.00166
1189	0.988777
1190	0.99506
1191	1.00481
1192	1.00333
1193	0.997207
1194	0.9976
1195	0.991314
1196	0.989246
1197	1.00899
1198	0.994332
1199	0.982894
1200	0.9957
1201	1.01631
1202	0.993477
1203	1.00296
1204	0.995287
1205	1.01655
1206	0.980002
1207	1.00884
1208	1.00371
1209	1.00507
1210	0.995225
1211	1.03342
1212	0.985651
1213	0.994975
1214	0.998276
1215	0.994478
1216	0.982824
1217	0.998288
1218	0.987422
1219	1.00736
1220	1.0008
1221	1.00599
1222	1.0073
1223	0.983205
1224	0.990452
1225	1.0073
1226	1.00119
1227	1.02066
1228	0.994537
1229	1.01442
1230	0.996323
1231	1.00286
1232	0.987281
1233	0.976303
1234	0.990436
1235	0.993054
1236	1.01285
1237	0.980501
1238	1.00378
1239	0.99123
1240	0.975495
1241	1.00253
1242	0.991466
1243	0.99771
1244	0.990304
1245	1.00757
1246	1.00702
1247	1.00338
1248	0.996962
1249	0.981436
1250	1.00616
1251	1.00676
1252	1.00322
1253	1.00059
1254	0.997369
1255	1.01135
1256	0.991451
1257	0.99802
1258	0.995305
1259	1.00795
1260	0.990994
1261	0.985717
1262	1.01052
1263	1.00208
1264	0.999094
1265	1.00203
1266	0.983292
1267	1.00632
1268	0.990684
1269	1.00505
1270	1.00544
1271	1.0099
1272	0.994353
1273	1.01021
1274	0.987373
1275	1.00971
1276	1.00723
1277	0.999714
1278	0.995511
1279	1.0001
1280	0.992144
1281	1.00269
1282	1.00955
1283	1.01116
1284	0.987211
1285	1.0187
1286	0.995511
1287	1.00407
1288	0.987263
1289	1.0005
1290	0.989685
1291	1.0032
1292	1.00543
1293	1.01591
1294	1.01489
1295	0.998802
1296	0.980543
1297	0.993481
1298	0.994178
1299	1.00882
1300	0.990685
1301	0.990718
1302	0.994601
1303	0.997986
1304	1.00755
1305	1.01179
1306	0.995381
1307	0.986196
1308	1.00673
1309	1.00777
1310	1.01823
1311	0.989957
1312	1.01013
1313	0.99285
1314	1.00058
1315	0.992332
1316	0.99841
1317	1.01094
1318	1.01228
1319	1.01016
1320	0.996962
1321	1.00264
1322	0.997838
1323	1.00226
1324	0.996846
1325	1.00501
1326	1.01462
1327	1.00959
1328	1.0103
1329	1.01038
1330	1.00126
1331	0.990615
1332	0.993759
1333	1.00273
1334	1.00454
1335	0.996554
1336	1.00112
1337	0.991329
1338	0.989103
1339	0.989946
1340	0.991852
1341	0.980283
1342	1.0006
1343	1.00127
1344	0.999679
1345	1.00405
1346	0.993853
1347	1.00957
1348	1.01303
1349	0.992074
1350	1.00834
1351	1.01218
1352	0.999802
1353	1.00012
1354	1.00826
1355	1.01159
1356	0.999032
1357	0.997766
1358	1.00449
1359	0.992702
1360	0.992037
1361	1.00805
1362	0.996253
1363	0.996927
1364	0.988341
1365	0.988437
1366	1.00677
1367	1.00596
1368	0.994688
1369	1.02459
1370	0.996339
1371	0.99624
1372	1.0072
1373	0.993114
1374	1.00183
1375	1.00052
1376	0.989903
1377	0.999839
1378	1.01193
1379	0.995973
1380	0.997602
1381	1.00083
1382	0.996503
1383	1.00721
1384	1.0015
1385	1.00284
1386	0.992945
1387	1.00968
1388	0.997576
1389	1.01286
1390	0.995499
1391	1.00284
1392	0.995322
1393	1.00197
1394	1.00187
1395	1
1396	0.998282
1397	1.00148
1398	1.00967
1399	0.99679
1400	0.991546
1401	1.00663
1402	0.986901
1403	0.991606
1404	0.995694
1405	0.99053
1406	1.00364
1407	1.00632
1408	1.01803
1409	1.00699
1410	1.01025
1411	1.00731
1412	1.01551
1413	1.01491
1414	0.991703
1415	1.01727
1416	1.00715
1417	0.98812
1418	0.998582
1419	1.01225
1420	1.00614
1421	1.00743
1422	1.01586
1423	0.997035
1424	1.02325
1425	1.00947
1426	0.992279
1427	0.998002
1428	1.00585
1429	0.992343
1430	1.01102
1431	1.02461
1432	1.00355
1433	0.991834
1434	0.996887
1435	1.01193
1436	0.993176
1437	0.999323
1438	0.996024
1439	0.998939
1440	1.01181
1441	1.00429
1442	1.01383
1443	0.998088
1444	1.00885
1445	0.991792
1446	0.994738
1447	1.01647
1448	1.00928
1449	0.98533
1450	0.98652
1451	0.989893
1452	1.01672
1453	1.00919
1454	0.992224
1455	0.986656
1456	1.00769
1457	0.994929
1458	0.987244
1459	0.984833
1460	1.00684
1461	0.993516
1462	0.988284
1463	1.00222
1464	1.00787
1465	0.988016
1466	0.997538
1467	0.997742
1468	0.999125
1469	0.99219
1470	1.00558
1471	1.00393
1472	0.992664
1473	1.01248
1474	0.987452
1475	1.00076
1476	0.995632
1477	1.00081
1478	0.982199
1479	1.01587
1480	1.00926
1481	0.984768
1482	1.00296
1483	1.00092
1484	0.988428
1485	1.00273
1486	0.999585
1487	1.01359
1488	0.986869
1489	1.00755
1490	1.00291
1491	0.998325
1492	0.998487
1493	1.02135
1494	1.0062
1495	0.996283
1496	0.989457
1497	1.00342
1498	1.00214
1499	1.01324
1500	1.00774
1501	1.00519
1502	0.994201
1503	1.0259
1504	1.00372
1505	0.997161
1506	1.02332
1507	0.999105
1508	1.00141
1509	1.00246
1510	1.00341
1511	0.985745
1512	0.996397
1513	1.00055
1514	0.994987
1515	0.983068
1516	0.993554
1517	1.00054
1518	1.00216
1519	0.999537
1520	1.00633
1521	1.00544
1522	1.00198
1523	1.02497
1524	1.01466
1525	1.00335
1526	0.986746
1527	1.00771
1528	1.01427
1529	0.999955
1530	1.01081
1531	1.0068
1532	0.994538
1533	0.9997
1534	1.01489
1535	1.01159
1536	0.998201
1537	0.999762
1538	0.983652
1539	0.985417
1540	0.998354
1541	1.00209
1542	0.987785
1543	1.00572
1544	0.986788
1545	1.00756
1546	1.00449
1547	0.984544
1548	1.01326
1549	1.01998
1550	1.0026
1551	1.00395
1552	0.997481
1553	0.98986
1554	0.994535
1555	1.01425
1556	1.01009
1557	0.995858
1558	0.986526
1559	0.998653
1560	1.0019
1561	1.00651
1562	1.01583
1563	0.984382
1564	1.00175
1565	0.992178
1566	0.995215
1567	0.993547
1568	1.00472
1569	1.00414
1570	1.00108
1571	1.01045
1572	1.01157
1573	0.984004
1574	0.99438
1575	1.00061
1576	0.991738
1577	0.980527
1578	1.00066
1579	1.00277
1580	0.9987
1581	1.00171
1582	0.992468
1583	1.0121
1584	1.0011
1585	1.00061
1586	1.00351
1587	1.0038
1588	1.01021
1589	1.00306
1590	0.984291
1591	1.00222
1592	0.991568
1593	1.01475
1594	0.998683
1595	1.0108
1596	1.00603
1597	1.00246
1598	0.999756
1599	0.996271
1600	1.00932
1601	1.01044
1602	1.00597
1603	1.00034
1604	0.998015
1605	1.01556
1606	1.00438
1607	1.0042
1608	1.01224
1609	0.989276
1610	0.999938
1611	1.01283
1612	1.00127
1613	1.00345
1614	1.01802
1615	0.981219
1616	0.996504
1617	0.999476
1618	1.00313
1619	0.991766
1620	1.01014
1621	1.00237
1622	0.996181
1623	1.01466
1624	1.0097
1625	1.00151
1626	1.01583
1627	0.987137
1628	1.0019
1629	0.991289
1630	0.989246
1631	1.01606
1632	1.01136
1633	1.00219
1634	0.998899
1635	1.00148
1636	1.01439
1637	0.996721
1638	0.991212
1639	0.984668
1640	1.00043
1641	1.01103
1642	1.00452
1643	1.00261
1644	1.00513
1645	1.00624
1646	0.991699
1647	1.00312
1648	1.00116
1649	0.981674
1650	0.992341
1651	1.0093
1652	1.00666
1653	0.996121
1654	1.00525
1655	0.993671
1656	1.01448
1657	1.00238
1658	0.99172
1659	1.0125
1660	0.993658
1661	1.0061
1662	0.999689
1663	0.987151
1664	0.996447
1665	0.976031
1666	0.990961
1667	1.00512
1668	1.01969
1669	0.987291
1670	0.988079
1671	0.999038
1672	1.00556
1673	1.00821
1674	0.989279
1675	1.00394
1676	1.00547
1677	0.992794
1678	0.997002
1679	1.00799
1680	0.997919
1681	0.988349
1682	0.999753
1683	1.00071
1684	1.00839
1685	1.01213
1686	1.0061
1687	1.0022
1688	0.995848
1689	1.00074
1690	1.00099
1691	0.985126
1692	1.0036
1693	1.0089
1694	1.00403
1695	0.995117
1696	1.00643
1697	1.01267
1698	0.996909
1699	0.996381
1700	0.997355
1701	1.01582
1702	0.981013
1703	0.983168
1704	1.00877
1705	1.00807
1706	0.992261
1707	0.989509
1708	1.00029
1709	0.976373
1710	0.997827
1711	0.9989
1712	0.985682
1713	0.987699
1714	0.989992
1715	1.00618
1716	0.997592
1717	0.999426
1718	0.997745
1719	1.00098
1720	1.01206
1721	0.984857
1722	0.989843
1723	1.00416
1724	1.00168
1725	1.00129
1726	0.998402
1727	1.01429
1728	1.00806
1729	0.992833
1730	1.00198
1731	0.990644
1732	0.999688
1733	1.00294
1734	0.987284
1735	1.01517
1736	0.99566
1737	1.00648
1738	1.01107
1739	0.995626
1740	1.00009
1741	1.00795
1742	1.00632
1743	1.0021
1744	0.995347
1745	1.0164
1746	1.00899
1747	1.00103
1748	0.991568
1749	0.999336
1750	1.0038
1751	1.01236
1752	0.984973
1753	1.00295
1754	0.994231
1755	1.00708
1756	1.00647
1757	0.98227
1758	1.00792
1759	1.00298
1760	0.999323
1761	1.00494
1762	0.986017
1763	0.980213
1764	0.998754
1765	0.997977
1766	1.0117
1767	1.01043
1768	1.00281
1769	1.00194
1770	1.00602
1771	1.00984
1772	1.02288
1773	1.00547
1774	1.01622
1775	1.00649
1776	1.00358
1777	1.00001
1778	1.00639
1779	1.0127
1780	0.997174
1781	1.00115
1782	0.998666
1783	0.993592
1784	0.989282
1785	1.01109
1786	0.988818
1787	1.00058
1788	1.00357
1789	0.98915
1790	1.00932
1791	0.986101
1792	1.00768
1793	0.989242
1794	1.00773
1795	0.979055
1796	0.987139
1797	1.00364
1798	0.987448
1799	0.998566
1800	0.986186
1801	1.00565
1802	0.969772
1803	0.997293
1804	1.02373
1805	0.990977
1806	1.01113
1807	0.998457
1808	1.00803
1809	1.00794
1810	0.993829
1811	0.989208
1812	1.00772
1813	0.997941
1814	0.993843
1815	1.00001
1816	0.988488
1817	1.0019
1818	1.00607
1819	1.00636
1820	1.01916
1821	0.983118
1822	0.993465
1823	1.0116
1824	1.01948
1825	0.972906
1826	1.01486
1827	0.986181
1828	0.997394
1829	1.00254
1830	1.00166
1831	0.995342
1832	0.990721
1833	1.00003
1834	0.997954
1835	1.01951
1836	1.00815
1837	0.995548
1838	1.0022
1839	0.991024
1840	1.00196
1841	0.99947
1842	0.992627
1843	1.00127
1844	1.00232
1845	1.00077
1846	0.996442
1847	1.00812
1848	0.998912
1849	1.00177
1850	0.997665
1851	1.00197
1852	0.983751
1853	1.00672
1854	0.985646
1855	1.01992
1856	1.01101
1857	0.988929
1858	0.999864
1859	0.98228
1860	0.988444
1861	0.994651
1862	1.00158
1863	0.992428
1864	1.00868
1865	1.00885
1866	0.999013
1867	0.989019
1868	1.0009
1869	1.00176
1870	1.00543
1871	0.990862
1872	1.02244
1873	0.986122
1874	0.993669
1875	1.02325
1876	0.996465
1877	1.01133
1878	1.00018
1879	0.980659
1880	1.00179
1881	0.991339
1882	1.00766
1883	1.00135
1884	1.01157
1885	1.01916
1886	0.998617
1887	0.988204
1888	0.996526
1889	0.999271
1890	0.995067
1891	1.00356
1892	0.998307
1893	1.00156
1894	0.999472
1895	0.996432
1896	1.0065
1897	1.00635
1898	1.0016
1899	1.01603
1900	0.993643
1901	0.996232
1902	0.989819
1903	1.0074
1904	0.991687
1905	1.0055
1906	1.00849
1907	0.986341
1908	0.998342
1909	1.00728
1910	0.982011
1911	0.998214
1912	1.00528
1913	0.997002
1914	1.00941
1915	0.995477
1916	1.00503
1917	1.00047
1918	0.977609
1919	0.997907
1920	1.00489
1921	0.993753
1922	1.00574
1923	0.99404
1924	0.993669
1925	0.989522
1926	1.01664
1927	1.01555
1928	0.993186
1929	1.00351
1930	0.999878
1931	0.9861
1932	1.00128
1933	0.995303
1934	1.02579
1935	0.994372
1936	0.994001
1937	1.003
1938	1.00364
1939	0.999701
1940	1.01802
1941	1.01033
1942	0.993805
1943	0.982644
1944	0.995154
1945	1.00057
1946	0.997019
1947	0.998377
1948	1.00361
1949	1.00595
1950	1.0064
1951	0.99213
1952	1.00975
1953	0.999073
1954	1.0073
1955	1.01118
1956	1.03185
1957	0.997509
1958	1.00217
1959	0.996166
1960	0.985222
1961	0.996601
1962	0.985655
1963	1.01294
1964	1.01075
1965	1.01905
1966	0.993238
1967	0.996352
1968	0.999351
1969	0.996013
1970	1.02581
1971	1.00013
1972	0.989088
1973	0.99593
1974	1.01371
1975	0.981979
1976	0.987258
1977	1.00454
1978	0.984816
1979	0.995083
1980	0.99439
1981	1.0022
1982	1.01561
1983	1.00281
1984	0.971618
1985	1.00946
1986	0.996938
1987	0.991851
1988	0.983781
1989	1.01387
1990	0.996725
1991	1.01329
1992	0.99165
1993	0.995531
1994	0.982547
1995	0.9901
1996	1.01378
1997	0.977089
1998	1.01127
1999	0.980672
2000	0.993951
2001	1.00006
2002	1.00195
2003	0.995547
2004	0.986707
2005	1.011
2006	1.0082
2007	1.00689
2008	0.979889
2009	0.992144
2010	1.00412
2011	1.01142
2012	1.02184
2013	1.00178
2014	0.998843
2015	0.987754
2016	0.996565
2017	1.00974
2018	1.00092
2019	1.00749
2020	1.01012
2021	0.987126
2022	1.00088
2023	0.999036
2024	1.01074
2025	1.00273
2026	0.994159
2027	1.0005
2028	1.00944
2029	0.995374
2030	0.992898
2031	1.01634
2032	0.991466
2033	0.995182
2034	0.986576
2035	1.00061
2036	1.00077
2037	1.00197
2038	1.00385
2039	1.00519
2040	0.99418
2041	1.00407
2042	1.00373
2043	1.01282
2044	0.995652
2045	1.00869
2046	1.01068
2047	1.01628
2048	1.00345
2049	0.978301
2050	0.989684
2051	0.996987
2052	0.999876
2053	1.00844
2054	1.00266
2055	1.00082
2056	1.00666
2057	1.00905
2058	1.00449
2059	1.00386
2060	0.997793
2061	1.00666
2062	1.00432
2063	1.01265
2064	0.985883
2065	1.01095
2066	1.01023
2067	0.987275
2068	0.98082
2069	1.01286
2070	0.994587
2071	1.00584
2072	1.00725
2073	0.984832
2074	0.985443
2075	0.984946
2076	1.00335
2077	1.01597
2078	1.0231
2079	0.985765
2080	1.01683
2081	0.976571
2082	1.00244
2083	1.00848
2084	0.999944
2085	1.00073
2086	0.996749
2087	1.00114
2088	1.00154
2089	1.00437
2090	0.998743
2091	1.00081
2092	1.00228
2093	0.990912
2094	0.984195
2095	0.998731
2096	0.999673
2097	0.983689
2098	1.01554
2099	0.997689
2100	1.0137
2101	1.00676
2102	1.00047
2103	1.01467
2104	1.00161
2105	1.00281
2106	0.971107
2107	0.993952
2108	0.991469
2109	0.975343
2110	0.988779
2111	0.989784
2112	0.993836
2113	1.0068
2114	1.00519
2115	1.0078
2116	1.01387
2117	0.989065
2118	1.00213
2119	1.0076
2120	1.00477
2121	0.995795
2122	0.992039
2123	1.00633
2124	1.02196
2125	1.00067
2126	1.00242
2127	0.99957
2128	1.00593
2129	0.998489
2130	0.982067
2131	0.983437
2132	1.00847
2133	1.00466
2134	1.00244
2135	0.989743
2136	1.00523
2137	1.00366
2138	1.00063
2139	1.00909
2140	0.996201
2141	0.99979
2142	0.999002
2143	1.01992
2144	1.00746
2145	0.991826
2146	1.01073
2147	1.01922
2148	1.01625
2149	1.00603
2150	1.00561
2151	0.990062
2152	0.990781
2153	1.0001
2154	0.999132
2155	0.972487
2156	1.01543
2157	1.00708
2158	0.997552
2159	0.998619
2160	0.99789
2161	1.00226
2162	1.00163
2163	1.00767
2164	1.00575
2165	0.993328
2166	0.988561
2167	1.00078
2168	1.00544
2169	1.00448
2170	1.00481
2171	0.991499
2172	0.993638
2173	0.991491
2174	1.01258
2175	0.978321
2176	0.987111
2177	0.984369
2178	0.992015
2179	0.990514
2180	0.991374
2181	1.01574
2182	0.994733
2183	1.00846
2184	0.994368
2185	0.993314
2186	1.00795
2187	1.00031
2188	0.994567
2189	0.996595
2190	0.991
2191	0.991482
2192	0.987254
2193	0.99184
2194	1.00602
2195	0.977074
2196	1.01281
2197	1.00286
2198	0.995383
2199	0.995913
2200	0.98931
2201	0.998821
2202	0.989301
2203	1.00789
2204	1.01103
2205	1.00081
2206	0.999213
2207	1.00048
2208	1.00385
2209	0.999473
2210	1.0067
2211	0.996924
2212	1.00426
2213	0.98905
2214	0.993057
2215	0.992321
2216	0.994722
2217	0.989418
2218	0.997554
2219	0.982785
2220	1.00991
2221	1.00977
2222	1.00396
2223	1.00603
2224	0.9897
2225	0.994199
2226	1.00039
2227	0.993593
2228	0.992586
2229	0.987422
2230	0.994459
2231	0.992041
2232	1.00911
2233	1.02357
2234	0.974263
2235	1.00646
2236	1.01591
2237	0.987186
2238	1.00842
2239	1.01072
2240	1.01017
2241	0.99176
2242	1.00463
2243	1.0228
2244	1.00892
2245	0.987581
2246	0.97933
2247	1.00009
2248	0.985306
2249	0.995233
2250	0.996811
2251	1.00366
2252	0.998005
2253	0.999859
2254	0.984997
2255	1.00487
2256	0.998088
2257	1.00325
2258	0.998199
2259	0.998384
2260	1.0148
2261	0.993516
2262	1.00874
2263	1.00927
2264	0.986185
2265	1.00283
2266	1.00559
2267	0.999457
2268	1.01144
2269	0.981385
2270	1.01177
2271	1.00398
2272	1.02209
2273	0.984101
2274	1.00526
2275	1.00129
2276	1.00464
2277	1.00597
2278	1.0148
2279	1.01403
2280	0.975309
2281	1.0047
2282	1.00211
2283	0.982336
2284	1.00752
2285	0.990191
2286	1.00884
2287	1.00436
2288	1.00801
2289	1.00666
2290	1.007
2291	1.01194
2292	0.999461
2293	0.984327
2294	1.00784
2295	1.01243
2296	1.01489
2297	0.992887
2298	0.98328
2299	0.997504
2300	1.00312
2301	0.99691
2302	0.993303
2303	0.9955
2304	1.01016
2305	1.01614
2306	0.996221
2307	1.01535
2308	1.00934
2309	1.00419
2310	1.00929
2311	1.018
2312	0.987807
2313	0.984228
2314	1.01246
2315	0.986244
2316	1.00378
2317	1.01415
2318	0.999364
2319	0.996791
2320	1.01298
2321	1.00393
2322	0.990944
2323	1.0004
2324	1.00821
2325	1.00716
2326	1.00585
2327	0.99469
2328	0.989209
2329	0.985267
2330	0.991626
2331	0.992164
2332	0.993014
2333	1.02984
2334	1.01282
2335	0.993445
2336	1.00665
2337	0.982533
2338	1.00215
2339	1.00073
2340	0.983751
2341	0.993084
2342	1.00605
2343	1.00313
2344	0.985186
2345	1.00507
2346	0.994233
2347	1.01913
2348	0.999242
2349	0.994988
2350	0.984791
2351	1.00621
2352	1.00088
2353	1.00506
2354	0.998905
2355	1.01672
2356	0.979799
2357	0.997993
2358	1.00003
2359	0.987969
2360	1.00202
2361	0.992123
2362	1.00266
2363	1.02047
2364	0.983975
2365	1.00698
2366	1.00206
2367	1.00729
2368	1.00907
2369	1.01128
2370	1.00292
2371	1.00239
2372	1.0051
2373	0.983531
2374	0.985754
2375	0.990618
2376	0.982186
2377	0.983828
2378	0.989069
2379	1.00891
2380	1.01281
2381	0.999354
2382	0.978095
2383	0.995557
2384	0.992173
2385	1.01372
2386	0.99709
2387	1.00978
2388	0.992731
2389	1.00852
2390	1.03252
2391	1.00216
2392	0.991176
2393	0.992167
2394	1.01722
2395	1.00059
2396	0.990525
2397	1.00783
2398	1.02275
2399	1.00654
2400	0.988305
2401	1.00154
2402	1.00596
2403	1.00355
2404	1.01494
2405	0.994118
2406	0.998934
2407	0.973456
2408	1.01182
2409	0.999998
2410	1.01021
2411	1.01091
2412	0.996849
2413	0.998274
2414	0.996203
2415	0.995646
2416	1.00925
2417	1.00304
2418	0.99901
2419	0.994174
2420	0.992175
2421	1.0055
2422	0.99646
2423	1.00538
2424	1.01353
2425	0.988551
2426	1.00014
2427	1.00874
2428	1.02043
2429	1.00336
2430	0.995583
2431	0.997548
2432	1.00678
2433	0.991554
2434	0.993119
2435	1.001
2436	1.00391
2437	0.99937
2438	1.00943
2439	1.01347
2440	1.01393
2441	1.00468
2442	0.988674
2443	1.00099
2444	0.991775
2445	0.990311
2446	1.0068
2447	1.00457
2448	0.979635
2449	0.989024
2450	0.990284
2451	1.00589
2452	0.994376
2453	1.00329
2454	0.992555
2455	0.998123
2456	0.993646
2457	0.991249
2458	1.00601
2459	0.995252
2460	0.993715
2461	0.998512
2462	0.996952
2463	0.998312
2464	1.01879
2465	0.996788
2466	0.9868
2467	1.0075
2468	0.992918
2469	1.00713
2470	1.01345
2471	0.997037
2472	1.00035
2473	1.00582
2474	1.00638
2475	1.00515
2476	1.00731
2477	1.00401
2478	1.01272
2479	1.01089
2480	1.00076
2481	1.00572
2482	1.00711
2483	1.00848
2484	0.989185
2485	1.01063
2486	1.0114
2487	0.992364
2488	1.00423
2489	1.01242
2490	1.00949
2491	1.0159
2492	1.00189
2493	1.00088
2494	1.00964
2495	0.997775
2496	0.990574
2497	1.01935
2498	0.993999
2499	0.990105
2500	0.98832
2501	0.995883
2502	0.997444
2503	0.992362
2504	1.00803
2505	0.999411
2506	1.01033
2507	1.00521
2508	0.993006
2509	0.993466
2510	0.99925
2511	0.997593
2512	0.980427
2513	0.995034
2514	0.986238
2515	0.989409
2516	0.99361
2517	1.00862
2518	0.982074
2519	1.00868
2520	1.0018
2521	1.00051
2522	0.9995
2523	1.00895
2524	1.00244
2525	0.992993
2526	1.01148
2527	1.01053
2528	1.0032
2529	0.98617
2530	0.991359
2531	0.995856
2532	1.00167
2533	1.01265
2534	0.992047
2535	1.00076
2536	1.01276
2537	1.00741
2538	0.998108
2539	0.999357
2540	1.00683
2541	0.999929
2542	0.993854
2543	1.00201
2544	1.00483
2545	1.01509
2546	0.986594
2547	1.00632
2548	0.990331
2549	1.00424
2550	1.0077
2551	1.00003
2552	1.00954
2553	0.989158
2554	0.994947
2555	1.00203
2556	0.995747
2557	0.983147
2558	0.995409
2559	0.987473
2560	1.01352
2561	1.00255
2562	1.00271
2563	0.988866
2564	1.00717
2565	0.976951
2566	0.991584
2567	0.988883
2568	1.00403
2569	1.00022
2570	1.0112
2571	1.00301
2572	1.01816
2573	1.01127
2574	0.978717
2575	0.997958
2576	1.01393
2577	0.999544
2578	1.00932
2579	0.994558
2580	1.00371
2581	1.00012
2582	0.996582
2583	1.00014
2584	0.992752
2585	0.99847
2586	0.988304
2587	0.996284
2588	0.999681
2589	0.99415
2590	1.01463
2591	0.984515
2592	0.989976
2593	0.996965
2594	1.00712
2595	0.986804
2596	1.00253
2597	1.00994
2598	0.999001
2599	0.98603
2600	0.994722
2601	0.998851
2602	0.993311
2603	1.01318
2604	0.998281
2605	1.00516
2606	1.00485
2607	1.01812
2608	1.01201
2609	0.995241
2610	1.00278
2611	1.01039
2612	1.009
2613	1.01162
2614	1.00898
2615	1.01171
2616	1.00149
2617	0.996395
2618	1.00448
2619	0.999567
2620	1.00114
2621	1.01519
2622	0.992478
2623	0.990655
2624	1.0098
2625	1.00664
2626	1.0158
2627	0.999407
2628	1.00671
2629	1.00458
2630	0.995519
2631	0.989105
2632	1.00567
2633	0.984447
2634	1.01043
2635	0.991505
2636	1.00743
2637	1.00199
2638	0.985309
2639	1.00165
2640	1.00205
2641	0.995566
2642	0.991507
2643	1.00523
2644	0.9869
2645	1.01621
2646	1.00637
2647	1.01361
2648	1.00815
2649	0.998331
2650	1.00605
2651	1.01163
2652	1.00338
2653	0.975003
2654	1.00368
2655	0.993389
2656	0.994146
2657	1.00175
2658	0.996813
2659	1.00497
2660	1.00901
2661	0.995859
2662	1.01338
2663	0.996857
2664	1.01004
2665	0.989447
2666	0.986779
2667	1.00841
2668	0.984726
2669	0.991665
2670	1.00194
2671	0.994307
2672	0.980193
2673	0.999463
2674	1.0135
2675	1.00131
2676	0.994509
2677	0.997998
2678	1.00539
2679	1.01503
2680	1.00476
2681	1.00634
2682	1.00516
2683	1.00268
2684	0.989775
2685	1.0186
2686	0.991131
2687	0.98778
2688	0.99578
2689	1.00342
2690	1.02248
2691	0.9943
2692	1.01864
2693	0.989727
2694	0.991486
2695	0.990687
2696	0.989356
2697	1.00762
2698	0.998316
2699	1.0107
2700	1.01977
2701	0.996761
2702	0.997046
2703	1.00129
2704	0.990628
2705	1.01319
2706	1.00352
2707	1.00075
2708	0.993126
2709	1.0039
2710	1.0039
2711	1.02051
2712	1.00983
2713	0.9869
2714	1.00501
2715	0.998694
