0	1.06993
1	0.969567
2	1.05473
3	0.997896
4	1.0577
5	0.99603
6	0.936939
7	0.994771
8	1.00055
9	0.971247
10	1.09738
11	0.931045
12	0.996574
13	0.898966
14	0.925753
15	0.902819
16	1.05372
17	0.948478
18	1.04058
19	0.973251
20	1.14426
21	0.913563
22	1.08157
23	0.968206
24	0.990566
25	0.965025
26	0.987229
27	1.1291
28	0.983001
29	1.13978
30	1.00034
31	0.970447
32	1.10784
33	1.00663
34	1.10673
35	1.08517
36	0.990458
37	0.986055
38	0.979437
39	0.991715
40	0.91878
41	1.00087
42	1.00154
43	0.995012
44	0.907487
45	1.1221
46	0.976734
47	0.982691
48	0.917385
49	0.91667
50	0.859317
51	1.09369
52	1.03417
53	1.02075
54	1.01707
55	0.923536
56	0.958063
57	0.944845
58	0.81939
59	0.914846
60	0.91297
61	0.983348
62	1.12603
63	0.967179
64	0.843439
65	0.979098
66	1.12467
67	0.93798
68	1.01795
69	0.974204
70	0.949912
71	0.972922
72	0.978928
73	0.991088
74	1.05972
75	1.03186
76	0.997822
77	1.08393
78	1.02515
79	0.960901
80	1.06527
81	1.09734
82	1.06851
83	0.937375
84	1.01945
85	0.947315
86	0.956823
87	0.909103
88	1.06905
89	1.02122
90	0.896037
91	1.09409
92	1.01543
93	0.987515
94	0.976766
95	1.02578
96	0.968533
97	1.10551
98	0.997088
99	1.00574
100	1.07793
101	1.06445
102	0.901626
103	1.0215
104	0.978225
105	0.957158
106	1.12956
107	1.00238
108	0.993506
109	0.966845
110	1.05868
111	0.882952
112	0.860323
113	1.03206
114	0.864866
115	0.928345
116	0.956151
117	0.991883
118	0.958283
119	1.0601
120	0.844984
121	0.986983
122	0.948486
123	0.978238
124	1.05667
125	0.890669
126	1.08827
127	0.974737
128	1.07824
129	1.02606
130	0.998645
131	0.936418
132	0.900268
133	1.09872
134	0.927231
135	0.983847
136	0.877642
137	0.913495
138	1.01371
139	0.969554
140	1.07898
141	0.977703
142	0.965667
143	0.825397
144	0.981352
145	1.15675
146	0.977845
147	0.989191
148	1.06411
149	0.982281
150	0.941905
151	0.977664
152	1.05708
153	0.953765
154	1.00359
155	1.045
156	0.97134
157	0.974816
158	0.947973
159	1.05641
160	0.976908
161	1.05606
162	1.0167
163	1.05751
164	1.06573
165	1.09171
166	0.841657
167	0.950524
168	0.980789
169	1.1296
170	1.0945
171	0.965354
172	0.899066
173	0.862894
174	1.14153
175	1.04211
176	0.994387
177	0.871522
178	1.00082
179	0.903262
180	0.947662
181	0.974495
182	0.845781
183	1.0955
184	0.957881
185	0.829631
186	0.967363
187	1.02141
188	0.983453
189	0.951453
190	0.974448
191	0.941072
192	0.885288
193	1.07123
194	0.946669
195	0.965208
196	0.952796
197	1.15573
198	1.03643
199	1.00389
200	0.954016
201	0.892059
202	0.875893
203	0.982765
204	1.03314
205	1.06999
206	0.997617
207	0.831945
208	1.0418
209	1.07326
210	0.994517
211	0.924848
212	1.00526
213	1.02295
214	0.918542
215	0.951347
216	1.00443
217	1.01553
218	0.912869
219	1.01053
220	1.0215
221	0.963421
222	1.06911
223	1.08511
224	1.0257
225	0.92533
226	0.98507
227	1.00126
228	0.887934
229	0.975325
230	1.01607
231	1.01425
232	1.13475
233	1.0066
234	1.0279
235	1.09447
236	1.05427
237	0.941219
238	0.986249
239	1.02077
240	0.919215
241	1.05395
242	0.989451
243	1.05891
244	0.911516
245	1.14886
246	1.07635
247	1.0134
248	1.06089
249	1.06992
250	1.05471
251	0.929061
252	1.11563
253	1.15125
254	1.03824
255	1.08303
256	0.940988
257	1.00041
258	1.01664
259	0.934892
260	1.07148
261	0.929993
262	1.04084
263	0.997571
264	1.08726
265	1.0794
266	0.854
267	0.967558
268	0.923307
269	1.02994
270	0.974821
271	0.955813
272	1.04134
273	0.973168
274	1.02785
275	1.01519
276	1.09224
277	1.08919
278	1.03831
279	1
280	1.09116
281	1.02721
282	1.00501
283	0.978843
284	0.994621
285	1.05161
286	0.973072
287	1.0857
288	0.946942
289	0.899114
290	1.0027
291	1.01528
292	1.02013
293	0.946008
294	1.01281
295	1.0591
296	1.07048
297	0.996504
298	0.87459
299	1.00457
300	1.0218
301	1.04618
302	1.01955
303	0.892601
304	0.972914
305	1.00255
306	0.973368
307	0.829967
308	1.16352
309	1.046
310	0.91303
311	1.06022
312	0.982472
313	1.12177
314	0.896653
315	1.02945
316	0.921552
317	1.15969
318	1.068
319	1.10292
320	1.04226
321	1.0956
322	0.892733
323	1.10468
324	0.950754
325	0.833028
326	1.02775
327	1.02151
328	0.975138
329	1.05559
330	1.12366
331	1.05049
332	1.07212
333	0.901457
334	1.02043
335	0.930217
336	0.845489
337	0.977952
338	1.02973
339	0.883465
340	1.07669
341	0.89957
342	1.007
343	1.08498
344	1.18954
345	1.04415
346	0.975896
347	0.910048
348	1.12872
349	0.973173
350	1.0328
351	1.09959
352	1.07189
353	1.03611
354	0.9796
355	0.94148
356	0.980522
357	0.966959
358	0.918959
359	1.03038
360	0.996044
361	1.00278
362	1.02352
363	1.03731
364	1.00442
365	1.16595
366	0.885806
367	0.976372
368	0.897403
369	1.06642
370	0.999249
371	0.997277
372	1.03871
373	0.918713
374	0.898223
375	1.14715
376	0.926663
377	1.00437
378	1.08715
379	0.815733
380	1.09204
381	1.01972
382	1.05167
383	1.01956
384	0.793986
385	1.00542
386	0.92903
387	1.02458
388	1.04666
389	0.956614
390	0.993362
391	1.07136
392	1.06504
393	0.970822
394	0.88434
395	1.00045
396	1.00126
397	0.994466
398	0.945004
399	0.988102
400	1.06452
401	1.0025
402	1.02493
403	1.06078
404	0.996963
405	0.876884
406	1.00711
407	1.00701
408	1.03253
409	0.951995
410	0.946279
411	0.997393
412	0.99669
413	0.938467
414	1.03499
415	0.882228
416	0.937789
417	1.09957
418	1.03289
419	0.994348
420	1.11971
421	1.01919
422	0.946057
423	0.986919
424	0.967096
425	1.07396
426	1.06021
427	0.90546
428	1.07215
429	0.945139
430	1.02501
431	0.994392
432	0.956568
433	0.977993
434	0.956145
435	1.02319
436	0.925762
437	0.91246
438	1.08762
439	1.08481
440	1.08654
441	0.968155
442	1.00403
443	0.916795
444	1.05106
445	0.978955
446	1.0869
447	0.966491
448	0.981028
449	0.982394
450	1.00542
451	1.12783
452	1.16831
453	1.03578
454	1.09041
455	1.14712
456	0.949388
457	1.07436
458	1.05824
459	1.00387
460	0.915385
461	0.734242
462	0.933636
463	0.982702
464	1.00756
465	0.973412
466	1.06282
467	1.01127
468	1.0269
469	1.13855
470	0.97623
471	1.011
472	0.97096
473	0.872122
474	1.0191
475	0.9096
476	0.976764
477	0.976824
478	0.975021
479	1.11738
480	0.963934
481	1.05904
482	1.06789
483	1.1288
484	1.08802
485	1.07741
486	0.985621
487	0.923723
488	0.997267
489	0.976955
490	0.985789
491	1.0566
492	0.897472
493	1.05142
494	1.02572
495	0.972439
496	1.03179
497	0.969431
498	0.887268
499	1.1415
500	0.969345
501	0.986684
502	0.960049
503	0.993391
504	1.04753
505	0.986533
506	1.03904
507	0.973909
508	0.894733
509	0.814312
510	0.962442
511	0.948017
512	0.962718
513	0.99201
514	0.966237
515	1.124
516	1.04322
517	0.993067
518	1.03362
519	1.00332
520	1.01112
521	0.959088
522	0.94064
523	1.02701
524	0.850091
525	1.0697
526	0.946344
527	1.08871
528	0.960854
529	1.08542
530	1.01402
531	1.15827
532	0.94462
533	1.0581
534	1.0434
535	0.983473
536	1.18087
537	1.0947
538	0.999291
539	0.984109
540	1.09523
541	0.998135
542	0.92323
543	0.933619
544	0.959129
545	1.04212
546	1.08347
547	0.956787
548	0.87609
549	1.02759
550	0.960361
551	1.0283
552	1.05218
553	0.98577
554	1.12011
555	0.886903
556	1.00712
557	0.899003
558	0.847656
559	1.0363
560	1.03309
561	1.08368
562	0.939213
563	1.07259
564	0.951732
565	0.943852
566	1.00524
567	0.92428
568	0.890482
569	1.01408
570	0.838754
571	0.870993
572	0.910891
573	1.11824
574	0.911048
575	1.06093
576	1.01552
577	1.07532
578	1.13002
579	1.13344
580	0.976715
581	1.02891
582	0.931985
583	0.958768
584	1.06467
585	1.01141
586	0.993939
587	0.945886
588	1.0261
589	0.904836
590	0.9072
591	1.0129
592	1.10845
593	0.965355
594	1.01121
595	1.03074
596	1.05054
597	1.01833
598	1.12091
599	0.995688
600	1.02363
601	0.989676
602	0.94701
603	0.933412
604	1.01481
605	1.06621
606	1.0149
607	1.00044
608	1.00953
609	1.09066
610	0.939954
611	0.872055
612	1.0077
613	0.980043
614	1.05947
615	0.930111
616	0.997527
617	1.07052
618	0.954624
619	1.0078
620	1.06148
621	1.20836
622	0.959831
623	0.878927
624	0.977614
625	0.989515
626	0.927055
627	1.01215
628	0.992934
629	1.03055
630	0.93734
631	0.896168
632	1.08789
633	0.919979
634	0.998995
635	0.995282
636	0.981704
637	1.06504
638	1.09741
639	0.929322
640	0.996565
641	0.916969
642	1.05106
643	0.996771
644	1.12971
645	0.989084
646	1.07517
647	0.997443
648	0.994675
649	1.23763
650	1.10679
651	0.991001
652	0.934791
653	0.997476
654	1.02987
655	0.904988
656	1.12073
657	0.970269
658	1.05829
659	0.853055
660	1.0176
661	0.987921
662	1.14931
663	1.01373
664	1.12639
665	0.994749
666	0.962035
667	0.970748
668	1.08438
669	1.04691
670	1.03803
671	1.14963
672	1.07329
673	0.91425
674	1.02735
675	1.0597
676	1.04609
677	1.07377
678	0.969279
679	1.04642
680	1.08335
681	1.05736
682	1.16184
683	1.03424
684	1.09242
685	0.990626
686	1.00595
687	0.969144
688	1.06243
689	0.988862
690	1.05208
691	0.989373
692	1.0324
693	1.06345
694	0.889873
695	1.03708
696	1.09917
697	0.976558
698	1.1123
699	0.910741
700	1.07896
701	1.16195
702	1.16738
703	1.05426
704	1.07131
705	1.08439
706	0.967729
707	1.09592
708	1.11151
709	1.02737
710	1.00871
711	1.02033
712	0.945008
713	1.02713
714	1.02591
715	0.968639
716	1.17956
717	1.09598
718	0.93641
719	1.06223
720	0.974347
721	1.06052
722	0.991823
723	0.892149
724	0.97501
725	0.975539
726	1.07143
727	1.14266
728	0.978369
729	0.998827
730	0.994849
731	1.09814
732	1.01285
733	0.929432
734	1.02712
735	0.942831
736	1.1066
737	0.851795
738	0.861422
739	1.01473
740	1.01395
741	1.16085
742	0.989314
743	1.04211
744	0.962745
745	0.943498
746	1.04253
747	1.00508
748	1.00611
749	0.97924
750	0.863858
751	1.0232
752	0.997037
753	0.935373
754	0.991874
755	0.952805
756	1.09124
757	1.08113
758	0.9949
759	0.941402
760	0.992019
761	1.00648
762	1.06931
763	0.968066
764	1.105
765	1.05517
766	1.04808
767	0.992522
768	0.83864
769	1.08527
770	1.02722
771	0.893887
772	1.03872
773	1.00484
774	0.914268
775	0.947167
776	1.0026
777	1.07974
778	0.956462
779	0.900227
780	0.949716
781	0.935475
782	0.945632
783	0.919324
784	1.08706
785	1.04911
786	0.973173
787	0.935723
788	1.0993
789	1.03916
790	1.05937
791	0.980774
792	0.97373
793	0.955887
794	0.979011
795	1.03628
796	1.0024
797	1.06323
798	0.949181
799	1.03685
800	0.975265
801	1.0115
802	1.00544
803	0.92686
804	1.019
805	0.949884
806	0.883626
807	1.08776
808	0.944142
809	0.869064
810	0.9726
811	1.08438
812	0.944012
813	0.88168
814	1.10091
815	1.00245
816	0.895521
817	1.0766
818	0.969014
819	0.986138
820	0.939382
821	1.0473
822	0.988214
823	1.10539
824	0.947594
825	1.09701
826	0.956295
827	0.991246
828	0.933585
829	1.06252
830	1.01896
831	1.07433
832	1.0451
833	1.12764
834	1.06947
835	1.11704
836	0.938684
837	1.04171
838	0.918275
839	1.018
840	1.01345
841	0.997775
842	0.930976
843	1.00993
844	1.07933
845	1.12314
846	1.19974
847	1.01851
848	0.89651
849	1.00277
850	0.935303
851	0.945183
852	1.15582
853	1.05233
854	0.996251
855	1.02533
856	1.02545
857	0.906619
858	1.02622
859	1.06503
860	0.919116
861	1.00354
862	1.03285
863	0.978218
864	0.900891
865	1.12691
866	1.0625
867	0.98278
868	1.0019
869	0.988479
870	0.951552
871	0.93078
872	1.12397
873	1.03059
874	0.987742
875	0.921022
876	1.17585
877	1.0652
878	0.858586
879	0.985178
880	1.02881
881	1.06176
882	1.07739
883	1.2078
884	0.940621
885	1.09884
886	0.963997
887	1.01111
888	0.844569
889	0.960524
890	0.970598
891	0.991765
892	0.943928
893	0.839318
894	0.92213
895	1.03918
896	1.09
897	0.967764
898	1.03961
899	1.06246
900	1.00542
901	1.04811
902	0.980258
903	0.863743
904	1.09534
905	0.886151
906	0.998434
907	0.987809
908	1.04002
909	1.04598
910	0.978594
911	0.982663
912	0.959228
913	1.02741
914	1.12855
915	0.943752
916	0.962594
917	1.11509
918	0.941464
919	0.976483
920	0.948756
921	0.960787
922	0.910367
923	1.09927
924	0.949774
925	1.03693
926	0.953754
927	1.05456
928	1.04631
929	1.11671
930	0.927885
931	1.05651
932	1.02686
933	0.900727
934	1.06547
935	1.00788
936	1.08426
937	1.04481
938	0.994003
939	0.960112
940	0.985996
941	0.938727
942	1.01815
943	0.897497
944	1.07068
945	0.925539
946	0.921076
947	0.938972
948	0.917695
949	1.05338
950	0.971737
951	0.970531
952	0.939987
953	0.956217
954	0.955861
955	0.93121
956	0.975118
957	1.01908
958	1.09718
959	1.02371
960	1.0416
961	0.94992
962	1.01403
963	1.0581
964	1.0051
965	1.13201
966	1.05105
967	0.954406
968	1.0236
969	1.03097
970	1.11534
971	1.02666
972	0.903582
973	0.997389
974	1.07659
975	0.958215
976	0.989356
977	0.959029
978	0.868643
979	1.08966
980	0.96708
981	0.872808
982	1.10704
983	0.874289
984	0.818302
985	0.909144
986	1.0126
987	1.08178
988	0.937759
989	1.00685
990	1.10328
991	0.889691
992	1.04602
993	1.08984
994	1.00464
995	0.963785
996	0.941973
997	1.08032
998	0.937366
999	1.05805
1000	1.08443
1001	0.975276
1002	1.12957
1003	0.936603
1004	1.06131
1005	1.06325
1006	1.01039
1007	1.12023
1008	0.963205
1009	0.917707
1010	0.979422
1011	1.08303
1012	0.967692
1013	1.04623
1014	0.986837
1015	1.03407
1016	0.964552
1017	1.08592
1018	0.981612
1019	0.928037
1020	1.00637
1021	0.974371
1022	0.940898
1023	1.02092
1024	1.02707
1025	0.987795
1026	1.03375
1027	1.07902
1028	1.04785
1029	0.937698
1030	0.958457
1031	0.952575
1032	0.96311
1033	1.0131
1034	1.06669
1035	0.899313
1036	0.939968
1037	0.998764
1038	0.906208
1039	0.963255
1040	0.964535
1041	0.927143
1042	1.02375
1043	0.963477
1044	0.995106
1045	1.06255
1046	1.08754
1047	1.03962
1048	0.989533
1049	0.987558
1050	0.993994
1051	1.1137
1052	1.04796
1053	1.06872
1054	1.00596
1055	1.09949
1056	1.0169
1057	0.945228
1058	0.887611
1059	1.04977
1060	1.00846
1061	0.987505
1062	0.92174
1063	1.14191
1064	0.891962
1065	0.951025
1066	0.985909
1067	1.05314
1068	1.00188
1069	1.01585
1070	0.930577
1071	1.01368
1072	1.25125
1073	0.935872
1074	1.01314
1075	1.01291
1076	1.02457
1077	1.01351
1078	0.868259
1079	1.04545
1080	0.971786
1081	1.00311
1082	1.03003
1083	0.93125
1084	0.942256
1085	1.03084
1086	0.982759
1087	0.981952
1088	1.09528
1089	0.907802
1090	0.846335
1091	1.07683
1092	1.15107
1093	1.06086
1094	1.01456
1095	1.06873
1096	1.03681
1097	1.08845
1098	0.960559
1099	0.995269
1100	1.0668
1101	0.975245
1102	1.03866
1103	0.95077
1104	1.04803
1105	1.00665
1106	1.15957
1107	1.07889
1108	1.03224
1109	1.00623
1110	1.06599
1111	0.930982
1112	1.00089
1113	0.976576
1114	1.07073
1115	0.983753
1116	1.09108
1117	0.867435
1118	1.02963
1119	1.06
1120	1.02161
1121	0.986235
1122	0.956748
1123	1.01897
1124	0.977763
1125	1.0278
1126	0.990221
1127	0.949318
1128	0.984972
1129	0.995438
1130	0.962629
1131	1.04327
1132	1.04837
1133	0.994113
1134	0.859699
1135	1.04809
1136	1.11102
1137	0.992901
1138	1.02887
1139	0.979005
1140	1.02114
1141	1.06067
1142	0.996316
1143	0.96472
1144	1.01203
1145	0.882077
1146	1.01569
1147	0.991627
1148	0.962563
1149	0.982108
1150	0.861855
1151	0.892869
1152	0.853764
1153	1.12023
1154	0.888238
1155	0.967468
1156	0.854777
1157	1.14303
1158	1.04187
1159	0.924997
1160	0.99441
1161	0.946396
1162	1.07721
1163	0.895505
1164	0.983437
1165	1.02247
1166	0.947949
1167	1.10493
1168	1.05202
1169	1.08911
1170	1.03608
1171	1.10257
1172	1.01868
1173	0.938576
1174	0.987942
1175	1.06707
1176	0.994387
1177	1.03935
1178	1.10235
1179	0.965375
1180	0.954379
1181	0.910709
1182	1.03447
1183	0.985538
1184	0.981508
1185	1.10521
1186	0.954766
1187	1.13056
1188	1.01161
1189	0.921441
1190	0.965421
1191	1.03368
1192	1.02331
1193	0.98045
1194	0.9832
1195	0.939198
1196	0.924724
1197	1.06295
1198	0.960326
1199	0.880259
1200	0.9699
1201	1.11418
1202	0.954337
1203	1.02069
1204	0.967008
1205	1.11588
1206	0.860014
1207	1.06186
1208	1.02599
1209	1.0355
1210	0.966573
1211	1.23396
1212	0.899556
1213	0.964823
1214	0.987933
1215	0.961343
1216	0.879772
1217	0.988016
1218	0.911954
1219	1.0515
1220	1.00558
1221	1.04193
1222	1.0511
1223	0.882436
1224	0.933163
1225	1.05108
1226	1.00835
1227	1.14464
1228	0.96176
1229	1.10092
1230	0.97426
1231	1.02001
1232	0.910964
1233	0.83412
1234	0.933053
1235	0.951376
1236	1.08996
1237	0.863508
1238	1.02647
1239	0.93861
1240	0.828466
1241	1.01774
1242	0.940263
1243	0.983969
1244	0.932127
1245	1.05301
1246	1.04912
1247	1.02365
1248	0.978733
1249	0.870054
1250	1.04315
1251	1.04734
1252	1.02254
1253	1.00411
1254	0.981582
1255	1.07944
1256	0.940156
1257	0.986142
1258	0.967137
1259	1.05562
1260	0.936955
1261	0.90002
1262	1.07364
1263	1.01458
1264	0.993657
1265	1.01422
1266	0.883043
1267	1.04421
1268	0.934791
1269	1.03534
1270	1.03806
1271	1.06927
1272	0.96047
1273	1.07147
1274	0.911614
1275	1.068
1276	1.05058
1277	0.997995
1278	0.96858
1279	1.00071
1280	0.945008
1281	1.01882
1282	1.06686
1283	1.07813
1284	0.910476
1285	1.13091
1286	0.968577
1287	1.02849
1288	0.91084
1289	1.00353
1290	0.927796
1291	1.02239
1292	1.03802
1293	1.11134
1294	1.10422
1295	0.991616
1296	0.8638
1297	0.95437
1298	0.959249
1299	1.06176
1300	0.934796
1301	0.935025
1302	0.962206
1303	0.985899
1304	1.05287
1305	1.08255
1306	0.967667
1307	0.903369
1308	1.04713
1309	1.0544
1310	1.12759
1311	0.929701
1312	1.07093
1313	0.949952
1314	1.00407
1315	0.946325
1316	0.98887
1317	1.07656
1318	1.08594
1319	1.07113
1320	0.978731
1321	1.01846
1322	0.984867
1323	1.01581
1324	0.977924
1325	1.03506
1326	1.10231
1327	1.0671
1328	1.07208
1329	1.07265
1330	1.00881
1331	0.934307
1332	0.95631
1333	1.01911
1334	1.0318
1335	0.975881
1336	1.00784
1337	0.939304
1338	0.92372
1339	0.929623
1340	0.942965
1341	0.861984
1342	1.00419
1343	1.00886
1344	0.997755
1345	1.02836
1346	0.956972
1347	1.06699
1348	1.09119
1349	0.944515
1350	1.05837
1351	1.08526
1352	0.998611
1353	1.00085
1354	1.05783
1355	1.0811
1356	0.993221
1357	0.984362
1358	1.03144
1359	0.948911
1360	0.944258
1361	1.05634
1362	0.973774
1363	0.97849
1364	0.918385
1365	0.919063
1366	1.04739
1367	1.04172
1368	0.962815
1369	1.17212
1370	0.974374
1371	0.973678
1372	1.05039
1373	0.951795
1374	1.0128
1375	1.00361
1376	0.929322
1377	0.998874
1378	1.08348
1379	0.97181
1380	0.983217
1381	1.0058
1382	0.975523
1383	1.05048
1384	1.01049
1385	1.0199
1386	0.950616
1387	1.06777
1388	0.983029
1389	1.09001
1390	0.968491
1391	1.01989
1392	0.967256
1393	1.01381
1394	1.01311
1395	1
1396	0.987972
1397	1.01034
1398	1.06771
1399	0.977533
1400	0.940823
1401	1.0464
1402	0.908307
1403	0.941245
1404	0.969858
1405	0.933711
1406	1.02547
1407	1.04424
1408	1.1262
1409	1.04894
1410	1.07174
1411	1.05116
1412	1.10856
1413	1.10439
1414	0.94192
1415	1.12092
1416	1.05003
1417	0.916839
1418	0.990075
1419	1.08575
1420	1.043
1421	1.05204
1422	1.11099
1423	0.979246
1424	1.16277
1425	1.06626
1426	0.945954
1427	0.986015
1428	1.04095
1429	0.946404
1430	1.07717
1431	1.17226
1432	1.02485
1433	0.942838
1434	0.978207
1435	1.08354
1436	0.952234
1437	0.995258
1438	0.972168
1439	0.992574
1440	1.08267
1441	1.03001
1442	1.09683
1443	0.986617
1444	1.06193
1445	0.942547
1446	0.963166
1447	1.11532
1448	1.06498
1449	0.897312
1450	0.905642
1451	0.92925
1452	1.11707
1453	1.06432
1454	0.945568
1455	0.906592
1456	1.0538
1457	0.964505
1458	0.910707
1459	0.893832
1460	1.0479
1461	0.954613
1462	0.917985
1463	1.01557
1464	1.05512
1465	0.916112
1466	0.982763
1467	0.984196
1468	0.993874
1469	0.94533
1470	1.03903
1471	1.02748
1472	0.948647
1473	1.08739
1474	0.912163
1475	1.00534
1476	0.969426
1477	1.00566
1478	0.875396
1479	1.1111
1480	1.06481
1481	0.893378
1482	1.0207
1483	1.00646
1484	0.918996
1485	1.01909
1486	0.997094
1487	1.09513
1488	0.908083
1489	1.05282
1490	1.02037
1491	0.988272
1492	0.989412
1493	1.14943
1494	1.0434
1495	0.973979
1496	0.926199
1497	1.02395
1498	1.01497
1499	1.09265
1500	1.05417
1501	1.03631
1502	0.959406
1503	1.18129
1504	1.02602
1505	0.980129
1506	1.16327
1507	0.993736
1508	1.00989
1509	1.0172
1510	1.02389
1511	0.900216
1512	0.974777
1513	1.00383
1514	0.96491
1515	0.881478
1516	0.954878
1517	1.00377
1518	1.01511
1519	0.996757
1520	1.04431
1521	1.03807
1522	1.01384
1523	1.17476
1524	1.10259
1525	1.02345
1526	0.907223
1527	1.054
1528	1.0999
1529	0.999684
1530	1.0757
1531	1.04761
1532	0.961767
1533	0.997899
1534	1.10426
1535	1.0811
1536	0.987404
1537	0.998332
1538	0.885561
1539	0.897918
1540	0.988475
1541	1.0146
1542	0.914495
1543	1.04001
1544	0.907518
1545	1.0529
1546	1.03141
1547	0.891807
1548	1.09281
1549	1.13984
1550	1.0182
1551	1.02762
1552	0.982364
1553	0.929021
1554	0.961743
1555	1.09976
1556	1.07061
1557	0.971008
1558	0.905685
1559	0.990574
1560	1.01329
1561	1.04556
1562	1.1108
1563	0.890675
1564	1.01224
1565	0.945249
1566	0.966502
1567	0.954827
1568	1.03305
1569	1.02898
1570	1.00756
1571	1.07312
1572	1.08096
1573	0.888024
1574	0.960661
1575	1.00429
1576	0.942167
1577	0.863691
1578	1.0046
1579	1.0194
1580	0.990899
1581	1.012
1582	0.947275
1583	1.08471
1584	1.00771
1585	1.00425
1586	1.02459
1587	1.02663
1588	1.07144
1589	1.02139
1590	0.890034
1591	1.01553
1592	0.940973
1593	1.10324
1594	0.990783
1595	1.07559
1596	1.0422
1597	1.01723
1598	0.998293
1599	0.9739
1600	1.06523
1601	1.07307
1602	1.04182
1603	1.00236
1604	0.986104
1605	1.10895
1606	1.03067
1607	1.02942
1608	1.0857
1609	0.924931
1610	0.999568
1611	1.08978
1612	1.00892
1613	1.02413
1614	1.12617
1615	0.868533
1616	0.975527
1617	0.996334
1618	1.02194
1619	0.942359
1620	1.07101
1621	1.01659
1622	0.973264
1623	1.10261
1624	1.06787
1625	1.01055
1626	1.11079
1627	0.90996
1628	1.01327
1629	0.939022
1630	0.924721
1631	1.11244
1632	1.07951
1633	1.01534
1634	0.99229
1635	1.01033
1636	1.10072
1637	0.977048
1638	0.938484
1639	0.892674
1640	1.00298
1641	1.07723
1642	1.03164
1643	1.01825
1644	1.03594
1645	1.04371
1646	0.941892
1647	1.02182
1648	1.00813
1649	0.871716
1650	0.946389
1651	1.06508
1652	1.04659
1653	0.972844
1654	1.03674
1655	0.955698
1656	1.10139
1657	1.01669
1658	0.942037
1659	1.08748
1660	0.955603
1661	1.04273
1662	0.997825
1663	0.91006
1664	0.975131
1665	0.832216
1666	0.936727
1667	1.03582
1668	1.13786
1669	0.91104
1670	0.916554
1671	0.993264
1672	1.03893
1673	1.05744
1674	0.92495
1675	1.02759
1676	1.0383
1677	0.949559
1678	0.979017
1679	1.05592
1680	0.985435
1681	0.918446
1682	0.998273
1683	1.00495
1684	1.05871
1685	1.08488
1686	1.04273
1687	1.01541
1688	0.970938
1689	1.00518
1690	1.00694
1691	0.895885
1692	1.02522
1693	1.06232
1694	1.02818
1695	0.965816
1696	1.04499
1697	1.08868
1698	0.978365
1699	0.974668
1700	0.981482
1701	1.11072
1702	0.867092
1703	0.882173
1704	1.06137
1705	1.05647
1706	0.945827
1707	0.92656
1708	1.00205
1709	0.834612
1710	0.984786
1711	0.992297
1712	0.899775
1713	0.913894
1714	0.929946
1715	1.04323
1716	0.983142
1717	0.995982
1718	0.984218
1719	1.00687
1720	1.08443
1721	0.893999
1722	0.9289
1723	1.02913
1724	1.01173
1725	1.00902
1726	0.988813
1727	1.10004
1728	1.0564
1729	0.949833
1730	1.01387
1731	0.934507
1732	0.997818
1733	1.02058
1734	0.910987
1735	1.1062
1736	0.96962
1737	1.04539
1738	1.07751
1739	0.969382
1740	1.0006
1741	1.05564
1742	1.04423
1743	1.0147
1744	0.967426
1745	1.11483
1746	1.06291
1747	1.00722
1748	0.940976
1749	0.99535
1750	1.02663
1751	1.08649
1752	0.894814
1753	1.02062
1754	0.95962
1755	1.04954
1756	1.04527
1757	0.875892
1758	1.05541
1759	1.02086
1760	0.99526
1761	1.0346
1762	0.902122
1763	0.861491
1764	0.99128
1765	0.985839
1766	1.08193
1767	1.07302
1768	1.01967
1769	1.01359
1770	1.04213
1771	1.06886
1772	1.16015
1773	1.03832
1774	1.11352
1775	1.04545
1776	1.02505
1777	1.00004
1778	1.04475
1779	1.08889
1780	0.98022
1781	1.00803
1782	0.990659
1783	0.955143
1784	0.924975
1785	1.07763
1786	0.921727
1787	1.00405
1788	1.02498
1789	0.924051
1790	1.06523
1791	0.902705
1792	1.05376
1793	0.924693
1794	1.05409
1795	0.853386
1796	0.909972
1797	1.02549
1798	0.912136
1799	0.98996
1800	0.903305
1801	1.03954
1802	0.788407
1803	0.981053
1804	1.16611
1805	0.936836
1806	1.0779
1807	0.989202
1808	1.05621
1809	1.05555
1810	0.956803
1811	0.924453
1812	1.05406
1813	0.985585
1814	0.956898
1815	1.00005
1816	0.919413
1817	1.01329
1818	1.04252
1819	1.04451
1820	1.13412
1821	0.881827
1822	0.954254
1823	1.08117
1824	1.13633
1825	0.810341
1826	1.10404
1827	0.903266
1828	0.981758
1829	1.01781
1830	1.01161
1831	0.967392
1832	0.935045
1833	1.00021
1834	0.985681
1835	1.13658
1836	1.05708
1837	0.968835
1838	1.01537
1839	0.937165
1840	1.01374
1841	0.996288
1842	0.948386
1843	1.00891
1844	1.01625
1845	1.0054
1846	0.975092
1847	1.05685
1848	0.992387
1849	1.01238
1850	0.983654
1851	1.01376
1852	0.886256
1853	1.04705
1854	0.899523
1855	1.13947
1856	1.07709
1857	0.922502
1858	0.999045
1859	0.875961
1860	0.919109
1861	0.962556
1862	1.01104
1863	0.946996
1864	1.06076
1865	1.06193
1866	0.993089
1867	0.923131
1868	1.00629
1869	1.01235
1870	1.03802
1871	0.936031
1872	1.15711
1873	0.902856
1874	0.955686
1875	1.16277
1876	0.975258
1877	1.07931
1878	1.00123
1879	0.864615
1880	1.01252
1881	0.939373
1882	1.05363
1883	1.00944
1884	1.08098
1885	1.13414
1886	0.990317
1887	0.917427
1888	0.97568
1889	0.994898
1890	0.965468
1891	1.02492
1892	0.988146
1893	1.0109
1894	0.996301
1895	0.975024
1896	1.04551
1897	1.04442
1898	1.0112
1899	1.11222
1900	0.955499
1901	0.973624
1902	0.928729
1903	1.05183
1904	0.941812
1905	1.03847
1906	1.05941
1907	0.904388
1908	0.988396
1909	1.05094
1910	0.87408
1911	0.987498
1912	1.03696
1913	0.979012
1914	1.0659
1915	0.968342
1916	1.03521
1917	1.0033
1918	0.84326
1919	0.98535
1920	1.03423
1921	0.95627
1922	1.04018
1923	0.958282
1924	0.955683
1925	0.926656
1926	1.11646
1927	1.10888
1928	0.952301
1929	1.02456
1930	0.999145
1931	0.902701
1932	1.00898
1933	0.967122
1934	1.18056
1935	0.960607
1936	0.958005
1937	1.02101
1938	1.02546
1939	0.997904
1940	1.12614
1941	1.07234
1942	0.956634
1943	0.878508
1944	0.966076
1945	1.00398
1946	0.979132
1947	0.988636
1948	1.02528
1949	1.04166
1950	1.04482
1951	0.944908
1952	1.06828
1953	0.993511
1954	1.0511
1955	1.07827
1956	1.22295
1957	0.98256
1958	1.01517
1959	0.973161
1960	0.896552
1961	0.976208
1962	0.899586
1963	1.09057
1964	1.07526
1965	1.13333
1966	0.952665
1967	0.974461
1968	0.995457
1969	0.97209
1970	1.18067
1971	1.00091
1972	0.923616
1973	0.971508
1974	1.096
1975	0.873854
1976	0.910804
1977	1.0318
1978	0.893713
1979	0.965584
1980	0.960727
1981	1.01542
1982	1.10926
1983	1.01968
1984	0.801322
1985	1.06621
1986	0.978565
1987	0.942958
1988	0.886467
1989	1.09711
1990	0.977075
1991	1.09306
1992	0.941553
1993	0.968717
1994	0.877829
1995	0.930703
1996	1.09649
1997	0.839622
1998	1.0789
1999	0.864705
2000	0.957654
2001	1.00043
2002	1.01365
2003	0.968826
2004	0.906949
2005	1.07703
2006	1.05742
2007	1.04823
2008	0.85922
2009	0.945008
2010	1.02886
2011	1.07996
2012	1.15286
2013	1.01243
2014	0.991899
2015	0.914276
2016	0.975956
2017	1.06815
2018	1.00647
2019	1.05243
2020	1.07083
2021	0.909882
2022	1.00619
2023	0.993255
2024	1.07517
2025	1.01908
2026	0.959115
2027	1.0035
2028	1.06606
2029	0.967616
2030	0.950285
2031	1.11436
2032	0.940259
2033	0.966271
2034	0.906034
2035	1.0043
2036	1.00539
2037	1.01377
2038	1.02697
2039	1.03635
2040	0.959258
2041	1.02846
2042	1.02611
2043	1.08974
2044	0.969567
2045	1.06081
2046	1.07477
2047	1.11398
2048	1.02412
2049	0.848108
2050	0.927789
2051	0.978912
2052	0.999135
2053	1.0591
2054	1.01864
2055	1.00577
2056	1.04665
2057	1.06336
2058	1.03143
2059	1.02699
2060	0.98455
2061	1.04663
2062	1.03026
2063	1.08852
2064	0.901178
2065	1.07667
2066	1.0716
2067	0.910927
2068	0.865743
2069	1.09005
2070	0.962107
2071	1.04087
2072	1.05076
2073	0.893825
2074	0.898103
2075	0.894623
2076	1.02342
2077	1.11178
2078	1.16171
2079	0.900356
2080	1.11782
2081	0.835997
2082	1.01707
2083	1.05939
2084	0.999611
2085	1.00511
2086	0.97724
2087	1.00799
2088	1.01077
2089	1.03058
2090	0.991198
2091	1.00565
2092	1.01597
2093	0.936383
2094	0.889364
2095	0.991116
2096	0.997709
2097	0.885826
2098	1.10876
2099	0.983821
2100	1.09593
2101	1.04735
2102	1.00332
2103	1.10267
2104	1.01125
2105	1.01966
2106	0.79775
2107	0.957661
2108	0.940283
2109	0.827398
2110	0.921453
2111	0.928486
2112	0.956849
2113	1.04757
2114	1.03634
2115	1.05458
2116	1.09706
2117	0.923452
2118	1.01489
2119	1.0532
2120	1.03337
2121	0.970564
2122	0.944276
2123	1.0443
2124	1.15371
2125	1.00466
2126	1.01694
2127	0.996992
2128	1.0415
2129	0.989425
2130	0.87447
2131	0.884061
2132	1.05932
2133	1.03263
2134	1.01706
2135	0.928204
2136	1.03659
2137	1.0256
2138	1.00444
2139	1.06361
2140	0.973405
2141	0.998529
2142	0.993013
2143	1.13942
2144	1.05224
2145	0.942782
2146	1.07514
2147	1.13452
2148	1.11375
2149	1.04218
2150	1.03928
2151	0.930436
2152	0.935467
2153	1.00067
2154	0.993927
2155	0.80741
2156	1.10804
2157	1.04954
2158	0.982863
2159	0.990336
2160	0.985229
2161	1.01584
2162	1.01139
2163	1.05366
2164	1.04023
2165	0.953297
2166	0.91993
2167	1.00546
2168	1.03811
2169	1.03139
2170	1.03364
2171	0.940496
2172	0.955466
2173	0.940439
2174	1.08804
2175	0.848248
2176	0.909778
2177	0.890582
2178	0.944105
2179	0.9336
2180	0.939617
2181	1.11017
2182	0.96313
2183	1.05919
2184	0.960574
2185	0.953196
2186	1.05562
2187	1.00215
2188	0.961966
2189	0.976163
2190	0.936997
2191	0.940377
2192	0.910778
2193	0.94288
2194	1.04215
2195	0.839517
2196	1.08964
2197	1.02
2198	0.967678
2199	0.97139
2200	0.925168
2201	0.991747
2202	0.925109
2203	1.05523
2204	1.0772
2205	1.0057
2206	0.994493
2207	1.00337
2208	1.02696
2209	0.996311
2210	1.0469
2211	0.97847
2212	1.02983
2213	0.923349
2214	0.9514
2215	0.94625
2216	0.963052
2217	0.925926
2218	0.98288
2219	0.879497
2220	1.06938
2221	1.0684
2222	1.02771
2223	1.04219
2224	0.927901
2225	0.95939
2226	1.00275
2227	0.955154
2228	0.948105
2229	0.911954
2230	0.961215
2231	0.94429
2232	1.06377
2233	1.16501
2234	0.81984
2235	1.04522
2236	1.11137
2237	0.910303
2238	1.05895
2239	1.07505
2240	1.07118
2241	0.942322
2242	1.03244
2243	1.15958
2244	1.06243
2245	0.913067
2246	0.855313
2247	1.00065
2248	0.897142
2249	0.966631
2250	0.977674
2251	1.02559
2252	0.986037
2253	0.999015
2254	0.894976
2255	1.0341
2256	0.986619
2257	1.02272
2258	0.987391
2259	0.988686
2260	1.10358
2261	0.954612
2262	1.06119
2263	1.06491
2264	0.903294
2265	1.01979
2266	1.03914
2267	0.996202
2268	1.0801
2269	0.869696
2270	1.08238
2271	1.02785
2272	1.15464
2273	0.888708
2274	1.03684
2275	1.00904
2276	1.03247
2277	1.04182
2278	1.1036
2279	1.09823
2280	0.82716
2281	1.03287
2282	1.01479
2283	0.87635
2284	1.05264
2285	0.931336
2286	1.06191
2287	1.03054
2288	1.05609
2289	1.04661
2290	1.04899
2291	1.08355
2292	0.996229
2293	0.890286
2294	1.05489
2295	1.08698
2296	1.10424
2297	0.950209
2298	0.882961
2299	0.982529
2300	1.02181
2301	0.978373
2302	0.95312
2303	0.968502
2304	1.07111
2305	1.11296
2306	0.973547
2307	1.10742
2308	1.06541
2309	1.02936
2310	1.06503
2311	1.12603
2312	0.914649
2313	0.889597
2314	1.08723
2315	0.90371
2316	1.02646
2317	1.09903
2318	0.995547
2319	0.977537
2320	1.09086
2321	1.02752
2322	0.936609
2323	1.00278
2324	1.05747
2325	1.05011
2326	1.04094
2327	0.962828
2328	0.924466
2329	0.89687
2330	0.941385
2331	0.945147
2332	0.951099
2333	1.20891
2334	1.08976
2335	0.954117
2336	1.04658
2337	0.877727
2338	1.01508
2339	1.00509
2340	0.88626
2341	0.95159
2342	1.04235
2343	1.02188
2344	0.896304
2345	1.03547
2346	0.959631
2347	1.13388
2348	0.994696
2349	0.964915
2350	0.89354
2351	1.04349
2352	1.00616
2353	1.0354
2354	0.992338
2355	1.11705
2356	0.85859
2357	0.985954
2358	1.00022
2359	0.915784
2360	1.01411
2361	0.944863
2362	1.01864
2363	1.14327
2364	0.887824
2365	1.04885
2366	1.01445
2367	1.05102
2368	1.0635
2369	1.07897
2370	1.02047
2371	1.01672
2372	1.03572
2373	0.884718
2374	0.900279
2375	0.934325
2376	0.875305
2377	0.886795
2378	0.923485
2379	1.06238
2380	1.08964
2381	0.995475
2382	0.846666
2383	0.968899
2384	0.945208
2385	1.09602
2386	0.979631
2387	1.06843
2388	0.949118
2389	1.05966
2390	1.22763
2391	1.01515
2392	0.938232
2393	0.945167
2394	1.12057
2395	1.00413
2396	0.933673
2397	1.05483
2398	1.15924
2399	1.04576
2400	0.918134
2401	1.01076
2402	1.04175
2403	1.02487
2404	1.10459
2405	0.958825
2406	0.992541
2407	0.814188
2408	1.08275
2409	0.999985
2410	1.07149
2411	1.07635
2412	0.977942
2413	0.987915
2414	0.973418
2415	0.969523
2416	1.06476
2417	1.02128
2418	0.993067
2419	0.959217
2420	0.945226
2421	1.0385
2422	0.975217
2423	1.03769
2424	1.09474
2425	0.919855
2426	1.00096
2427	1.06121
2428	1.14304
2429	1.02351
2430	0.969078
2431	0.982837
2432	1.04748
2433	0.940878
2434	0.951836
2435	1.00701
2436	1.02734
2437	0.995593
2438	1.06601
2439	1.09428
2440	1.09749
2441	1.03279
2442	0.920719
2443	1.00695
2444	0.942422
2445	0.932178
2446	1.0476
2447	1.03202
2448	0.857443
2449	0.923167
2450	0.931988
2451	1.04125
2452	0.960633
2453	1.023
2454	0.947888
2455	0.986861
2456	0.955525
2457	0.938742
2458	1.04206
2459	0.966762
2460	0.956002
2461	0.989585
2462	0.978662
2463	0.988184
2464	1.13152
2465	0.977514
2466	0.907597
2467	1.05253
2468	0.950426
2469	1.04991
2470	1.09413
2471	0.979258
2472	1.00242
2473	1.04072
2474	1.04465
2475	1.03606
2476	1.05118
2477	1.02805
2478	1.08903
2479	1.07624
2480	1.00533
2481	1.04003
2482	1.04975
2483	1.05939
2484	0.924296
2485	1.0744
2486	1.07979
2487	0.94655
2488	1.02964
2489	1.08691
2490	1.06644
2491	1.11127
2492	1.01325
2493	1.00613
2494	1.06746
2495	0.984422
2496	0.934019
2497	1.13548
2498	0.957992
2499	0.930737
2500	0.918241
2501	0.971184
2502	0.982111
2503	0.946537
2504	1.05618
2505	0.995874
2506	1.07234
2507	1.03649
2508	0.95104
2509	0.95426
2510	0.994753
2511	0.983148
2512	0.862991
2513	0.965235
2514	0.903665
2515	0.925862
2516	0.955267
2517	1.06037
2518	0.874519
2519	1.06078
2520	1.01262
2521	1.00354
2522	0.996502
2523	1.06262
2524	1.01711
2525	0.950953
2526	1.08033
2527	1.07373
2528	1.0224
2529	0.903187
2530	0.939511
2531	0.970991
2532	1.01172
2533	1.08852
2534	0.944326
2535	1.00533
2536	1.08934
2537	1.0519
2538	0.986759
2539	0.9955
2540	1.04782
2541	0.999502
2542	0.956978
2543	1.01408
2544	1.03382
2545	1.10561
2546	0.90616
2547	1.04423
2548	0.932316
2549	1.02965
2550	1.0539
2551	1.00019
2552	1.06675
2553	0.924107
2554	0.964626
2555	1.01419
2556	0.970228
2557	0.882027
2558	0.967859
2559	0.91231
2560	1.09464
2561	1.01785
2562	1.01899
2563	0.922065
2564	1.05019
2565	0.838654
2566	0.941087
2567	0.922183
2568	1.02821
2569	1.00153
2570	1.07837
2571	1.02105
2572	1.12715
2573	1.0789
2574	0.85102
2575	0.985707
2576	1.09749
2577	0.996806
2578	1.06525
2579	0.961907
2580	1.02599
2581	1.00085
2582	0.976074
2583	1.00095
2584	0.949264
2585	0.989293
2586	0.918125
2587	0.973986
2588	0.99777
2589	0.959052
2590	1.1024
2591	0.891606
2592	0.929831
2593	0.978757
2594	1.04984
2595	0.907629
2596	1.01774
2597	1.06958
2598	0.993007
2599	0.902212
2600	0.963052
2601	0.99196
2602	0.95318
2603	1.09227
2604	0.987967
2605	1.03609
2606	1.03394
2607	1.12683
2608	1.0841
2609	0.96669
2610	1.01948
2611	1.07271
2612	1.06303
2613	1.08136
2614	1.06284
2615	1.08199
2616	1.01041
2617	0.974766
2618	1.03138
2619	0.996969
2620	1.00797
2621	1.10636
2622	0.947348
2623	0.934584
2624	1.06857
2625	1.04646
2626	1.11062
2627	0.995847
2628	1.04696
2629	1.03203
2630	0.968632
2631	0.923733
2632	1.03968
2633	0.891131
2634	1.073
2635	0.940535
2636	1.05203
2637	1.01393
2638	0.897164
2639	1.01156
2640	1.01435
2641	0.968961
2642	0.940552
2643	1.03661
2644	0.908298
2645	1.11349
2646	1.04462
2647	1.09526
2648	1.05702
2649	0.988314
2650	1.04233
2651	1.08141
2652	1.02368
2653	0.825021
2654	1.02575
2655	0.953725
2656	0.959023
2657	1.01222
2658	0.977688
2659	1.03477
2660	1.06306
2661	0.97101
2662	1.09363
2663	0.977996
2664	1.07027
2665	0.926128
2666	0.907456
2667	1.0589
2668	0.893084
2669	0.941655
2670	1.01356
2671	0.960148
2672	0.861348
2673	0.99624
2674	1.09453
2675	1.0092
2676	0.96156
2677	0.985988
2678	1.03771
2679	1.10519
2680	1.03334
2681	1.04438
2682	1.03609
2683	1.01874
2684	0.928428
2685	1.13021
2686	0.93792
2687	0.91446
2688	0.970463
2689	1.02397
2690	1.15738
2691	0.960103
2692	1.13051
2693	0.928092
2694	0.940402
2695	0.93481
2696	0.925494
2697	1.05335
2698	0.988209
2699	1.07488
2700	1.1384
2701	0.977325
2702	0.97932
2703	1.00903
2704	0.934395
2705	1.09233
2706	1.02462
2707	1.00528
2708	0.951885
2709	1.02731
2710	1.02727
2711	1.14357
2712	1.06884
2713	0.9083
2714	1.0351
2715	0.990859
