0 143.231567 8.262041
1 113.628433 6.382171
2 202.886337 11.731180
3 139.727295 7.866247
4 60.219662 3.422869
5 38.484932 2.219031
6 104.085663 5.856489
7 189.984436 10.813010
8 62.007065 3.504521
9 107.949112 6.138036
10 201.945450 11.482466
11 79.691864 4.588031
12 57.952576 3.283727
13 94.817528 5.471260
14 36.131092 2.073815
15 58.641102 3.316107
16 158.883301 8.962012
17 51.803452 2.981765
18 61.607628 3.463345
19 52.636677 3.049418
20 72.357941 4.047257
21 81.462845 4.640976
22 70.124504 4.022697
23 72.580139 4.139696
24 29.928560 1.217939
25 89.462952 3.290543
26 111.075531 3.948979
27 38.614662 1.608227
28 51.293636 2.312796
29 44.086460 1.779109
30 85.890335 3.179693
31 93.183823 3.355341
32 73.301468 2.813554
33 66.094666 2.837179
34 47.211277 1.876030
35 35.808937 1.512140
36 25.170387 1.063375
37 79.225929 3.004921
38 34.214428 1.404290
39 67.106186 2.845862
40 104.419426 3.796659
41 90.428108 3.384492
42 39.283157 1.602751
43 40.386192 1.670468
44 43.951279 1.719118
45 90.150841 3.360190
46 30.844725 1.314444
47 79.748466 2.975704
48 46.126427 2.624073
49 40.048630 2.298386
50 149.010864 8.276465
51 159.541061 8.814749
52 59.750122 3.418611
53 77.732994 4.377665
54 151.368607 8.620090
55 126.271873 7.118533
56 86.762550 4.865734
57 62.598614 3.505558
58 91.351158 5.210607
59 110.222542 6.267126
60 123.491798 6.962836
61 89.149307 5.047209
62 148.377396 8.395834
63 53.606514 3.125477
64 99.871170 5.764732
65 171.574814 9.647882
66 128.185730 7.269418
67 76.899971 4.343461
68 68.721054 3.807456
69 121.138382 6.926173
70 39.336281 2.284538
71 160.718018 9.124434
72 84.544930 3.096513
73 48.945515 1.948395
74 44.776741 1.788094
75 78.377060 2.915310
76 91.901894 3.322000
77 51.991810 2.234179
78 77.365860 2.932815
79 81.971916 3.042709
80 75.759483 2.826726
81 47.294098 1.886991
82 62.544697 2.612590
83 111.309570 4.083539
84 35.720528 1.458868
85 79.664368 2.958731
86 50.628254 2.058466
87 120.410515 4.356944
88 43.057896 1.753182
89 47.811626 1.929942
90 73.324295 2.851045
91 112.390839 4.066909
92 51.427822 2.128056
93 67.765862 2.927829
94 92.968025 3.416063
95 48.335522 1.972630
96 30.235592 1.732809
97 177.213638 9.941735
98 47.983002 2.712407
99 144.144272 8.149913
100 44.243908 2.508689
101 143.347534 8.050595
102 129.660660 7.294508
103 99.169556 5.630149
104 19.862040 1.179091
105 56.173023 3.187882
106 120.665138 6.898138
107 77.655518 4.343782
108 110.225868 6.307452
109 119.174477 6.802544
110 125.593750 7.103925
111 186.284470 10.427935
112 133.709137 7.524766
113 68.922432 3.958244
114 48.046631 2.755709
115 125.839645 7.080973
116 21.710695 1.280473
117 59.332684 3.449651
118 73.383896 4.240365
119 41.675362 2.437573
120 90.697929 3.406983
121 31.206656 1.305430
122 45.698364 1.803132
123 44.508583 1.748874
124 63.189335 2.652072
125 42.071102 1.679048
126 50.362999 2.117435
127 112.899536 4.017271
128 36.095825 1.500252
129 84.688812 3.158305
130 41.082920 1.660393
131 61.035496 2.538209
132 108.177406 3.904812
133 41.266506 1.666766
134 83.469414 3.080260
135 58.486382 2.538990
136 123.015488 4.353377
137 26.143690 1.118557
138 61.000549 2.640305
139 106.120216 3.825985
140 100.766487 3.679277
141 52.368290 2.226224
142 105.236702 3.753331
143 84.947708 3.149042
144 44.735104 2.590698
145 37.598381 2.128095
146 62.961285 3.567849
147 132.571579 7.420070
148 43.414631 2.512464
149 88.172600 5.000578
150 43.240810 2.470571
151 115.984436 6.669406
152 150.125900 8.374516
153 53.516876 3.074294
154 70.216263 3.923219
155 73.102951 4.121869
156 67.430527 3.811972
157 58.482174 3.379503
158 169.819809 9.642205
159 59.810028 3.386049
160 51.232071 2.949652
161 157.084000 8.947856
162 93.687103 5.376276
163 70.163811 3.977680
164 36.876167 2.086167
165 161.083710 9.041647
166 70.346077 3.987972
167 109.132202 6.197568
168 80.498268 3.018368
169 93.604675 3.437830
170 80.136780 2.996286
171 50.118420 2.018900
172 79.033768 2.894520
173 47.596642 1.936424
174 94.594406 3.481890
175 40.535976 1.714884
176 98.888138 3.641762
177 33.678532 1.395988
178 102.139992 3.673936
179 121.118118 4.357800
180 33.382469 1.374605
181 102.293198 3.688641
182 25.992716 1.150056
183 87.730804 3.240433
184 110.472137 3.978029
185 27.075577 1.154855
186 42.473530 1.722875
187 80.590683 2.976375
188 43.751301 1.754106
189 41.831032 1.683260
190 87.032433 3.259969
191 55.958439 2.341698
192 78.068451 4.366521
193 110.318954 6.253778
194 56.016319 3.162891
195 67.590492 3.855787
196 46.566830 2.621659
197 37.179070 2.135512
198 42.204185 2.425139
199 61.509918 3.509947
200 66.026665 3.803265
201 66.783867 3.709850
202 78.803909 4.570782
203 49.367119 2.814009
204 45.563995 2.572412
205 146.571701 8.374066
206 48.365269 2.803641
207 44.499317 2.563366
208 131.411484 7.283513
209 141.536682 7.893911
210 26.794792 1.590619
211 30.905327 1.821160
212 44.496281 2.521444
213 62.813454 3.565310
214 116.302032 6.756027
215 72.883179 4.176027
216 77.098946 2.914492
217 47.825615 1.880626
218 47.482273 1.876516
219 44.566742 1.747584
220 105.876709 3.843755
221 37.647449 1.546636
222 46.234898 1.857001
223 92.218048 3.334155
224 76.082291 2.892228
225 104.101044 3.713418
226 44.493950 1.784807
227 86.487999 3.214372
228 29.272959 1.247115
229 9.247372 0.462250
230 39.496151 1.618716
231 30.610039 1.293884
232 93.940048 3.418616
233 101.959938 3.699409
234 109.247528 3.982761
235 48.894203 2.023136
236 7.304265 0.363562
237 30.627188 1.292504
238 78.336555 2.959177
239 30.966963 1.299783
240 26.670038 1.559717
241 30.318335 1.735060
242 61.433681 3.506217
243 44.242908 2.567672
244 145.714523 8.229413
245 53.339848 3.110277
246 31.463873 1.814628
247 72.016167 4.062384
248 150.833969 8.509543
249 36.376545 2.113831
250 63.578205 3.560107
251 67.119827 3.685855
252 106.359993 6.078637
253 149.105499 8.362467
254 100.200073 5.683710
255 63.840225 3.616395
256 74.917702 4.214681
257 54.941990 3.092975
258 38.993999 2.283252
259 39.010674 2.248518
260 173.869812 9.850515
261 153.267349 8.620290
262 71.191452 4.043097
263 56.824512 3.343436
264 104.112785 3.771333
265 77.220001 2.925265
266 91.406372 3.376276
267 42.567738 1.755962
268 107.873474 3.901812
269 102.280655 3.637103
270 46.735695 1.853391
271 35.608486 1.485083
272 48.268005 1.920532
273 31.985273 1.334303
274 51.488140 2.176746
275 77.766624 2.907776
276 91.029747 3.320789
277 92.051102 3.340397
278 98.226517 3.556576
279 65.314400 2.750107
280 30.315039 1.267899
281 32.449528 1.368383
282 95.091866 3.520687
283 99.775192 3.672897
284 42.174030 1.693658
285 92.853340 3.400471
286 100.260864 3.655362
287 76.115967 2.916818
288 114.482788 6.519703
289 72.790848 4.082718
290 46.293694 2.714145
291 130.520981 7.308770
292 72.640686 4.094267
293 33.892452 1.927440
294 129.595795 7.236906
295 157.201828 8.761419
296 146.624710 8.317635
297 3.041272 0.230554
298 153.353561 8.454263
299 155.487289 8.722136
300 111.225159 6.254073
301 153.074600 8.599904
302 151.199203 8.565598
303 90.347412 5.127688
304 149.451675 8.518794
305 133.851685 7.542472
306 24.615072 1.429304
307 144.563950 8.139465
308 142.610092 8.244347
309 84.592026 4.853029
310 173.829742 9.831790
311 70.684692 4.056255
312 85.366104 3.129502
313 84.309479 3.083124
314 87.966522 3.245622
315 44.041412 1.770299
316 40.583553 1.659817
317 105.863098 3.803718
318 118.768082 4.199502
319 87.815010 3.215718
320 92.552216 3.368330
321 76.237556 2.885577
322 51.139637 2.044666
323 25.950083 1.136270
324 48.174355 1.856331
325 102.250381 3.730492
326 83.701790 3.174716
327 47.491058 1.907667
328 94.726562 3.485522
329 82.971878 3.067344
330 117.365807 4.200737
331 113.152863 4.006740
332 99.557289 3.648705
333 82.042763 3.036153
334 80.918198 3.065897
335 116.514435 4.125987
336 109.117958 6.120574
337 142.922043 8.020777
338 81.621109 4.578026
339 164.529510 9.241828
340 122.453896 6.664430
341 52.579342 2.998448
342 74.618179 4.222001
343 167.612411 9.277429
344 48.687237 2.750976
345 192.826416 10.899007
346 139.853378 7.781116
347 117.446129 6.656948
348 191.619232 10.997442
349 120.128983 6.822775
350 69.155655 3.850315
351 146.875229 8.367643
352 121.699692 6.814746
353 116.216705 6.563075
354 158.243591 8.788836
355 154.153290 8.614289
356 83.623199 4.782466
357 75.305611 4.209973
358 73.626709 4.120875
359 201.167908 11.377046
360 83.122467 3.029281
361 101.247253 3.639301
362 99.572624 3.596822
363 122.430283 4.408222
364 62.549927 2.654783
365 27.837648 1.200746
366 99.745285 3.664719
367 122.738022 4.470166
368 50.313637 2.129937
369 65.794373 2.799344
370 109.991447 3.960102
371 50.098019 2.068318
372 118.143738 4.169683
373 103.831505 3.736306
374 107.132935 3.855671
375 31.563990 1.317247
376 117.249504 4.182251
377 70.914009 2.924944
378 112.773628 4.050568
379 99.623962 3.668577
380 127.635986 4.617150
381 43.598633 1.775210
382 108.193924 3.849049
383 90.607750 3.347848
384 127.593613 6.971398
385 153.908920 8.643318
386 127.761543 7.051376
387 77.090210 4.294597
388 159.320709 8.974622
389 58.598816 3.346577
390 53.593067 3.084394
391 83.714691 4.706722
392 62.527706 3.527466
393 81.246117 4.615468
394 180.379303 10.356857
395 157.382584 8.732195
396 53.516750 3.047122
397 153.118973 8.643653
398 163.426666 9.030385
399 146.601349 8.292089
400 16.044081 0.939044
401 88.989761 4.909126
402 153.973434 8.502009
403 46.740604 2.583031
404 115.304688 6.655469
405 170.042374 9.645019
406 150.468079 8.429232
407 126.802742 7.141129
408 109.339035 3.772741
409 99.456535 3.665741
410 104.847191 3.777524
411 114.106911 4.102462
412 96.074425 3.501189
413 30.742098 1.280164
414 75.205330 2.831949
415 34.139500 1.420897
416 97.558502 3.566816
417 106.158028 3.863173
418 114.907951 4.051664
419 81.204659 2.966844
420 37.190872 1.512385
421 34.223694 1.391462
422 35.638714 1.480632
423 87.049004 3.194654
424 111.526268 4.020354
425 83.836868 3.081385
426 81.919678 3.074036
427 101.413139 3.718469
428 86.729599 3.221634
429 88.672676 3.270919
430 86.170937 3.150681
431 98.683769 3.619615
432 121.341698 6.751440
433 151.710129 8.475106
434 151.478699 8.556190
435 143.940002 8.133672
436 166.107956 9.054065
437 185.803268 10.519368
438 155.923126 8.807219
439 108.587746 6.214944
440 161.455368 8.987494
441 53.644684 3.048877
442 90.911987 5.195944
443 94.535294 5.271366
444 110.059303 6.255392
445 47.745262 2.712325
446 137.052261 7.721816
447 135.750000 7.763549
448 130.935394 7.456721
449 148.164307 8.416550
450 175.358719 9.941954
451 175.918121 9.793190
452 98.690437 5.660667
453 76.802322 4.255252
454 178.478806 10.110582
455 185.347900 10.561614
456 79.745956 2.945385
457 109.354523 3.962523
458 86.613068 3.233391
459 97.033516 3.515863
460 87.799179 3.197136
461 105.165352 3.755265
462 96.867897 3.530841
463 101.371964 3.623358
464 27.247175 1.161647
465 82.756783 3.042621
466 90.910629 3.304645
467 113.204048 4.035203
468 101.725975 3.719886
469 58.690380 2.522743
470 108.339760 3.962059
471 55.320957 2.390105
472 72.370720 2.797206
473 57.354103 2.408511
474 72.773285 2.860887
475 104.548134 3.701333
476 41.942097 1.715603
477 71.525581 2.837207
478 40.683472 1.679799
479 67.976784 2.887414
480 139.450867 7.847338
481 86.955971 4.866602
482 138.724030 7.751520
483 107.202629 6.184414
484 65.329453 3.787024
485 63.074589 3.574528
486 54.442928 3.095078
487 58.130184 3.308540
488 63.049084 3.573072
489 95.938538 5.440138
490 74.947556 4.158502
491 31.319742 1.802673
492 53.170685 3.000261
493 62.160809 3.540258
494 59.086624 3.349864
495 48.287769 2.772481
496 43.417889 2.473593
497 51.756168 2.929787
498 56.010052 3.172567
499 38.904839 2.207113
500 58.664280 3.314667
501 61.404827 3.488518
502 67.556915 3.802687
503 54.117165 3.162559
504 51.742046 2.177870
505 45.392849 1.820329
506 54.315842 2.337204
507 61.058617 2.622322
508 54.771194 2.280692
509 74.768898 2.867888
510 49.231693 1.970930
511 37.777664 1.543350
512 31.563244 1.302767
513 69.036018 2.838554
514 101.661736 3.680504
515 56.619164 2.415142
516 42.335567 1.696146
517 52.297920 2.160843
518 45.175186 1.787348
519 5.385091 0.301062
520 13.555642 0.630177
521 61.925987 2.640523
522 40.642067 1.658414
523 41.716221 1.714848
524 93.438698 3.451919
525 55.561123 2.389762
526 98.524879 3.570439
527 68.177254 2.818451
528 137.985901 7.715248
529 108.641464 6.242167
530 133.469742 7.471179
531 57.753468 3.261022
532 65.781052 3.692616
533 57.929405 3.300013
534 33.201920 1.916623
535 57.009041 3.225466
536 115.523155 6.252158
537 36.869972 2.099173
538 48.248665 2.727585
539 66.986397 3.848398
540 54.587437 3.123815
541 16.242554 0.969517
542 48.284775 2.768780
543 34.340424 1.974807
544 60.141163 3.441301
545 59.199745 3.389536
546 61.293102 3.482593
547 63.709507 3.535572
548 58.672935 3.353558
549 69.386955 4.023873
550 65.351761 3.781712
551 77.311836 4.448729
552 41.825817 1.710324
553 19.155247 0.844027
554 44.484402 1.757968
555 13.687013 0.610798
556 60.565094 2.565693
557 48.159439 1.935645
558 51.909485 2.231031
559 36.510780 1.488130
560 54.046886 2.228648
561 55.444225 2.336775
562 61.561222 2.715557
563 54.459095 2.381430
564 47.561264 1.861560
565 63.084854 2.684784
566 56.711380 2.445898
567 52.432758 2.084437
568 43.047871 1.725293
569 56.321537 2.376127
570 50.651600 1.951853
571 52.533554 2.247568
572 68.805870 2.884066
573 103.394661 3.731537
574 43.141148 1.755726
575 107.129829 3.905270
576 171.950897 9.611253
577 161.502106 9.021379
578 58.764278 3.361206
579 145.916077 8.176114
580 74.909531 4.261120
581 63.640907 3.603151
582 76.202156 4.381246
583 35.970451 2.064708
584 66.930077 3.799141
585 32.233505 1.854341
586 64.315857 3.636110
587 61.265167 3.514474
588 60.099102 3.401540
589 44.706699 2.566859
590 59.718075 3.370406
591 72.961823 4.123917
592 43.890331 2.542560
593 52.695179 2.990868
594 58.509613 3.302368
595 32.360134 1.887513
596 53.406456 3.008283
597 63.931416 3.651962
598 75.726723 4.313193
599 74.958298 4.265769
600 40.199818 1.589711
601 48.386662 1.933498
602 44.176567 1.768235
603 46.470810 1.828195
604 58.206676 2.577225
605 64.690704 2.763163
606 52.357445 2.197454
607 42.724522 1.729842
608 34.554562 1.450238
609 27.966539 1.210705
610 67.235214 2.838200
611 44.120319 1.766880
612 14.395972 0.652272
613 35.505554 1.492354
614 48.018703 1.911090
615 46.486794 1.840638
616 59.287220 2.438168
617 47.236431 1.883351
618 47.537735 1.888896
619 37.409222 1.562304
620 105.394699 3.767112
621 86.096939 3.204851
622 73.137527 2.825597
623 85.074585 3.181129
624 184.026291 10.166631
625 144.240646 8.081800
626 132.899414 7.405380
627 149.616898 8.446893
628 54.374054 3.067702
629 16.689783 0.997457
630 76.102592 4.359789
631 60.779434 3.516539
632 31.578289 1.812680
633 59.998016 3.397501
634 28.357510 1.642592
635 21.608744 1.264623
636 44.411961 2.452996
637 50.596043 2.909955
638 67.506783 3.861690
639 50.623600 2.861452
640 55.587624 3.205575
641 62.027931 3.560271
642 54.187317 3.056109
643 46.594189 2.672839
644 53.477676 3.007754
645 68.981232 3.945807
646 71.031250 4.054135
647 61.266903 3.453340
648 83.791809 3.132164
649 50.901043 2.072981
650 55.415718 2.341358
651 51.571342 2.260876
652 37.452728 1.548554
653 47.846664 1.865235
654 28.730757 1.221368
655 46.452034 1.816607
656 35.029789 1.507633
657 39.983925 1.621199
658 49.542446 2.008330
659 45.589138 1.843860
660 19.339870 0.864835
661 49.485508 1.959778
662 54.186626 2.273336
663 65.638847 2.698961
664 29.924572 1.285403
665 61.784355 2.642260
666 50.071892 1.979912
667 46.392906 1.859210
668 87.971306 3.232652
669 46.181618 1.829372
670 96.288918 3.552813
671 86.051781 3.187932
672 145.629379 8.117820
673 154.698135 8.603356
674 131.372467 7.496054
675 75.548393 4.263959
676 56.652218 3.251864
677 54.805588 3.189892
678 53.384010 3.034790
679 47.684158 2.696654
680 88.724815 5.016331
681 23.229345 1.364363
682 49.613846 2.812751
683 45.156857 2.547995
684 47.133663 2.741408
685 70.115364 3.992301
686 80.737167 4.531769
687 86.168694 4.885760
688 117.894272 6.733044
689 39.711372 2.260384
690 57.765934 3.351288
691 38.918377 2.239305
692 26.340010 1.538821
693 109.848724 6.456036
694 52.763466 3.074250
695 42.689102 2.514936
696 112.503632 3.993174
697 54.475471 2.251509
698 109.637100 3.931141
699 43.704475 1.746317
700 35.169277 1.482221
701 55.636906 2.383969
702 25.279587 1.105161
703 54.866959 2.341918
704 83.707756 3.052861
705 52.777615 2.228859
706 30.245190 1.224008
707 40.462818 1.661336
708 47.682686 1.934665
709 54.855011 2.302835
710 38.719597 1.593010
711 104.914543 3.773723
712 61.589630 2.647697
713 36.526546 1.497722
714 25.759483 1.120297
715 50.874191 1.984136
716 97.406219 3.560105
717 106.210167 3.896549
718 50.077351 1.985263
719 51.147171 2.095647
720 173.164047 9.557094
721 25.151876 1.503189
722 165.892319 9.376450
723 158.589081 8.888238
724 68.746986 3.940842
725 65.576187 3.662394
726 55.017429 3.099902
727 57.224369 3.185764
728 36.503727 2.114676
729 58.559540 3.317591
730 45.536179 2.627037
731 115.057266 6.494736
732 46.630413 2.664043
733 52.160858 2.954967
734 68.659927 3.880255
735 64.996346 3.641585
736 34.038464 1.975456
737 100.153252 5.633611
738 18.425323 1.141872
739 33.098331 1.858677
740 10.319639 0.632240
741 42.933365 2.493832
742 60.945187 3.506514
743 57.762058 3.352559
744 39.565464 1.666839
745 27.661818 1.174606
746 49.347847 1.984947
747 96.001755 3.557544
748 85.637222 3.143970
749 38.240963 1.607549
750 13.318917 0.660724
751 35.488762 1.486055
752 29.800005 1.294609
753 43.462456 1.775196
754 34.941990 1.473755
755 78.050568 2.938622
756 20.102596 0.870487
757 29.446413 1.238513
758 79.247192 2.944772
759 58.597042 2.583483
760 58.585484 2.515604
761 42.681854 1.718449
762 47.598301 1.926910
763 37.177292 1.599593
764 23.522896 1.013064
765 27.666489 1.215392
766 90.520615 3.316460
767 32.049580 1.328871
768 53.671318 3.068970
769 109.378601 6.155927
770 171.774902 9.694317
771 175.670319 10.055283
772 39.216644 2.264273
773 52.485973 3.032097
774 67.862595 3.759025
775 79.841614 4.562938
776 109.973175 6.352869
777 92.842110 5.256820
778 16.320229 0.985759
779 117.495735 6.820188
780 90.291725 5.112965
781 74.027428 4.187610
782 112.632141 6.426456
783 119.821709 6.690741
784 43.996994 2.468843
785 33.991501 1.987566
786 169.917786 9.296140
787 125.282616 6.974809
788 83.642387 4.725665
789 100.968605 5.857651
790 96.011131 5.542872
791 67.712372 3.897919
792 34.067226 1.445346
793 32.580822 1.372085
794 33.933807 1.405816
795 16.296944 0.747032
796 23.611443 1.043285
797 46.548439 1.808399
798 71.924889 2.961583
799 47.159790 1.892006
800 55.190289 2.319844
801 23.702690 1.024072
802 76.036179 2.889077
803 37.986168 1.625551
804 17.224907 0.813296
805 57.832989 2.526588
806 32.563004 1.372820
807 98.381203 3.614662
808 53.054195 2.108577
809 43.315125 1.750037
810 44.846340 1.848077
811 44.714031 1.841954
812 67.057983 2.831012
813 106.595932 3.876365
814 13.702931 0.667602
815 72.752617 2.809792
816 136.992569 7.691414
817 148.542313 8.363347
818 124.503830 7.020188
819 132.347748 7.373690
820 23.074303 1.345764
821 50.128887 2.904421
822 41.972858 2.422668
823 77.261345 4.421465
824 22.897444 1.352751
825 59.457600 3.395010
826 64.369980 3.670984
827 71.863022 4.038756
828 116.556747 6.629859
829 121.807976 6.960031
830 22.441572 1.322216
831 145.055161 8.125653
832 127.632652 7.165446
833 111.366539 6.280522
834 83.713043 4.789024
835 47.447342 2.771332
836 36.538628 2.172491
837 74.966476 4.334454
838 80.903526 4.681861
839 46.570999 2.671340
840 49.388908 1.990930
841 61.391220 2.617988
842 15.258869 0.711759
843 58.646458 2.468192
844 54.814625 2.413891
845 39.551540 1.629364
846 56.815067 2.439395
847 33.153805 1.410687
848 38.796967 1.632839
849 48.263359 1.944895
850 40.787571 1.641915
851 94.277855 3.478723
852 37.790092 1.535366
853 40.633183 1.667430
854 71.928238 2.852832
855 99.908806 3.628219
856 12.606003 0.579702
857 51.418972 1.989252
858 61.317970 2.524018
859 21.349125 0.954369
860 65.222107 2.581475
861 22.396721 1.021092
862 23.666761 1.006571
863 87.769356 3.202599
864 112.109573 6.314059
865 84.821472 4.747626
866 55.879147 3.180886
867 71.050575 4.025973
868 20.187544 1.175326
869 44.758591 2.564749
870 65.938049 3.696059
871 49.791729 2.819912
872 141.284729 7.886050
873 42.327728 2.489095
874 58.611141 3.335969
875 46.653603 2.657232
876 57.522961 3.259326
877 51.302357 2.947541
878 29.484922 1.713189
879 36.348389 2.147883
880 48.608772 2.792213
881 39.399643 2.212498
882 46.499035 2.624419
883 64.744156 3.674844
884 51.774307 2.947175
885 18.311438 1.203137
886 42.409351 2.529653
887 55.817600 3.178721
888 8.709202 0.445506
889 18.961815 0.847833
890 41.071251 1.707202
891 47.958206 1.893986
892 24.548725 1.099487
893 66.180305 2.808073
894 17.599930 0.792348
895 38.135803 1.607183
896 34.131329 1.425331
897 60.667515 2.618732
898 25.097542 1.108402
899 34.928596 1.424783
900 60.714230 2.577450
901 3.371528 0.207608
902 19.726065 0.897811
903 58.614971 2.525028
904 12.188025 0.567185
905 52.190468 2.096757
906 22.327477 0.972122
907 28.031805 1.275694
908 26.843391 1.145068
909 80.271172 2.980085
910 23.559490 1.027584
911 76.979340 2.919841
912 119.841904 6.898672
913 125.996262 7.170440
914 45.273560 2.587947
915 161.750748 9.055879
916 65.330444 3.692526
917 62.380688 3.526901
918 51.282051 2.894708
919 71.919159 4.146371
920 108.143517 6.274958
921 62.765980 3.551487
922 61.224773 3.505696
923 129.413147 7.417691
924 47.528713 2.775856
925 64.923058 3.633153
926 59.526237 3.378097
927 44.338970 2.556132
928 32.966160 1.910016
929 47.591183 2.749441
930 50.403465 2.857779
931 53.723469 3.033138
932 42.854931 2.507102
933 50.778065 2.996804
934 63.526062 3.588002
935 45.502220 2.715184
936 48.964260 1.970647
937 30.089907 1.257890
938 19.912785 0.855146
939 38.788769 1.584144
940 35.146652 1.469672
941 24.884224 1.034631
942 44.230137 1.799530
943 27.549587 1.167119
944 45.892738 1.849915
945 34.988159 1.456002
946 63.295162 2.682699
947 48.009651 1.899019
948 92.188843 3.358603
949 15.243030 0.693398
950 95.824631 3.490988
951 85.689491 3.190239
952 64.021523 2.718936
953 37.744701 1.567623
954 27.835340 1.214676
955 29.330492 1.248816
956 96.195503 3.565344
957 42.074471 1.741942
958 56.496796 2.364752
959 8.044225 0.366504
960 61.265308 3.437344
961 196.207657 10.957290
962 167.491425 9.478715
963 111.661568 6.225586
964 14.916305 0.919039
965 42.708252 2.488774
966 45.257889 2.579311
967 57.756165 3.215746
968 95.672501 5.427542
969 57.897453 3.287385
970 66.634972 3.806816
971 64.400551 3.692070
972 40.666843 2.346364
973 45.034531 2.617584
974 36.308807 2.104163
975 65.311813 3.660925
976 85.776123 4.791275
977 60.245003 3.451781
978 43.084545 2.468626
979 9.028596 0.588865
980 16.859997 0.731131
981 28.090805 1.201380
982 34.649834 1.491016
983 29.749060 1.248005
984 34.206173 1.435096
985 24.276014 1.049667
986 13.898447 0.649167
987 44.544498 1.803704
988 34.167107 1.453790
989 27.714249 1.209428
990 12.209411 0.586619
991 75.001602 2.863870
992 24.803198 1.086157
993 37.181114 1.560167
994 24.180527 1.036321
995 32.871258 1.418308
996 35.973274 1.460464
997 45.275593 1.817537
998 27.082909 1.156180
999 81.237854 3.065665
1000 48.201443 2.761904
1001 153.241364 8.602926
1002 161.760620 9.125259
1003 147.894974 8.392873
1004 40.912552 2.314955
1005 68.579414 3.868157
1006 43.201717 2.465093
1007 59.952335 3.375519
1008 45.019733 2.562803
1009 92.075317 5.164652
1010 125.596428 7.128493
1011 137.073059 7.703336
1012 62.634434 3.590429
1013 74.249184 4.229085
1014 58.874611 3.383063
1015 67.842621 3.843616
1016 47.750149 2.743629
1017 101.931473 5.696353
1018 44.652351 2.637694
1019 102.109550 5.924227
1020 37.038391 1.495901
1021 14.821351 0.716179
1022 43.595306 1.793596
1023 27.470743 1.153311
1024 53.301239 2.177323
1025 64.055969 2.789496
1026 53.541943 2.193610
1027 50.911125 2.042124
1028 38.747566 1.609542
1029 37.533279 1.564966
1030 55.564186 2.396174
1031 34.266659 1.476658
1032 49.929615 1.984675
1033 22.309982 0.990533
1034 10.445470 0.525851
1035 8.026474 0.383513
1036 86.744804 3.234583
1037 46.432259 1.860309
1038 100.749603 3.723467
1039 66.035294 2.794323
1040 61.832291 3.517388
1041 99.840523 5.608267
1042 192.892105 10.839147
1043 147.727890 8.414693
1044 17.238270 1.024588
1045 52.667496 3.047564
1046 54.235069 3.099574
1047 57.833237 3.346723
1048 78.802734 4.548992
1049 66.355179 3.740644
1050 13.776371 0.849564
1051 76.192909 4.354698
1052 33.693386 1.949419
1053 47.169369 2.712792
1054 27.601276 1.606090
1055 70.015533 4.059408
1056 55.888489 3.118597
1057 36.660450 2.088364
1058 31.530340 1.887537
1059 68.421265 3.910247
1060 20.901762 0.901629
1061 45.771206 1.826561
1062 52.354206 2.165845
1063 48.454147 1.988886
1064 33.798950 1.451926
1065 40.351089 1.699725
1066 65.930847 2.734399
1067 37.064777 1.582211
1068 29.582960 1.308087
1069 54.272911 2.319890
1070 70.645226 2.918844
1071 56.533970 2.426860
1072 51.378845 2.057491
1073 59.798729 2.525630
1074 59.567039 2.529890
1075 13.772099 0.619512
1076 10.554896 0.491551
1077 89.711090 3.296811
1078 80.448845 2.999742
1079 28.437319 1.177350
1080 133.953445 7.547462
1081 63.355762 3.536550
1082 26.874353 1.557613
1083 92.462502 5.210744
1084 164.143784 8.990666
1085 134.560989 7.497960
1086 38.700233 2.226823
1087 56.807697 3.203678
1088 53.077156 3.041378
1089 41.835781 2.415001
1090 112.101532 6.387452
1091 131.799088 7.503428
1092 31.437428 1.844602
1093 91.160866 5.171187
1094 48.272739 2.780121
1095 79.309456 4.479421
1096 47.526829 2.730485
1097 28.755085 1.696926
1098 49.843430 2.806729
1099 36.426670 2.102623
1100 34.902756 1.479762
1101 21.394947 0.931203
1102 25.921362 1.136931
1103 33.156960 1.348291
1104 76.676476 2.952540
1105 45.398102 1.884423
1106 57.584759 2.361536
1107 86.553467 3.247510
1108 41.338921 1.715941
1109 55.962940 2.325274
1110 34.879162 1.496683
1111 29.934130 1.366091
1112 47.303722 1.844880
1113 58.001526 2.402036
1114 81.278023 3.045180
1115 59.487236 2.428930
1116 84.737701 3.148366
1117 12.209808 0.549096
1118 69.467636 2.866158
1119 81.573685 3.059559
1120 50.685593 2.904977
1121 200.097946 11.422674
1122 76.231918 4.346198
1123 184.292252 10.410614
1124 141.003098 7.755822
1125 156.418076 8.785603
1126 49.427692 2.854610
1127 73.027290 4.095881
1128 51.093288 2.940778
1129 68.784477 3.878770
1130 58.012917 3.316738
1131 80.292191 4.470549
1132 114.462929 6.382781
1133 46.308647 2.622669
1134 80.427383 4.490015
1135 75.126312 4.204149
1136 47.739151 2.736437
1137 86.936134 4.950769
1138 92.209267 5.243994
1139 78.270218 4.348164
1140 58.231728 2.806533
1141 96.890144 4.512682
1142 84.428268 4.043316
1143 58.861614 2.881428
1144 46.348648 2.247724
1145 56.285847 2.693619
1146 54.893879 2.645650
1147 138.291519 6.406727
1148 58.669594 2.759551
1149 69.904579 3.308771
1150 58.423603 2.765652
1151 49.930000 2.377064
1152 61.245274 2.896033
1153 67.571465 3.245140
1154 168.586777 7.915927
1155 121.657410 5.731635
1156 101.578499 4.710588
1157 68.294891 3.265761
1158 119.643875 5.625416
1159 3.989788 0.267768
1160 54.758198 3.153130
1161 173.710541 9.678395
1162 68.244370 3.850832
1163 127.629219 7.131476
1164 45.736588 2.584598
1165 75.210579 4.236911
1166 54.852867 3.034111
1167 60.179653 3.435147
1168 43.408520 2.496355
1169 83.291893 4.699589
1170 40.054920 2.287540
1171 131.721222 7.202781
1172 45.179150 2.595946
1173 78.376656 4.418958
1174 79.507851 4.530316
1175 106.006966 5.939457
1176 53.145714 3.040576
1177 70.190979 4.000591
1178 47.798141 2.727753
1179 74.061401 4.203825
1180 50.109062 2.368983
1181 73.411491 3.528103
1182 85.628487 4.211927
1183 59.805676 2.843194
1184 70.957993 3.377141
1185 58.197014 2.768133
1186 77.981789 3.720643
1187 51.634518 2.449428
1188 88.163628 4.095150
1189 52.468918 2.552825
1190 59.202290 2.857008
1191 125.527084 5.945245
1192 53.351612 2.545552
1193 55.619942 2.626678
1194 48.070564 2.288992
1195 38.659691 1.857347
1196 83.242111 3.857587
1197 122.977379 5.756077
1198 135.911591 6.331519
1199 55.172665 2.588098
1200 59.302128 3.314614
1201 136.293610 7.766047
1202 72.006950 4.042074
1203 169.962891 9.435655
1204 63.720554 3.592354
1205 73.610863 4.215167
1206 51.890884 2.953235
1207 84.742645 4.813138
1208 131.839279 7.362607
1209 137.258652 7.811706
1210 44.900894 2.558419
1211 70.273438 3.964329
1212 39.491753 2.276661
1213 101.067513 5.785404
1214 45.674309 2.693688
1215 97.879478 5.519832
1216 40.500351 2.359542
1217 77.008560 4.383997
1218 41.607086 2.364950
1219 70.135925 4.021948
1220 69.952705 3.313642
1221 57.278435 2.775935
1222 95.664101 4.611690
1223 91.426468 4.362614
1224 78.811478 3.767846
1225 39.470844 1.910096
1226 68.747887 3.244659
1227 53.680340 2.516635
1228 129.227493 6.092490
1229 75.573524 3.590326
1230 113.149635 5.162156
1231 112.031471 5.260345
1232 67.251213 3.200279
1233 11.196122 0.585149
1234 123.794312 5.819098
1235 124.707214 5.789154
1236 75.064522 3.546217
1237 70.065208 3.244748
1238 23.242952 1.138952
1239 116.822510 5.389110
1240 28.598764 1.622723
1241 199.052460 11.047235
1242 66.273232 3.728644
1243 218.024872 12.204453
1244 26.688328 1.528954
1245 120.686325 6.821389
1246 51.053493 2.904570
1247 103.227814 5.780903
1248 124.272430 6.923086
1249 163.551956 9.209405
1250 58.343376 3.334161
1251 79.456482 4.530243
1252 34.876236 1.993942
1253 102.880737 5.771614
1254 35.437710 2.043049
1255 95.519783 5.315846
1256 82.125282 4.693838
1257 100.243553 5.734994
1258 55.263073 3.115123
1259 84.644478 4.769290
1260 64.612885 3.049396
1261 59.102673 2.870857
1262 24.283157 1.178994
1263 30.373865 1.514914
1264 91.579636 4.275972
1265 55.108727 2.601534
1266 76.984726 3.666305
1267 39.066620 1.894587
1268 140.825562 6.595925
1269 76.433662 3.610580
1270 63.618179 3.026675
1271 69.969078 3.331603
1272 65.143127 3.117089
1273 41.340145 2.017183
1274 133.674835 6.347885
1275 37.123764 1.818761
1276 48.182980 2.278325
1277 28.798328 1.403731
1278 52.921738 2.502833
1279 81.880539 3.862872
1280 73.760635 4.204390
1281 171.773956 9.610347
1282 117.990791 6.528527
1283 178.514465 10.108361
1284 72.478065 4.128357
1285 59.511040 3.282561
1286 107.617508 6.132473
1287 87.291504 4.850811
1288 132.018082 7.299448
1289 83.127571 4.675483
1290 37.263851 2.118878
1291 72.057251 4.072992
1292 82.637741 4.647224
1293 66.020638 3.780462
1294 69.351929 3.899591
1295 47.138561 2.714591
1296 73.710060 4.136960
1297 131.298035 7.446176
1298 119.115135 6.702896
1299 70.332085 3.969319
1300 40.859959 2.368939
1301 49.844944 2.855338
1302 68.948631 4.014364
1303 36.013771 2.054605
1304 58.860744 2.702752
1305 53.987724 2.542589
1306 32.157639 1.540262
1307 10.792431 0.559220
1308 36.151993 1.753853
1309 44.533867 2.138180
1310 73.639664 3.572383
1311 54.649334 2.578773
1312 78.754501 3.741967
1313 52.121502 2.438898
1314 64.156799 3.026144
1315 51.341034 2.480766
1316 14.946600 0.751980
1317 66.349358 3.081662
1318 81.970024 3.872174
1319 55.444511 2.726189
1320 20.326338 1.016195
1321 20.979235 1.051955
1322 59.711697 2.859416
1323 31.878126 1.542654
1324 115.249443 5.446602
1325 117.208916 5.405822
1326 119.140785 5.597725
1327 94.546112 4.427099
1328 154.648529 8.789729
1329 150.986603 8.268050
1330 165.823288 9.336542
1331 168.092361 9.527640
1332 76.681610 4.334817
1333 67.645943 3.817313
1334 59.983192 3.463229
1335 83.730606 4.760225
1336 51.931541 3.017261
1337 51.741207 2.929797
1338 60.278412 3.365806
1339 87.757225 4.895379
1340 81.806717 4.575208
1341 82.499138 4.636560
1342 64.169556 3.580971
1343 70.907417 3.984751
1344 75.308441 4.251208
1345 77.447380 4.344141
1346 61.668018 3.468923
1347 29.698074 1.723073
1348 35.956158 2.076257
1349 100.701904 5.711829
1350 15.406741 0.907910
1351 63.843006 3.619524
1352 42.424973 2.054030
1353 90.047035 4.257106
1354 63.882774 3.077521
1355 40.543865 1.950905
1356 67.708771 3.230147
1357 65.451271 3.163736
1358 59.171432 2.779852
1359 30.398176 1.510427
1360 65.635422 3.108635
1361 49.679836 2.394569
1362 74.300934 3.493763
1363 56.544685 2.762218
1364 45.776852 2.155974
1365 71.169304 3.279880
1366 56.795654 2.653548
1367 98.358093 4.638406
1368 49.577530 2.386116
1369 13.499107 0.697904
1370 14.049958 0.722386
1371 7.070092 0.418056
1372 24.634150 1.220480
1373 99.481865 4.658265
1374 144.852951 6.858157
1375 3.492459 0.245865
1376 70.669350 4.043246
1377 152.821533 8.591472
1378 130.443909 7.347221
1379 150.118500 8.493803
1380 18.361731 1.084280
1381 66.039429 3.764341
1382 15.143089 0.879183
1383 66.044289 3.702280
1384 103.618896 5.806757
1385 63.824696 3.580780
1386 123.047310 6.870461
1387 78.899620 4.368766
1388 41.295158 2.396364
1389 104.419991 5.819341
1390 68.104111 3.850944
1391 46.182762 2.604850
1392 53.878601 3.072458
1393 47.557625 2.742988
1394 56.603519 3.204790
1395 96.019981 5.444304
1396 38.382133 2.222040
1397 40.346687 2.286430
1398 15.184156 0.918241
1399 115.282516 6.469881
1400 22.234127 1.086168
1401 93.654037 4.380981
1402 101.484673 4.754060
1403 127.143646 5.966925
1404 76.726143 3.691202
1405 43.927917 2.145007
1406 68.053116 3.208425
1407 126.114975 5.825086
1408 150.725784 7.119847
1409 39.213867 1.892066
1410 78.471916 3.660293
1411 97.992981 4.601804
1412 115.459709 5.402581
1413 121.548996 5.740387
1414 123.617744 5.815206
1415 105.983749 4.931657
1416 46.149792 2.209450
1417 62.151600 2.933766
1418 58.558899 2.739615
1419 55.099827 2.614199
1420 54.747150 2.646990
1421 132.832718 6.263752
1422 22.774456 1.193042
1423 139.620010 6.640376
1424 144.296555 8.223701
1425 149.279968 8.438875
1426 158.156235 8.807413
1427 66.651924 3.772197
1428 130.242966 7.348979
1429 86.483482 4.921782
1430 56.148254 3.241094
1431 62.086731 3.544914
1432 110.172699 6.122952
1433 50.796326 2.906629
1434 121.594910 6.772484
1435 70.137344 3.969733
1436 74.396461 4.198909
1437 28.514149 1.633611
1438 94.526192 5.359381
1439 82.481720 4.605705
1440 64.967171 3.707172
1441 126.082237 6.996258
1442 84.982002 4.690976
1443 66.784126 3.785038
1444 122.165100 6.901511
1445 121.128616 6.785430
1446 89.442329 5.064819
1447 141.334305 8.063138
1448 92.489326 4.295079
1449 48.607994 2.278252
1450 85.895851 4.028646
1451 90.843246 4.239690
1452 49.449364 2.330030
1453 96.235138 4.550335
1454 58.529991 2.778062
1455 102.159088 4.785728
1456 63.541233 3.057128
1457 94.722046 4.410077
1458 112.634216 5.378216
1459 61.960571 2.930007
1460 59.615292 2.955736
1461 130.641190 6.091875
1462 104.232079 4.881608
1463 34.975929 1.690961
1464 56.509182 2.700224
1465 92.867775 4.388134
1466 67.910919 3.272210
1467 64.216187 3.066175
1468 93.221230 4.383963
1469 94.415390 4.343466
1470 112.984894 5.176583
1471 111.798134 5.243717
1472 82.709274 4.696289
1473 144.497437 7.969411
1474 136.212173 7.591943
1475 170.456436 9.490620
1476 101.987335 5.697904
1477 53.117149 3.003304
1478 72.786850 4.135862
1479 98.957367 5.494207
1480 11.152354 0.687826
1481 109.013519 6.124656
1482 88.972252 5.005360
1483 45.345222 2.667270
1484 141.830612 7.843221
1485 77.844261 4.451618
1486 63.440548 3.570194
1487 183.776871 10.353745
1488 49.122906 2.832367
1489 96.497215 5.629891
1490 67.416008 3.794323
1491 111.202553 6.254040
1492 89.113754 4.975223
1493 85.968864 4.840691
1494 20.078440 1.191617
1495 70.883324 4.012912
1496 34.329350 1.640005
1497 84.139130 3.875828
1498 73.897339 3.489149
1499 95.627747 4.446369
1500 40.639256 1.974887
1501 123.062675 5.774452
1502 107.665291 5.038640
1503 130.225113 6.185118
1504 22.161079 1.141180
1505 159.795258 7.588688
1506 37.189831 1.847882
1507 59.217148 2.858011
1508 116.569885 5.419464
1509 113.208565 5.370929
1510 122.992241 5.740139
1511 129.822845 6.187602
1512 54.741699 2.585369
1513 70.094696 3.392381
1514 81.919861 3.967209
1515 96.657745 4.475379
1516 146.817459 6.944838
1517 144.901062 6.955699
1518 137.032379 6.466416
1519 126.523354 5.961580
1520 177.679794 10.006927
1521 184.672028 10.306490
1522 53.766663 3.093486
1523 47.315655 2.704547
1524 46.071793 2.610320
1525 68.517349 3.891350
1526 80.136337 4.517796
1527 67.769119 3.850718
1528 135.451309 7.654778
1529 84.803688 4.857158
1530 23.383236 1.375893
1531 45.879192 2.617099
1532 58.998051 3.326726
1533 54.330425 3.108690
1534 71.302635 4.004158
1535 92.644638 5.200720
1536 48.590733 2.795599
1537 99.132431 5.559290
1538 75.106842 4.206223
1539 97.041016 5.402589
1540 80.933411 4.555749
1541 100.018250 5.712370
1542 74.284653 4.146530
1543 61.876369 3.569624
1544 102.320259 4.729591
1545 123.418777 5.812064
1546 59.516201 2.802769
1547 55.439617 2.572056
1548 84.481186 4.039040
1549 68.284256 3.334159
1550 82.130203 4.023148
1551 43.623405 2.079276
1552 57.409626 2.752550
1553 76.885193 3.815501
1554 125.234695 5.948967
1555 133.525162 6.223912
1556 63.115040 2.998147
1557 74.364952 3.513403
1558 96.250587 4.578833
1559 18.620911 0.974060
1560 69.962746 3.331440
1561 77.037910 3.669933
1562 58.615597 2.825028
1563 13.351609 0.711549
1564 124.381996 5.749019
1565 123.823563 5.731228
1566 55.575527 2.637241
1567 154.380753 7.315309
1568 118.053696 6.783718
1569 175.199432 9.755265
1570 80.563873 4.602231
1571 85.677452 4.814393
1572 141.931732 7.976894
1573 70.888924 4.046829
1574 88.809212 5.031959
1575 64.050430 3.632851
1576 135.458252 7.612398
1577 15.284319 0.887920
1578 60.081921 3.438689
1579 74.664658 4.219329
1580 75.023453 4.229018
1581 83.012688 4.699445
1582 65.462242 3.712649
1583 54.654411 3.088817
1584 107.210220 6.087473
1585 75.755196 4.293410
1586 25.132034 1.452552
1587 25.141954 1.462324
1588 66.745186 3.773429
1589 70.636497 4.007415
1590 42.716270 2.453009
1591 64.426582 3.636494
1592 16.770144 0.819606
1593 97.202477 4.516909
1594 96.678314 4.528116
1595 82.268730 3.907992
1596 91.009827 4.386811
1597 50.914368 2.428426
1598 87.904617 4.321179
1599 76.597855 3.687599
1600 44.455482 2.098327
1601 70.008408 3.413616
1602 68.481903 3.335774
1603 20.566103 1.039789
1604 22.846186 1.152682
1605 68.113960 3.348685
1606 30.204662 1.521221
1607 49.870892 2.363260
1608 52.451092 2.510002
1609 56.898041 2.689667
1610 89.265778 4.379588
1611 46.605053 2.214982
1612 53.634678 2.533633
1613 110.674805 5.156443
1614 124.866508 5.893775
1615 64.083870 3.008699
1616 101.363258 5.699990
1617 160.815598 9.122822
1618 60.648819 3.474543
1619 61.156357 3.452955
1620 136.729721 7.655037
1621 85.126656 4.851878
1622 59.698540 3.398094
1623 52.267235 2.975008
1624 62.339371 3.486416
1625 23.445604 1.335391
1626 48.073528 2.733260
1627 28.311052 1.690450
1628 63.969524 3.617685
1629 15.014460 0.881527
1630 34.245804 1.968852
1631 41.300205 2.341934
1632 106.883934 6.004809
1633 58.284245 3.313637
1634 79.751747 4.578399
1635 13.180799 0.811182
1636 98.209610 5.542181
1637 38.564911 2.193881
1638 78.399864 4.409623
1639 42.697086 2.421331
1640 24.822134 1.188489
1641 55.272728 2.598806
1642 54.859516 2.575615
1643 60.086246 2.822119
1644 68.553635 3.232169
1645 131.554077 6.145703
1646 63.619602 3.010987
1647 31.841284 1.645520
1648 45.645176 2.212500
1649 110.155823 5.231067
1650 79.320045 3.867813
1651 25.500038 1.286608
1652 28.328358 1.420782
1653 59.320141 2.756356
1654 55.158428 2.621290
1655 117.548927 5.549973
1656 50.988464 2.425292
1657 75.852478 3.700398
1658 18.679705 0.954481
1659 60.348171 2.870205
1660 123.206436 5.867549
1661 39.168797 1.869003
1662 122.073097 5.809050
1663 123.390831 5.824725
1664 16.066067 0.933495
1665 60.574856 3.436218
1666 167.191315 9.319850
1667 26.488920 1.561677
1668 82.445137 4.683940
1669 59.977581 3.405944
1670 53.972389 3.072967
1671 41.742203 2.394735
1672 69.324860 4.000128
1673 74.159554 4.188911
1674 80.770317 4.550994
1675 86.949272 4.944168
1676 34.818073 1.988572
1677 82.550423 4.584851
1678 164.171280 9.277631
1679 81.592033 4.533539
1680 73.296066 4.217090
1681 71.075684 4.059905
1682 65.352142 3.752328
1683 73.007614 4.118099
1684 12.473788 0.754455
1685 66.302254 3.814902
1686 9.748899 0.609910
1687 100.881828 5.623018
1688 0.790962 0.071936
1689 59.683125 2.830711
1690 70.065987 3.367487
1691 77.395088 3.723043
1692 73.101791 3.506819
1693 65.227402 3.079122
1694 83.888367 4.042375
1695 77.388733 3.763107
1696 137.922348 6.500351
1697 99.430420 4.710496
1698 94.037201 4.460270
1699 51.680653 2.459898
1700 108.078552 5.094080
1701 122.781761 5.766704
1702 109.679649 5.189463
1703 83.564896 4.041948
1704 52.802258 2.549410
1705 43.237000 2.081844
1706 127.980385 5.971082
1707 67.817993 3.348337
1708 24.239508 1.214834
1709 121.536263 5.668173
1710 116.802147 5.497614
1711 140.969009 6.719979
1712 26.890505 1.559495
1713 25.176266 1.455229
1714 85.354759 4.742644
1715 121.327690 6.747417
1716 15.760687 0.919549
1717 57.292397 3.292472
1718 63.959103 3.645203
1719 13.197768 0.789206
1720 20.292385 1.133453
1721 85.298698 4.730402
1722 80.669937 4.551180
1723 66.546486 3.838799
1724 79.349487 4.453410
1725 67.587685 3.846873
1726 71.643379 4.067373
1727 33.959915 1.933590
1728 78.152618 4.377342
1729 15.690005 0.933992
1730 153.439606 8.572099
1731 54.490990 3.127283
1732 73.961052 4.210446
1733 93.612228 5.303523
1734 69.047935 3.942029
1735 39.343426 2.271286
1736 78.262238 3.702119
1737 38.524773 1.858848
1738 101.419807 4.804663
1739 89.128593 4.273200
1740 151.168762 7.192421
1741 80.915260 3.885275
1742 59.472507 2.804306
1743 124.812431 5.838897
1744 66.059669 3.210012
1745 55.903664 2.678398
1746 49.688465 2.371602
1747 79.138443 3.865830
1748 61.149567 2.951241
1749 12.187247 0.627941
1750 60.206451 2.904968
1751 46.181057 2.196684
1752 56.969444 2.682380
1753 57.321587 2.715993
1754 20.802534 1.066992
1755 77.346207 3.729750
1756 55.540863 2.616421
1757 48.425087 2.275314
1758 21.132647 1.028748
1759 107.015015 5.039851
1760 187.447388 10.475123
1761 118.015068 6.784105
1762 39.149410 2.208508
1763 138.487534 7.702011
1764 18.465445 1.104767
1765 34.019001 1.930881
1766 133.681473 7.436051
1767 25.326746 1.473398
1768 17.867014 1.073586
1769 62.093708 3.599870
1770 88.143280 5.003304
1771 66.574654 3.734202
1772 120.043930 6.624510
1773 127.610336 7.153719
1774 91.640617 5.154696
1775 57.345734 3.274303
1776 138.143250 7.828359
1777 41.719296 2.467266
1778 149.264343 8.267625
1779 57.473598 3.311235
1780 114.722229 6.471703
1781 118.054314 6.646502
1782 39.034241 2.276754
1783 151.202591 8.502279
1784 15.186408 0.791626
1785 78.738815 3.779016
1786 32.720749 1.574381
1787 18.361530 0.867509
1788 53.606384 2.533999
1789 104.177162 4.912060
1790 46.782135 2.236237
1791 106.643990 5.025914
1792 122.124847 5.613450
1793 144.824799 6.895859
1794 104.109192 4.948049
1795 124.179092 5.880847
1796 84.935127 4.177684
1797 60.761959 2.912364
1798 74.079521 3.597398
1799 78.317352 3.790582
1800 64.176689 3.100221
1801 101.069023 4.810162
1802 122.874069 5.808483
1803 77.488785 3.779367
1804 70.880554 3.443129
1805 55.033222 2.552747
1806 108.366760 5.123659
1807 28.369686 1.380289
1808 155.603577 8.760980
1809 49.786007 2.871251
1810 23.763876 1.370201
1811 37.920406 2.138309
1812 23.423803 1.351766
1813 32.565754 1.847159
1814 60.335144 3.448871
1815 30.566315 1.780992
1816 8.392756 0.537307
1817 23.551615 1.351836
1818 128.517700 7.286806
1819 140.464294 7.678608
1820 85.664505 4.887788
1821 132.863525 7.550961
1822 35.052284 2.028227
1823 166.437164 9.462969
1824 109.882416 6.215015
1825 167.410965 9.155790
1826 61.829979 3.496994
1827 159.115601 8.764688
1828 158.587402 8.788889
1829 71.369194 4.084697
1830 83.892113 4.778532
1831 91.914902 5.170557
1832 108.013611 4.984673
1833 127.416573 5.964533
1834 147.565842 7.086099
1835 88.186348 4.187089
1836 110.433090 5.256248
1837 99.819008 4.730857
1838 35.950996 1.731401
1839 135.468979 6.334161
1840 148.906616 7.189152
1841 153.854477 7.407452
1842 144.668869 6.893776
1843 136.212814 6.420801
1844 144.091019 6.745914
1845 138.338486 6.470354
1846 142.928909 6.784289
1847 153.637726 7.213123
1848 154.961166 7.344055
1849 38.966171 1.893494
1850 126.895653 5.931240
1851 110.691658 5.150451
1852 56.490360 2.656761
1853 27.090784 1.330341
1854 22.746815 1.174031
1855 18.977913 0.973887
1856 152.307465 8.643293
1857 138.616592 7.771233
1858 93.123886 5.278892
1859 61.153915 3.503433
1860 183.203888 10.053098
1861 70.327911 3.959150
1862 126.506706 7.087654
1863 58.658188 3.295523
1864 110.335831 6.163024
1865 83.689743 4.723796
1866 119.453629 6.624449
1867 102.389290 5.676232
1868 115.452156 6.392838
1869 153.421173 8.735842
1870 26.767113 1.562236
1871 121.543839 6.785924
1872 217.290680 12.465176
1873 121.827522 6.971572
1874 195.523712 11.052680
1875 112.285492 6.205179
1876 178.165192 9.967173
1877 180.892029 10.123550
1878 172.046371 9.725233
1879 178.445602 10.077520
1880 71.983482 3.481999
1881 124.767395 5.801575
1882 65.130051 3.081387
1883 145.790924 6.988699
1884 88.364326 4.288277
1885 146.156891 6.798047
1886 118.032875 5.549816
1887 144.548660 6.846109
1888 150.498779 7.143438
1889 61.800297 2.898705
1890 112.945778 5.215230
1891 108.637405 5.128003
1892 72.328667 3.448126
1893 115.870071 5.353343
1894 158.128677 7.483351
1895 111.493759 5.303573
1896 36.084789 1.732773
1897 111.664894 5.237083
1898 114.987816 5.466343
1899 109.083611 5.042817
1900 90.955238 4.374085
1901 139.102432 6.486475
1902 58.520283 2.777341
1903 136.262039 6.412095
1904 158.019791 8.883267
1905 141.075668 8.008290
1906 139.963333 7.813224
1907 111.858765 6.258818
1908 136.014191 7.630565
1909 100.534363 5.559546
1910 131.211212 7.299273
1911 31.580637 1.813066
1912 70.715576 3.997433
1913 83.363182 4.624485
1914 124.070358 6.885495
1915 72.969688 4.083008
1916 67.140350 3.832371
1917 133.186600 7.456633
1918 110.813339 6.263831
1919 48.108234 2.726014
1920 162.366577 9.189162
1921 149.788116 8.387650
1922 145.826859 8.039883
1923 131.876038 7.362141
1924 198.645508 11.296968
1925 50.583664 2.891747
1926 178.612076 9.898477
1927 28.801006 1.656640
1928 77.828026 3.727259
1929 141.623444 6.641910
1930 71.401733 3.367388
1931 161.635635 7.825473
1932 107.833191 4.948380
1933 119.758667 5.631658
1934 159.388596 7.663447
1935 130.469009 6.103268
1936 84.897911 4.143493
1937 139.093796 6.591802
1938 55.521935 2.643702
1939 116.314018 5.436553
1940 154.744125 7.553325
1941 153.891205 7.401793
1942 121.614639 5.669115
1943 112.879982 5.406026
1944 67.041168 3.317832
1945 132.317871 6.059271
1946 34.370644 1.650023
1947 140.062943 6.637239
1948 133.068405 6.257334
1949 113.260460 5.296226
1950 42.373672 2.054401
1951 133.126663 6.389772
1952 54.869949 3.105448
1953 90.438789 5.127189
1954 103.820183 5.888751
1955 68.460007 3.907040
1956 66.570839 3.831332
1957 51.628593 3.033286
1958 26.248650 1.492497
1959 121.991798 6.772110
1960 52.567413 2.970070
1961 17.701582 1.028815
1962 64.407990 3.609392
1963 91.374718 5.121542
1964 76.552551 4.348896
1965 79.259438 4.477465
1966 43.868256 2.513234
1967 176.526581 9.978584
1968 192.504730 10.756343
1969 45.340973 2.611791
1970 131.797668 7.436362
1971 111.446518 6.158540
1972 57.725365 3.276857
1973 156.521774 8.809557
1974 129.730850 7.285476
1975 74.950401 4.189191
1976 136.956177 6.503076
1977 96.128822 4.503625
1978 55.844021 2.616222
1979 118.075829 5.535595
1980 155.421341 7.382350
1981 85.302521 4.026178
1982 102.531281 4.830796
1983 75.730309 3.646875
1984 126.412750 6.025485
1985 138.771103 6.609690
1986 69.085472 3.264474
1987 56.348660 2.661062
1988 54.975964 2.598053
1989 65.206863 3.136042
1990 45.578304 2.187083
1991 53.978901 2.530515
1992 83.294235 4.001952
1993 116.142403 5.462804
1994 56.171333 2.678762
1995 128.472534 6.127192
1996 57.000000 2.700575
1997 67.169876 3.261184
1998 121.338135 5.703980
1999 69.169609 3.324839
2000 63.813381 3.586735
2001 27.262487 1.580553
2002 34.323395 1.943997
2003 176.414612 9.874483
2004 78.004333 4.456560
2005 15.988173 0.950889
2006 8.168629 0.531162
2007 24.385349 1.406505
2008 11.056405 0.684111
2009 52.515781 3.024009
2010 119.769951 6.678377
2011 76.630440 4.423059
2012 79.060104 4.480317
2013 77.659332 4.397640
2014 73.671585 4.133980
2015 57.151379 3.188215
2016 67.856216 3.825907
2017 147.550522 8.226005
2018 81.793732 4.567174
2019 73.331909 4.163949
2020 64.457855 3.679759
2021 70.554413 3.999637
2022 78.925179 4.388762
2023 143.931183 8.042563
2024 90.230629 4.300965
2025 59.839371 2.790612
2026 117.330360 5.469248
2027 68.909760 3.213581
2028 59.933926 2.846523
2029 82.033249 3.998794
2030 61.027218 2.875943
2031 70.565628 3.380945
2032 61.568989 2.926810
2033 25.987434 1.297533
2034 70.561371 3.388906
2035 51.313080 2.467207
2036 102.816597 4.863298
2037 126.320984 5.943098
2038 74.878922 3.584747
2039 47.815044 2.296752
2040 101.017250 4.819031
2041 62.212582 2.979802
2042 117.442238 5.569113
2043 2.170555 0.187818
2044 63.595856 3.044055
2045 42.525307 2.111634
2046 24.772247 1.255530
2047 69.828873 3.304708
2048 57.113941 3.220700
2049 16.539080 0.991805
2050 29.229954 1.672170
2051 79.942024 4.528721
2052 53.839565 3.070863
2053 20.403189 1.159867
2054 124.239037 6.768816
2055 48.300091 2.777722
2056 69.836288 3.994234
2057 22.521852 1.301630
2058 96.501457 5.389023
2059 53.557732 3.041065
2060 76.956383 4.283547
2061 166.986877 9.401273
2062 121.454773 6.751067
2063 67.498978 3.816141
2064 26.913380 1.528551
2065 95.454536 5.381039
2066 163.279434 9.156217
2067 123.468674 6.961904
2068 140.385239 7.894025
2069 50.025188 2.866781
2070 54.625774 3.065601
2071 61.368931 3.479278
2072 86.806992 4.141720
2073 51.157440 2.412618
2074 88.606880 4.173753
2075 57.387016 2.693649
2076 59.241108 2.817198
2077 58.575939 2.786246
2078 73.789589 3.564249
2079 154.960495 7.296335
2080 72.584328 3.554564
2081 72.826729 3.536722
2082 70.815712 3.422302
2083 144.201401 6.951284
2084 127.309738 5.935686
2085 115.370842 5.439326
2086 101.473640 4.783062
2087 146.095825 6.919772
2088 135.199402 6.348530
2089 89.458549 4.350182
2090 94.818626 4.447139
2091 74.788254 3.579957
2092 155.310196 7.472999
2093 120.078484 5.605770
2094 84.337440 4.048369
2095 54.205265 2.636891
2096 114.921432 6.451196
2097 102.287560 5.779807
2098 30.151588 1.763177
2099 73.986336 4.229064
2100 15.003556 0.867147
2101 28.756748 1.662877
2102 33.790321 1.954934
2103 14.545247 0.849983
2104 67.778931 3.838518
2105 74.152519 4.207104
2106 87.567291 4.968182
2107 65.793976 3.735782
2108 74.219460 4.199704
2109 132.098846 7.428857
2110 103.431297 5.812462
2111 77.062210 4.360661
2112 71.696945 4.036219
2113 39.905678 2.440217
2114 67.967720 3.796441
2115 66.026283 3.813438
2116 58.720100 3.313510
2117 126.705238 7.158516
2118 57.676674 3.238799
2119 87.095741 4.968853
2120 68.738029 3.241413
2121 104.824242 4.996392
2122 11.519329 0.570879
2123 62.706173 2.935124
2124 102.578964 4.898990
2125 94.748444 4.412333
2126 140.019928 6.560346
2127 91.252312 4.305269
2128 34.216919 1.665704
2129 80.759529 3.801024
2130 71.662933 3.391097
2131 120.913208 5.697156
2132 117.449310 5.402124
2133 55.305374 2.674708
2134 53.389725 2.536630
2135 61.049988 2.859477
2136 140.624374 6.743357
2137 28.816320 1.421731
2138 64.147217 3.172626
2139 44.916119 2.147009
2140 37.984417 1.829991
2141 127.613434 5.923018
2142 11.713278 0.652534
2143 90.408554 4.400841
2144 59.825127 3.417990
2145 135.075119 7.534870
2146 70.907059 4.028666
2147 64.143852 3.579743
2148 64.277550 3.667196
2149 66.035820 3.718826
2150 86.215538 4.897326
2151 66.406654 3.744253
2152 125.287262 6.876784
2153 129.840805 7.322653
2154 42.172623 2.405570
2155 30.127827 1.756697
2156 87.095787 5.010417
2157 39.760674 2.261057
2158 26.298679 1.575118
2159 131.026291 7.382303
2160 64.696381 3.657134
2161 62.802109 3.570157
2162 160.404816 8.971978
2163 82.836403 4.700306
2164 52.984001 2.978744
2165 112.322586 6.416357
2166 68.509750 3.837049
2167 74.697853 4.245264
2168 43.984119 2.081866
2169 150.287766 7.072957
2170 131.542038 6.117257
2171 40.744907 1.954425
2172 130.704926 6.200555
2173 43.180317 2.048583
2174 47.418995 2.286744
2175 105.166695 4.994414
2176 55.944313 2.639708
2177 55.767090 2.651435
2178 82.050880 3.936662
2179 33.140930 1.610646
2180 62.618420 2.956234
2181 144.696304 6.806079
2182 65.722855 3.134002
2183 74.945938 3.587380
2184 61.142185 2.935590
2185 52.212826 2.485818
2186 94.942818 4.458503
2187 59.596027 2.845191
2188 105.947784 5.016084
2189 49.937244 2.389152
2190 59.211132 2.785999
2191 87.196999 4.178042
2192 23.958708 1.363404
2193 88.441277 5.035835
2194 35.670116 2.064271
2195 40.325508 2.316274
2196 45.648300 2.633316
2197 13.414790 0.808475
2198 68.555908 3.913418
2199 123.214111 6.894019
2200 158.682022 9.015161
2201 62.768028 3.555192
2202 99.724838 5.655337
2203 22.304581 1.266712
2204 27.217730 1.588279
2205 64.194405 3.701741
2206 148.668961 8.187699
2207 100.695724 5.760786
2208 47.756023 2.716395
2209 132.819000 7.512411
2210 55.558365 3.163751
2211 139.826096 7.991990
2212 69.326576 3.973300
2213 135.174240 7.545860
2214 81.896118 4.497763
2215 163.508530 9.352022
2216 40.530170 1.934431
2217 66.175018 3.172947
2218 97.557121 4.584238
2219 10.329202 0.522773
2220 39.438286 1.953695
2221 20.343859 1.012461
2222 130.845078 6.114007
2223 68.061974 3.280807
2224 113.264427 5.271779
2225 72.510498 3.492076
2226 107.283401 4.920491
2227 50.938236 2.397479
2228 55.129856 2.625022
2229 124.496101 5.877304
2230 69.983833 3.405362
2231 47.511280 2.284503
2232 104.788315 4.934744
2233 139.004272 6.561487
2234 93.076180 4.364232
2235 13.550269 0.699337
2236 79.091408 3.810012
2237 62.295780 2.955406
2238 4.562635 0.291488
2239 38.914356 1.865355
2240 38.606003 2.220276
2241 43.922176 2.580003
2242 69.979301 4.077772
2243 13.627378 0.846405
2244 65.404594 3.759424
2245 92.934273 5.212357
2246 22.296906 0.926138
2247 34.441765 1.418205
2248 23.097118 1.014019
2249 59.055485 2.335262
2250 21.536631 0.897794
2251 0.132705 0.084872
2252 1.400080 0.148971
2253 61.055264 3.467484
2254 62.064880 3.613361
2255 40.652218 2.404911
2256 46.491817 2.737912
2257 37.869415 2.249994
2258 44.606243 2.603284
2259 2.203393 0.177546
2260 31.703100 1.268909
2261 22.931765 0.949315
2262 24.549917 1.034779
2263 25.398464 1.088584
2264 25.078344 1.055910
2265 16.840092 0.727759
2266 37.323292 1.478938
2267 30.493711 1.233470
2268 17.952217 1.091415
2269 39.857132 2.308819
2270 47.091496 2.731395
2271 91.351166 5.274217
2272 45.370762 2.678862
2273 133.883911 7.695743
2274 64.709816 3.886497
2275 3.009020 0.234087
2276 44.165428 2.582902
2277 47.787743 2.686230
2278 24.752750 1.006557
2279 24.084465 0.981539
2280 19.496737 0.813587
2281 53.450741 2.148450
2282 20.949917 0.886463
2283 26.843285 1.134608
2284 23.296650 0.995862
2285 44.217834 1.821631
2286 13.374744 0.571786
2287 25.394358 1.027282
2288 23.250961 1.381891
2289 1.315674 0.144437
2290 36.372238 2.068047
2291 109.576736 6.093844
2292 52.088657 3.055958
2293 43.185570 2.547604
2294 80.396095 4.602807
2295 69.143143 4.004945
2296 87.530106 5.010485
2297 106.910362 6.056934
2298 43.619526 2.541067
2299 17.881090 0.746756
2300 10.726716 0.460923
2301 0.128916 0.021869
2302 31.404549 1.289767
2303 23.313091 0.959527
2304 6.285922 0.299590
2305 39.113956 1.607080
2306 38.995964 1.625062
2307 14.719995 0.655623
2308 48.904533 1.999631
2309 35.232235 1.486459
2310 3.199528 0.241660
2311 37.725140 2.187019
2312 71.453362 3.977902
2313 40.718273 2.340886
2314 65.491928 3.771147
2315 34.968399 2.016918
2316 47.668468 2.838224
2317 82.416168 4.879199
2318 101.095551 5.825663
2319 39.611893 2.382641
2320 36.323883 2.156263
2321 68.788658 4.040088
2322 22.880157 0.931789
2323 17.445751 0.726169
2324 18.071930 0.733303
2325 29.071617 1.165598
2326 20.842064 0.857115
2327 20.058054 0.827085
2328 37.855385 1.589244
2329 41.641682 1.702475
2330 31.577055 1.323302
2331 17.769188 0.758661
2332 15.170488 0.672408
2333 29.213549 1.227021
2334 41.172539 2.350878
2335 0.108508 0.003895
2336 56.927254 3.196916
2337 36.530289 2.108235
2338 78.502113 4.491189
2339 68.786125 3.987723
2340 53.115635 3.144770
2341 44.609360 2.627153
2342 23.500250 1.430398
2343 23.285334 1.414161
2344 55.368637 3.262708
2345 53.843796 3.117840
2346 22.398447 1.379493
2347 21.916965 0.917295
2348 13.449338 0.581337
2349 21.359148 0.897543
2350 16.750893 0.696048
2351 30.999523 1.244761
2352 7.762681 0.363557
2353 35.340145 1.455630
2354 39.936275 1.657054
2355 6.639112 0.322466
2356 34.117302 1.432505
2357 36.921143 1.534361
2358 26.439396 1.003672
2359 27.990631 1.098283
2360 91.673973 5.126028
2361 52.023113 2.899451
2362 32.747570 1.223516
2363 41.283474 1.563730
2364 91.353577 5.137924
2365 167.327576 9.518435
2366 75.492958 4.276836
2367 38.102074 1.440373
2368 36.328308 1.406163
2369 74.497093 2.827473
2370 60.079857 3.408422
2371 30.690161 1.794258
2372 65.962364 3.719831
2373 67.812279 3.812094
2374 31.839972 1.238947
2375 34.680450 1.324092
2376 26.095564 1.027459
2377 46.353374 1.752470
2378 64.201302 3.584188
2379 54.958481 3.099953
2380 51.140312 2.861162
2381 74.942802 4.244954
2382 23.114378 0.894345
2383 49.597908 1.860932
2384 35.025425 1.337160
2385 35.984615 1.360989
2386 56.980003 3.205165
2387 63.872902 3.609698
2388 75.581863 4.181859
2389 77.193825 4.319211
2390 71.886177 4.024004
2391 79.087936 2.883491
2392 70.746033 2.706929
2393 39.390438 1.520856
2394 58.092834 2.130054
2395 25.800911 0.991845
2396 71.487473 4.044487
2397 112.243767 6.332600
2398 57.965706 3.277309
2399 58.430538 3.261293
2400 79.344643 4.493071
2401 56.035294 2.091896
2402 53.836109 2.022090
2403 77.580574 2.861552
2404 35.664204 1.374177
2405 24.681229 0.951702
2406 54.735085 3.096987
2407 56.925430 3.196436
2408 100.976646 5.644247
2409 50.310291 2.867613
2410 43.579433 2.478390
2411 83.001122 4.624005
2412 25.589058 1.003006
2413 33.480652 1.287270
2414 60.764027 2.278411
2415 28.299860 1.088969
2416 35.562531 1.370576
2417 40.231754 1.557349
2418 51.666924 2.906813
2419 60.167778 3.361104
2420 88.355125 4.922745
2421 52.327572 2.905484
2422 49.140331 2.739288
2423 166.090790 9.237237
2424 28.074221 1.083097
2425 39.700787 1.508789
2426 33.281990 1.296240
2427 34.616226 1.321447
2428 36.837540 1.412024
2429 99.099297 3.488257
2430 50.480232 2.868082
2431 16.975590 1.006356
2432 37.378223 2.134794
2433 146.648056 8.283024
2434 118.302620 6.623517
2435 56.175327 3.152097
2436 27.056879 1.044142
2437 43.452015 1.619362
2438 46.878609 1.795974
2439 14.487574 0.587660
2440 29.432178 1.099990
2441 27.127567 1.031798
2442 93.410179 5.232498
2443 63.425144 3.572618
2444 86.700371 4.817720
2445 78.296104 4.371680
2446 108.794327 6.102804
2447 97.678673 5.409544
2448 78.970596 2.866640
2449 49.792286 1.852833
2450 18.309364 0.727774
2451 27.407135 1.047393
2452 7.792795 0.339947
2453 33.045044 1.267515
2454 71.784859 4.031987
2455 82.333702 4.595990
2456 77.951828 4.279755
2457 35.439495 2.036031
2458 60.788170 3.425398
2459 119.158234 6.728597
2460 43.273449 1.629230
2461 105.538589 3.703490
2462 18.197075 0.735433
2463 33.265949 1.293365
2464 29.750978 1.150490
2465 39.769638 1.521190
2466 46.742706 2.581537
2467 77.602036 4.343808
2468 5.499460 0.380658
2469 63.448345 3.549837
2470 48.875084 2.718694
2471 58.916492 3.272120
2472 32.437126 1.241195
2473 19.090521 0.767193
2474 42.597893 1.623123
2475 40.282619 1.549026
2476 0.210977 0.154643
2477 0.210290 0.152773
2478 0.210290 0.152773
2479 0.210290 0.152773
2480 0.210290 0.152773
2481 0.210290 0.152773
2482 0.210290 0.152773
2483 0.210290 0.152773
2484 0.210290 0.152773
2485 0.210290 0.152773
2486 0.210290 0.152773
2487 0.210290 0.152773
2488 0.210290 0.152773
2489 0.210290 0.152773
2490 0.210290 0.152773
2491 0.210290 0.152773
2492 0.210290 0.152773
2493 0.210290 0.152773
2494 0.210290 0.152773
2495 0.210290 0.152773
2496 0.210290 0.152773
2497 0.210290 0.152773
2498 0.210290 0.152773
2499 0.210290 0.152773
2500 0.210290 0.152773
2501 0.210290 0.152773
2502 0.210290 0.152773
2503 0.210290 0.152773
2504 0.210290 0.152773
2505 0.210290 0.152773
2506 0.210290 0.152773
2507 0.210290 0.152773
2508 0.210290 0.152773
2509 0.210290 0.152773
2510 0.210290 0.152773
2511 0.210290 0.152773
2512 0.210290 0.152773
2513 0.210290 0.152773
2514 0.210290 0.152773
2515 0.210290 0.152773
2516 0.210290 0.152773
2517 0.210290 0.152773
2518 0.210290 0.152773
2519 0.210290 0.152773
2520 0.210290 0.152773
2521 0.210290 0.152773
2522 0.210290 0.152773
2523 0.210290 0.152773
2524 0.210290 0.152773
2525 0.210290 0.152773
2526 0.210290 0.152773
2527 0.210290 0.152773
2528 0.210290 0.152773
2529 0.210290 0.152773
2530 0.210290 0.152773
2531 0.210290 0.152773
2532 0.210290 0.152773
2533 0.210290 0.152773
2534 0.210290 0.152773
2535 0.210290 0.152773
2536 0.210290 0.152773
2537 0.210290 0.152773
2538 0.210290 0.152773
2539 0.210290 0.152773
2540 0.210290 0.152773
2541 0.210290 0.152773
2542 0.210290 0.152773
2543 0.210290 0.152773
2544 0.210290 0.152773
2545 0.210290 0.152773
2546 0.210290 0.152773
2547 0.210290 0.152773
2548 0.210290 0.152773
2549 0.210290 0.152773
2550 0.210290 0.152773
2551 0.210290 0.152773
2552 0.210290 0.152773
2553 0.210290 0.152773
2554 0.210290 0.152773
2555 0.210290 0.152773
2556 0.210290 0.152773
2557 0.210290 0.152773
2558 0.210290 0.152773
2559 0.210290 0.152773
2560 0.210290 0.152773
2561 0.210290 0.152773
2562 0.210290 0.152773
2563 0.210290 0.152773
2564 0.210290 0.152773
2565 0.210290 0.152773
2566 0.210290 0.152773
2567 0.210290 0.152773
2568 0.210290 0.152773
2569 0.210290 0.152773
2570 0.210290 0.152773
2571 0.210290 0.152773
2572 0.210290 0.152773
2573 0.210290 0.152773
2574 0.210290 0.152773
2575 0.210290 0.152773
2576 0.210290 0.152773
2577 0.210290 0.152773
2578 0.210290 0.152773
2579 0.210290 0.152773
2580 0.210290 0.152773
2581 0.210290 0.152773
2582 0.210290 0.152773
2583 0.210290 0.152773
2584 0.210290 0.152773
2585 0.210290 0.152773
2586 0.210290 0.152773
2587 0.210290 0.152773
2588 0.210290 0.152773
2589 0.210290 0.152773
2590 0.210290 0.152773
2591 0.210290 0.152773
2592 0.210290 0.152773
2593 0.210290 0.152773
2594 0.210290 0.152773
2595 0.210290 0.152773
2596 0.210290 0.152773
2597 0.210290 0.152773
2598 0.210290 0.152773
2599 0.210290 0.152773
2600 0.210290 0.152773
2601 0.210290 0.152773
2602 0.210290 0.152773
2603 0.210290 0.152773
2604 0.210290 0.152773
2605 0.210290 0.152773
2606 0.210290 0.152773
2607 0.210290 0.152773
2608 0.210290 0.152773
2609 0.210290 0.152773
2610 0.210290 0.152773
2611 0.210290 0.152773
2612 0.210290 0.152773
2613 0.210290 0.152773
2614 0.210290 0.152773
2615 0.210290 0.152773
2616 0.210290 0.152773
2617 0.210290 0.152773
2618 0.210290 0.152773
2619 0.210290 0.152773
2620 0.210290 0.152773
2621 0.210290 0.152773
2622 0.210290 0.152773
2623 0.210290 0.152773
2624 0.210290 0.152773
2625 0.210290 0.152773
2626 0.210290 0.152773
2627 0.210290 0.152773
2628 0.210290 0.152773
2629 0.210290 0.152773
2630 0.210290 0.152773
2631 0.210290 0.152773
2632 0.210290 0.152773
2633 0.210290 0.152773
2634 0.210290 0.152773
2635 0.210290 0.152773
2636 0.210290 0.152773
2637 0.210290 0.152773
2638 0.210290 0.152773
2639 0.210290 0.152773
2640 0.210290 0.152773
2641 0.210290 0.152773
2642 0.210290 0.152773
2643 0.210290 0.152773
2644 0.210290 0.152773
2645 0.210290 0.152773
2646 0.210290 0.152773
2647 0.210290 0.152773
2648 0.210290 0.152773
2649 0.210290 0.152773
2650 0.210290 0.152773
2651 0.210290 0.152773
2652 0.210290 0.152773
2653 0.210290 0.152773
2654 0.210290 0.152773
2655 0.210290 0.152773
2656 0.210290 0.152773
2657 0.210290 0.152773
2658 0.210290 0.152773
2659 0.210290 0.152773
2660 0.210290 0.152773
2661 0.210290 0.152773
2662 0.210290 0.152773
2663 0.210290 0.152773
2664 0.210290 0.152773
2665 0.210290 0.152773
2666 0.210290 0.152773
2667 0.210290 0.152773
2668 0.210290 0.152773
2669 0.210290 0.152773
2670 0.210290 0.152773
2671 0.210290 0.152773
2672 0.210290 0.152773
2673 0.210290 0.152773
2674 0.210290 0.152773
2675 0.210290 0.152773
2676 0.210290 0.152773
2677 0.210290 0.152773
2678 0.210290 0.152773
2679 0.210290 0.152773
2680 0.210290 0.152773
2681 0.210290 0.152773
2682 0.210290 0.152773
2683 0.210290 0.152773
2684 0.210290 0.152773
2685 0.210290 0.152773
2686 0.210290 0.152773
2687 0.210290 0.152773
2688 0.210290 0.152773
2689 0.210290 0.152773
2690 0.210290 0.152773
2691 0.210290 0.152773
2692 0.210290 0.152773
2693 0.210290 0.152773
2694 0.210290 0.152773
2695 0.210290 0.152773
2696 0.210290 0.152773
2697 0.210290 0.152773
2698 0.210290 0.152773
2699 0.210290 0.152773
2700 0.210290 0.152773
2701 0.210290 0.152773
2702 0.210290 0.152773
2703 0.210290 0.152773
2704 0.210290 0.152773
2705 0.210290 0.152773
2706 0.210290 0.152773
2707 0.210290 0.152773
2708 0.210290 0.152773
2709 0.210290 0.152773
2710 0.210290 0.152773
2711 0.210290 0.152773
2712 0.210290 0.152773
2713 0.210290 0.152773
2714 0.210290 0.152773
2715 0.210290 0.152773
