0 137.076050 4.318357
1 106.201523 2.554590
2 137.646393 4.414853
3 128.885925 3.046271
4 51.840305 1.369539
5 36.821293 1.086734
6 79.315590 1.991241
7 136.817490 4.400674
8 60.414448 1.564610
9 93.205322 2.409513
10 136.878326 4.323473
11 68.707222 1.862637
12 55.235741 1.504599
13 72.657791 1.830458
14 31.281368 0.878944
15 56.395439 1.565885
16 125.376427 3.317045
17 50.406845 1.442784
18 58.726234 1.419968
19 45.095058 1.279591
20 56.155895 1.465196
21 63.000000 1.820876
22 54.178707 1.501078
23 55.307983 1.515513
24 85.794678 3.571599
25 268.167297 12.210859
26 268.813690 12.360226
27 110.931557 4.409102
28 162.783264 6.592612
29 129.368820 5.199892
30 261.433472 10.307549
31 269.300385 12.289795
32 208.231934 7.901690
33 183.041824 7.469721
34 141.140686 5.596643
35 103.703423 4.391864
36 71.479088 2.897249
37 226.794678 9.081154
38 99.193916 4.125922
39 182.410645 7.138939
40 271.703430 12.543289
41 270.741455 11.961348
42 113.019012 4.540860
43 117.718628 4.707885
44 132.437256 5.368092
45 270.049438 11.591651
46 87.665398 3.724625
47 271.216736 12.281033
48 45.300381 1.268618
49 37.688213 1.068800
50 137.095062 4.349128
51 135.897339 4.266871
52 56.703423 1.441992
53 72.003799 1.881465
54 120.338402 2.875676
55 115.596962 2.852041
56 85.513306 2.114321
57 57.220531 1.494234
58 85.536125 2.103236
59 81.840302 2.064817
60 112.395439 2.664279
61 75.517113 1.900243
62 137.095062 4.349128
63 53.566540 1.567961
64 93.783272 2.307737
65 138.300385 4.452226
66 107.133080 2.584203
67 66.524712 1.688239
68 65.517113 1.583749
69 89.311790 2.264315
70 29.216730 0.991689
71 130.703415 3.393612
72 256.178711 10.104135
73 144.482895 5.516540
74 132.269958 5.288568
75 222.825089 8.887543
76 269.813690 12.360226
77 162.007599 6.483669
78 259.117859 10.660211
79 243.460083 9.721860
80 218.220535 8.614960
81 140.220535 5.531524
82 178.038025 7.026733
83 269.669189 12.470226
84 103.201523 4.219419
85 233.228134 9.433439
86 146.638779 5.893440
87 268.756653 12.387352
88 125.072243 5.207346
89 143.783264 5.720567
90 207.661591 8.494884
91 272.627380 12.516375
92 152.163498 5.994284
93 188.095062 7.270082
94 272.022827 12.406281
95 148.676804 6.390204
96 29.019011 0.824771
97 137.414444 4.430204
98 35.923954 1.029007
99 132.790878 3.151135
100 41.988594 1.194037
101 136.566544 4.065334
102 120.927757 2.873524
103 76.307983 1.920525
104 18.342205 0.620320
105 54.243347 1.459759
106 96.444870 2.321130
107 60.095058 1.629835
108 89.498100 2.193794
109 107.570343 2.563601
110 119.148293 3.099869
111 137.851715 4.368578
112 124.585548 3.295247
113 69.806084 1.773388
114 45.893536 1.190934
115 113.566544 2.908350
116 21.288973 0.675587
117 44.619770 1.387036
118 80.372627 2.217698
119 30.631178 0.961669
120 269.133087 12.183693
121 90.775665 3.731361
122 161.923950 6.766749
123 137.205322 5.635612
124 176.836502 6.795763
125 121.718628 5.080036
126 147.904938 5.983699
127 271.665405 12.500731
128 106.452469 4.306312
129 250.060837 9.694777
130 120.433456 4.848498
131 171.387833 6.798692
132 270.821289 12.426912
133 120.403038 4.833060
134 250.722427 9.921122
135 213.897339 8.436799
136 271.410645 12.414521
137 75.547531 3.140049
138 176.353607 6.970365
139 271.954376 12.440192
140 271.665405 12.500731
141 159.547531 6.193691
142 272.000000 12.438441
143 256.589355 10.921018
144 44.030418 1.347800
145 36.608364 1.069205
146 60.950569 1.528385
147 105.825096 2.503195
148 42.566540 1.202952
149 73.882126 1.855365
150 38.186314 1.060652
151 105.916351 2.640831
152 136.593155 4.432625
153 40.167301 1.097246
154 53.939163 1.436920
155 70.585548 1.820693
156 57.133080 1.488029
157 46.205322 1.282987
158 137.098862 4.348607
159 52.391636 1.332058
160 38.543728 1.149057
161 127.365021 3.409313
162 91.144485 2.222003
163 70.387833 1.776955
164 32.060837 0.965225
165 133.311783 3.164942
166 53.764259 1.410692
167 82.562737 2.004477
168 235.015213 9.610265
169 267.273773 12.227609
170 231.562744 9.224021
171 159.992401 6.589537
172 241.585556 9.354819
173 191.106461 7.572468
174 269.148285 12.212195
175 117.908745 4.936020
176 271.661591 12.502301
177 97.787071 4.110672
178 271.087463 12.330523
179 269.813690 12.360226
180 96.110268 3.857639
181 272.657806 12.503870
182 74.768059 3.299298
183 268.368835 12.166654
184 272.007599 12.422839
185 79.254753 3.261675
186 126.817490 5.245038
187 229.380234 9.200342
188 130.410645 5.272661
189 120.961975 4.860651
190 256.950562 10.569768
191 167.155899 6.714891
192 60.836502 1.547683
193 102.688210 2.523226
194 52.190113 1.357271
195 65.224335 1.557228
196 41.596958 1.225951
197 35.650188 1.031477
198 40.384029 1.117120
199 55.627377 1.350233
200 49.460075 1.330157
201 61.608364 1.548532
202 72.680611 1.947184
203 51.292774 1.314523
204 43.809887 1.154417
205 137.038025 4.274613
206 47.228138 1.314314
207 40.935360 1.049898
208 119.676804 3.140275
209 131.965775 3.465579
210 25.095057 0.907559
211 29.676805 0.938263
212 33.372623 0.938170
213 58.475285 1.561891
214 85.441063 2.079080
215 55.155895 1.575246
216 216.513306 8.396927
217 140.498093 5.593909
218 137.752853 5.626842
219 171.809891 6.825499
220 269.673004 12.459192
221 109.813690 4.648836
222 134.505707 5.245219
223 269.676819 12.471950
224 253.117874 9.905513
225 269.669189 12.470226
226 129.064636 5.278517
227 259.669189 10.141250
228 85.441063 3.672338
229 25.988594 1.360728
230 115.946770 4.688492
231 85.452469 3.540722
232 272.543732 12.537585
233 271.342194 12.345655
234 272.000000 12.438441
235 176.604568 7.156288
236 20.657795 1.125578
237 88.460075 3.658071
238 237.619766 9.559893
239 90.258553 3.894238
240 25.859316 0.831405
241 29.813688 0.817747
242 53.399239 1.429031
243 41.049431 1.113958
244 136.722427 3.998449
245 50.486691 1.429860
246 29.752851 0.899800
247 67.619774 1.699896
248 115.615967 2.843318
249 31.676805 0.896823
250 48.627377 1.313114
251 64.174904 1.617342
252 96.806084 2.398598
253 137.095062 4.349128
254 87.980988 2.241083
255 63.212929 1.617485
256 60.334602 1.610983
257 52.779469 1.394188
258 28.885931 0.873300
259 37.787071 1.082309
260 138.231934 4.396184
261 118.547531 2.883779
262 54.475285 1.566752
263 50.904942 1.575265
264 268.133087 12.142428
265 217.825089 8.872128
266 268.634979 12.212777
267 124.076042 5.061027
268 270.167297 12.210859
269 268.684418 12.450787
270 135.802277 5.430417
271 102.863121 4.017581
272 144.079849 5.837249
273 91.174904 3.938672
274 151.174911 6.208039
275 219.555130 8.739785
276 271.604553 12.452018
277 272.395447 12.407356
278 269.817505 12.360128
279 183.562744 7.275856
280 86.136879 3.458099
281 93.346008 3.886955
282 271.996185 12.438594
283 272.387848 12.404838
284 124.627373 4.922781
285 270.756653 12.412803
286 269.167297 12.210859
287 215.193924 8.602129
288 95.403038 2.300006
289 63.479088 1.672451
290 34.711025 1.053760
291 127.296577 3.175995
292 68.828896 1.743320
293 32.053230 1.004277
294 119.129280 2.822778
295 136.882126 4.316978
296 135.969589 3.570984
297 2.182509 0.386264
298 136.851715 4.368578
299 137.307983 4.162138
300 101.155891 2.385482
301 134.406845 3.207327
302 137.414444 4.430204
303 86.220535 2.117471
304 138.631180 4.476056
305 123.144485 3.213866
306 23.847908 0.760019
307 134.064636 3.552914
308 136.688217 4.358652
309 66.494293 1.896306
310 136.634979 4.393634
311 68.836502 1.908526
312 252.205322 9.697107
313 268.813690 12.360226
314 263.821289 10.685728
315 127.524712 5.181713
316 119.927757 5.010873
317 269.646393 12.459534
318 269.600769 12.429433
319 266.684418 11.042057
320 269.965790 12.403956
321 212.000000 8.510338
322 161.049423 6.417762
323 81.665398 3.478645
324 139.889740 5.431846
325 271.665405 12.500731
326 243.125473 9.614007
327 140.007599 5.797595
328 268.699615 12.439552
329 271.714844 12.534911
330 271.072235 12.349725
331 272.304169 12.362347
332 271.098846 12.314237
333 268.965790 11.371483
334 235.387833 9.567142
335 270.673004 12.482974
336 99.634979 2.312931
337 133.969589 3.234649
338 74.680611 1.897738
339 133.220535 3.301808
340 109.844109 2.649778
341 47.171104 1.394313
342 73.296577 1.753722
343 136.889740 4.280916
344 47.669201 1.270042
345 137.095062 4.349128
346 130.365021 3.158041
347 108.802284 2.697498
348 137.190109 4.335061
349 109.608368 2.668405
350 68.600761 1.758283
351 136.714828 4.093773
352 114.403038 2.932237
353 103.642586 2.520187
354 126.022812 3.416502
355 138.178711 4.336862
356 66.129280 1.651828
357 58.665398 1.475471
358 56.593155 1.532249
359 137.190109 4.335061
360 267.783264 12.334786
361 269.646393 12.458008
362 269.148285 12.212195
363 269.353607 12.341176
364 192.965775 7.517961
365 98.828896 4.303726
366 269.437256 12.316596
367 269.091248 12.218513
368 187.600754 7.326985
369 182.794678 7.337314
370 269.110260 12.227843
371 139.771866 5.963868
372 271.269958 12.316460
373 271.003815 12.430643
374 267.809875 12.347395
375 88.391632 3.579973
376 271.950562 12.440331
377 190.585556 7.457312
378 270.840302 12.423652
379 272.615967 12.521041
380 271.296570 12.330195
381 129.760452 5.637972
382 271.079834 12.340130
383 271.733826 12.520913
384 118.498100 2.919548
385 136.041824 3.825341
386 122.920151 3.121935
387 86.958176 2.113275
388 136.920151 4.060064
389 48.821293 1.337668
390 50.714828 1.298745
391 81.418251 1.994281
392 60.851711 1.637508
393 78.536125 2.003236
394 137.536118 4.405064
395 137.049423 4.311254
396 50.224335 1.327917
397 136.619766 4.065050
398 137.091248 4.340897
399 135.939163 3.766485
400 15.311787 0.566604
401 86.323196 2.076053
402 131.448669 3.050311
403 45.057034 1.251834
404 103.144485 2.460725
405 137.536118 4.358204
406 115.163498 3.115013
407 92.749046 2.248309
408 268.680603 12.453590
409 268.482880 12.302226
410 269.950562 12.402066
411 268.878326 12.347951
412 268.152100 12.247126
413 88.577950 3.490428
414 206.193924 7.937759
415 120.467682 5.111485
416 268.650177 12.433827
417 267.802277 12.353125
418 268.836487 12.359626
419 233.585556 9.121450
420 106.494293 4.340867
421 100.771866 4.133841
422 102.273766 4.293549
423 259.190125 10.117277
424 269.193909 12.224937
425 251.098862 9.737121
426 260.828888 10.200519
427 268.133087 12.142428
428 257.224335 10.332820
429 266.828888 11.936030
430 266.323181 11.573460
431 268.787079 12.369482
432 114.307983 2.865856
433 132.026611 3.120406
434 137.159698 4.339794
435 134.665405 3.382214
436 136.851715 4.368578
437 136.600754 4.419573
438 128.627380 3.321484
439 94.528519 2.406847
440 136.646393 4.392404
441 40.749050 1.301414
442 88.034218 2.154394
443 79.536125 1.984164
444 96.692017 2.370648
445 45.448669 1.280234
446 116.718628 2.885112
447 132.528519 3.313491
448 123.410645 3.148813
449 137.095062 4.349128
450 138.406845 4.433483
451 136.581757 4.425124
452 91.604561 2.278077
453 60.642586 1.675594
454 137.190109 4.335061
455 137.239548 4.383649
456 226.095062 8.866698
457 270.452484 12.408932
458 262.631165 10.760303
459 269.171112 12.212208
460 268.593170 12.405914
461 269.243347 12.242236
462 267.821289 12.332621
463 268.231934 12.233603
464 78.787071 3.134547
465 252.851715 10.788533
466 269.182495 12.222780
467 269.809875 12.368010
468 270.060822 12.364709
469 168.806076 6.708802
470 268.133087 12.142428
471 159.482895 6.209178
472 204.003799 7.790263
473 169.110260 6.788439
474 246.038025 9.605453
475 268.669189 12.454971
476 122.304184 4.882523
477 199.942963 7.852767
478 121.038025 5.054689
479 189.133087 7.559232
480 120.292778 2.884636
481 82.581749 2.028310
482 117.547531 2.986125
483 96.661598 2.396831
484 65.722435 1.627634
485 50.129276 1.272112
486 51.604561 1.363392
487 54.342205 1.366633
488 60.855515 1.538492
489 87.870720 2.167514
490 59.828896 1.590490
491 29.486692 0.934557
492 52.844105 1.436367
493 53.456272 1.418572
494 43.908745 1.201725
495 49.167301 1.354669
496 42.684410 1.228319
497 43.125477 1.193868
498 51.859314 1.307764
499 36.916351 1.009762
500 50.547527 1.324177
501 46.574146 1.328689
502 52.114067 1.444246
503 41.528519 1.263010
504 152.673004 6.050447
505 131.631180 5.460966
506 84.840302 3.306459
507 168.296585 6.587483
508 161.988586 6.473980
509 222.022812 8.890945
510 143.832703 5.677197
511 108.448669 4.346694
512 91.106461 3.856267
513 225.011414 9.024042
514 269.167297 12.210859
515 161.365021 6.411420
516 122.482887 5.043414
517 153.045624 6.029538
518 135.098862 5.618218
519 15.140684 0.930666
520 38.577946 1.810565
521 194.882126 7.986525
522 117.072243 4.743467
523 123.296577 5.065678
524 268.193909 12.220271
525 162.285172 6.540198
526 267.346008 12.200716
527 190.965775 7.435577
528 132.692017 3.188652
529 81.342209 2.128211
530 98.467682 2.384579
531 49.707226 1.326043
532 60.357414 1.545757
533 56.269962 1.466784
534 31.467680 0.958205
535 55.376427 1.497442
536 107.638786 2.632557
537 35.958176 1.025418
538 46.558937 1.315073
539 63.627377 1.670002
540 52.870724 1.458689
541 15.479088 0.609291
542 46.931561 1.291634
543 33.201519 0.959878
544 53.847908 1.430143
545 53.882130 1.445257
546 54.418251 1.387056
547 53.102661 1.368061
548 56.558937 1.357750
549 58.494297 1.645066
550 49.828896 1.455683
551 60.577946 1.659346
552 121.288971 4.984401
553 49.726234 2.026712
554 132.285172 5.132322
555 38.486691 1.774024
556 172.699615 6.930747
557 143.114075 5.762267
558 199.315582 8.042379
559 104.235741 4.354703
560 157.041824 6.046254
561 156.817490 6.075958
562 168.996201 6.686629
563 153.942963 6.350996
564 138.699615 5.565125
565 176.585556 7.050018
566 163.346008 6.513371
567 153.627380 6.060369
568 126.836502 5.165684
569 196.927750 7.790417
570 147.904938 5.972250
571 154.965775 6.238203
572 190.326996 7.493947
573 269.988586 12.419622
574 131.372620 5.310683
575 269.178711 12.214901
576 137.539917 4.407620
577 135.133087 3.410085
578 49.422054 1.342706
579 137.277573 4.306127
580 62.684410 1.666952
581 56.912548 1.418225
582 60.269962 1.502637
583 29.714828 0.830988
584 64.650192 1.679464
585 31.045628 0.946180
586 62.269962 1.547515
587 54.711025 1.492743
588 48.452473 1.295144
589 37.517109 1.071002
590 56.752853 1.393815
591 68.980988 1.819732
592 38.619770 1.031771
593 51.391636 1.288530
594 55.619770 1.477303
595 31.011406 0.941170
596 48.205322 1.282987
597 48.277565 1.417889
598 58.243347 1.610831
599 62.311787 1.748909
600 122.030418 4.845035
601 142.399246 5.523913
602 128.307983 5.320901
603 134.996201 5.180027
604 163.927750 7.060743
605 176.532318 6.924766
606 153.574142 6.163891
607 123.969582 5.038919
608 99.030418 4.115147
609 80.775665 3.445261
610 181.486694 7.216295
611 128.695816 5.049438
612 40.596958 1.840893
613 108.250954 4.426603
614 140.676804 5.736127
615 135.627380 5.347784
616 174.384033 6.984015
617 138.543732 5.618833
618 138.889740 5.683611
619 105.958176 4.393454
620 269.167297 12.210859
621 251.653992 10.426187
622 202.642578 8.278976
623 253.722427 9.951353
624 137.190109 4.335061
625 137.410645 4.101215
626 121.117874 3.097494
627 136.095062 4.349128
628 52.653992 1.347457
629 14.961977 0.590224
630 67.821289 1.709513
631 60.939163 1.592552
632 27.406843 0.866503
633 56.057034 1.448934
634 27.376427 0.901486
635 20.969582 0.718460
636 45.551331 1.178155
637 43.026615 1.206468
638 65.114067 1.636766
639 45.365021 1.231646
640 41.961979 1.139708
641 55.969582 1.424603
642 47.509506 1.232831
643 42.262356 1.174665
644 38.809887 1.086548
645 53.049431 1.425404
646 55.581749 1.559946
647 46.650188 1.373040
648 257.277557 10.488222
649 151.482895 5.992287
650 186.939163 7.510456
651 153.977188 6.219637
652 106.851707 4.299269
653 142.368820 5.851530
654 83.057037 3.632419
655 136.307983 5.548971
656 101.110268 4.304831
657 114.863121 4.698140
658 141.874527 5.701330
659 134.897339 5.314528
660 55.357414 2.310830
661 143.779465 5.824822
662 159.581757 6.377239
663 184.764252 7.528749
664 104.307983 4.549706
665 193.334595 7.643322
666 145.307983 5.742925
667 133.437256 5.302526
668 266.072235 11.259407
669 136.596954 5.577412
670 268.653992 12.441118
671 268.133087 12.142428
672 137.038025 4.062075
673 137.095062 4.349128
674 108.171104 2.792780
675 62.806084 1.637384
676 49.482891 1.322046
677 49.441063 1.371681
678 50.775665 1.336479
679 44.863117 1.247160
680 81.539925 2.023936
681 18.155893 0.665866
682 47.787071 1.328363
683 41.441063 1.073066
684 35.965778 0.964566
685 55.011406 1.431538
686 71.638786 1.813222
687 76.444870 1.958651
688 109.920151 2.803666
689 38.509506 1.109459
690 43.539925 1.244502
691 38.501900 1.123122
692 21.817490 0.722373
693 80.703423 2.014082
694 46.593155 1.455901
695 34.057034 1.214839
696 269.817505 12.360128
697 161.931564 6.573587
698 269.992401 12.396182
699 126.368820 5.169825
700 127.673004 5.489665
701 160.749054 6.567415
702 73.152092 3.202848
703 157.520920 6.336458
704 247.193924 10.086905
705 151.083649 6.182325
706 111.425858 4.643285
707 115.011406 4.621394
708 147.155899 5.907593
709 158.741440 6.175635
710 112.897339 4.632596
711 268.486694 12.289552
712 176.699615 7.048790
713 104.501900 4.263092
714 73.809883 3.077265
715 149.893539 5.914157
716 269.167297 12.210859
717 266.140686 12.100308
718 150.087448 6.057076
719 151.505707 6.250093
720 137.254745 4.398380
721 24.072243 0.793575
722 137.072250 4.340816
723 137.110260 4.347021
724 54.923954 1.516047
725 63.825096 1.588881
726 50.916351 1.411737
727 52.292774 1.433516
728 35.174904 1.031729
729 54.053230 1.458233
730 40.577946 1.186348
731 92.418251 2.272327
732 46.000000 1.239404
733 50.977188 1.451187
734 66.847908 1.767811
735 61.627377 1.504724
736 32.760456 0.982564
737 93.973381 2.299623
738 13.330798 0.572569
739 30.353613 0.867920
740 9.144486 0.402036
741 31.980989 0.988344
742 46.870724 1.383780
743 42.950569 1.270247
744 117.904945 4.926310
745 78.581749 3.310309
746 145.646393 5.892611
747 270.688202 12.463549
748 269.372620 11.934466
749 108.334602 4.528975
750 41.399239 1.929440
751 101.996201 4.253827
752 84.828896 3.527890
753 124.908745 5.163417
754 119.068443 4.954073
755 218.684418 8.555079
756 58.110268 2.487843
757 85.467682 3.549474
758 226.741440 8.693868
759 175.433456 7.065308
760 173.060837 7.276982
761 123.494293 4.897326
762 137.520920 5.858157
763 106.387833 4.533962
764 65.536125 2.811848
765 78.870720 3.252144
766 269.760468 12.323570
767 90.965782 3.869886
768 46.593155 1.223141
769 91.444870 2.187895
770 137.095062 4.349128
771 136.634979 4.393634
772 34.060837 0.973072
773 44.543728 1.188102
774 67.577950 1.697854
775 71.110268 1.886315
776 93.536125 2.306716
777 85.893539 2.144069
778 14.665400 0.553438
779 109.155891 2.756678
780 90.212929 2.322052
781 70.832703 1.846422
782 103.125473 2.511464
783 108.543724 2.685864
784 38.977188 1.085443
785 30.406843 0.966094
786 136.361221 4.383119
787 102.068443 2.628281
788 70.387833 1.746742
789 75.463875 2.046426
790 78.596962 2.057424
791 52.133080 1.545682
792 125.946770 5.462368
793 95.406845 3.999747
794 100.292778 4.203229
795 53.653992 2.459955
796 71.631180 3.124309
797 134.003799 5.471320
798 194.490494 7.865245
799 138.049423 5.540846
800 159.733841 6.340578
801 67.760460 2.835079
802 214.596954 8.744640
803 110.517113 4.684605
804 70.422050 3.273440
805 168.634979 6.726871
806 93.806084 4.096326
807 269.688202 12.463549
808 164.684418 6.474520
809 125.741447 5.176144
810 128.714828 5.377609
811 129.163498 5.173775
812 194.228134 7.647737
813 269.794678 12.379443
814 59.536121 3.152286
815 202.593155 8.033548
816 135.596954 3.338494
817 137.095062 4.349128
818 96.087456 2.332600
819 128.098862 3.006602
820 20.140684 0.680513
821 45.665398 1.317555
822 39.243347 1.167406
823 61.125477 1.506462
824 17.532320 0.656860
825 50.083649 1.353997
826 61.794678 1.623160
827 65.038025 1.665599
828 110.095055 2.740087
829 112.946770 3.090064
830 18.775665 0.674817
831 136.551331 3.936307
832 114.878326 2.885724
833 105.102661 2.595864
834 85.980988 2.064460
835 44.870724 1.298734
836 29.722433 0.972507
837 56.703423 1.538933
838 62.794678 1.893467
839 34.349812 1.109615
840 145.821289 5.892768
841 207.874527 8.550200
842 43.136883 2.120937
843 168.182510 6.700899
844 159.209122 6.407427
845 114.433456 4.862593
846 170.885925 7.065306
847 96.315590 4.218737
848 115.539925 4.812583
849 140.152084 5.860844
850 120.661598 5.038589
851 268.673004 12.459192
852 104.346008 3.980711
853 120.296577 4.806075
854 202.532318 8.321824
855 269.060822 12.244193
856 34.547527 1.655910
857 151.878326 6.058682
858 176.357422 7.062029
859 61.646389 2.797415
860 208.330795 8.219476
861 64.920151 2.837368
862 67.745247 2.967461
863 269.041840 12.218004
864 103.463875 2.456780
865 81.155891 2.017611
866 47.239544 1.296249
867 60.072243 1.607524
868 19.041824 0.605865
869 44.167301 1.261659
870 64.787071 1.695528
871 48.901142 1.286711
872 133.547531 3.387045
873 31.342205 1.034025
874 58.494297 1.515122
875 44.456272 1.158941
876 46.155895 1.273611
877 44.460075 1.241443
878 27.935362 0.914399
879 34.148289 1.066633
880 44.414448 1.251349
881 28.414448 0.794049
882 41.007603 1.123521
883 56.068439 1.478320
884 49.125477 1.326620
885 13.307984 0.669979
886 31.787073 1.140469
887 41.163498 1.150251
888 24.577948 1.269939
889 54.482891 2.496898
890 120.631180 5.152881
891 145.079849 5.925816
892 70.642586 3.118937
893 193.604568 7.872770
894 49.562737 2.203277
895 111.813690 4.829359
896 98.718628 4.210786
897 170.752853 6.829520
898 73.003799 3.205862
899 102.638786 4.117423
900 172.437256 6.796531
901 9.361217 0.677404
902 56.714828 2.649063
903 169.064636 6.951188
904 35.292774 1.584689
905 151.657791 6.202907
906 63.836502 2.896156
907 80.821289 3.826365
908 76.897339 3.318475
909 238.927750 9.780019
910 68.555130 2.884962
911 216.608368 8.700042
912 112.326996 2.810814
913 108.958176 2.763518
914 38.376427 1.102596
915 136.878326 4.323473
916 62.870724 1.647217
917 61.114067 1.657542
918 49.220531 1.327121
919 68.965782 1.817419
920 103.452469 2.581858
921 61.494297 1.571782
922 52.030418 1.405796
923 103.513306 2.527193
924 43.338402 1.215993
925 66.163498 1.880427
926 53.988594 1.491377
927 42.741444 1.160861
928 31.612167 0.975832
929 40.760456 1.143520
930 46.775665 1.307719
931 53.231937 1.483562
932 33.015209 1.116654
933 38.239544 1.328123
934 47.794678 1.274065
935 41.517109 1.492278
936 138.631180 5.673373
937 86.129280 3.653013
938 74.878326 3.162342
939 113.163498 4.711433
940 99.958176 4.015436
941 71.931557 3.022582
942 126.174904 5.153151
943 79.030418 3.312470
944 144.326996 6.056727
945 99.711029 4.175812
946 181.901138 7.141010
947 139.456268 5.583533
948 269.098846 12.218143
949 43.304184 2.110687
950 269.661591 12.476423
951 256.315582 10.140985
952 187.532318 7.511582
953 107.726234 4.555650
954 105.003799 4.567615
955 84.159698 3.638249
956 268.460083 12.288257
957 121.623573 4.865387
958 166.532318 6.495238
959 11.403042 0.576068
960 52.927757 1.437715
961 138.079849 4.383396
962 136.851715 4.368578
963 102.193916 2.422259
964 13.307984 0.530633
965 31.330799 0.943701
966 44.399239 1.168470
967 55.631180 1.465995
968 91.817490 2.291694
969 46.342205 1.312707
970 53.482891 1.547318
971 55.977188 1.487416
972 35.977188 1.060639
973 41.942966 1.089432
974 29.684410 0.895290
975 52.893536 1.402088
976 78.433456 2.011928
977 61.346008 1.576338
978 35.908745 1.123225
979 7.178707 0.402467
980 51.273766 2.159328
981 80.452469 3.256556
982 109.387833 4.706779
983 85.802284 3.737447
984 98.939163 4.199867
985 69.064636 3.042101
986 40.095058 1.966085
987 131.353607 5.233743
988 97.752853 4.051445
989 78.444870 3.295896
990 39.475285 1.878019
991 219.368820 8.601712
992 70.532318 3.196645
993 115.319389 4.899434
994 68.064636 2.818935
995 94.038025 3.855577
996 104.486694 4.161065
997 130.901138 5.307799
998 77.338402 3.276186
999 232.558929 9.327753
1000 45.281368 1.222692
1001 138.813690 4.423353
1002 137.000000 4.253382
1003 136.581757 4.412216
1004 41.471481 1.095334
1005 64.456276 1.561474
1006 38.798481 1.157418
1007 46.197720 1.248145
1008 39.425854 1.113867
1009 84.920151 2.018285
1010 99.783272 2.454643
1011 128.642578 3.149267
1012 59.547527 1.604599
1013 70.117874 1.799182
1014 54.961979 1.542330
1015 62.273766 1.610669
1016 43.916351 1.275925
1017 85.231941 2.104541
1018 35.562737 1.086934
1019 78.117874 1.901916
1020 125.441063 4.931021
1021 41.730038 2.007432
1022 123.505707 4.847383
1023 79.718628 3.378065
1024 156.288971 6.145275
1025 184.326996 7.252606
1026 160.494293 6.259211
1027 150.288971 6.262945
1028 118.574142 5.068468
1029 108.136879 4.584265
1030 160.673004 6.262290
1031 97.657791 4.107492
1032 143.821289 5.751046
1033 62.144485 2.792242
1034 39.950569 1.960016
1035 22.315590 1.087093
1036 258.254761 10.551329
1037 133.288971 5.464033
1038 269.680603 12.469151
1039 192.783264 7.638865
1040 54.604561 1.418073
1041 97.425858 2.374055
1042 135.847916 4.356681
1043 128.003799 3.081279
1044 16.015209 0.558172
1045 51.551331 1.501656
1046 52.699619 1.358357
1047 48.699619 1.301169
1048 59.665398 1.575182
1049 60.828896 1.611862
1050 11.129277 0.476060
1051 73.239540 1.904476
1052 33.365021 0.949201
1053 34.973385 1.029625
1054 27.346008 0.954304
1055 52.296577 1.409995
1056 49.946770 1.309885
1057 34.821293 0.983902
1058 24.159697 0.816402
1059 51.144485 1.398682
1060 61.068439 2.551945
1061 136.338409 5.630202
1062 150.589355 6.111029
1063 137.935364 5.645383
1064 96.806084 4.171746
1065 114.182510 4.664093
1066 186.258560 7.334075
1067 108.513306 4.466054
1068 82.463875 3.613140
1069 153.631180 6.487550
1070 199.273758 7.964820
1071 164.954376 6.591691
1072 151.494293 6.102963
1073 177.159698 7.216714
1074 172.228134 7.185831
1075 39.015209 1.661392
1076 30.505703 1.569361
1077 268.946777 11.930925
1078 235.030411 9.545121
1079 81.570343 3.416827
1080 97.703423 2.387282
1081 51.741444 1.331711
1082 26.543726 0.787853
1083 89.555130 2.205205
1084 136.939163 4.277017
1085 122.288971 3.081922
1086 37.714828 1.070894
1087 50.418251 1.278652
1088 53.406845 1.418868
1089 39.452473 1.125501
1090 104.000000 2.560299
1091 100.482887 2.303637
1092 30.053232 0.917209
1093 86.942963 2.155676
1094 46.471481 1.292764
1095 66.566544 1.742540
1096 41.992397 1.217716
1097 27.726236 0.906858
1098 48.353611 1.269882
1099 34.996197 1.066240
1100 95.247147 4.000444
1101 60.893536 2.814289
1102 74.011406 3.474495
1103 116.574142 4.738125
1104 216.787079 8.818852
1105 130.589355 5.488200
1106 191.790878 7.623133
1107 261.346008 10.798098
1108 153.387833 6.357069
1109 202.376419 7.940303
1110 98.520912 4.211895
1111 84.030418 3.860572
1112 136.882126 5.440779
1113 170.699615 6.639915
1114 221.718628 8.673454
1115 178.091248 7.119248
1116 256.456268 10.412636
1117 34.349812 1.576705
1118 195.091248 7.809473
1119 236.346008 9.548657
1120 25.745247 0.734618
1121 102.269958 2.112639
1122 43.642586 1.100299
1123 102.889732 2.212823
1124 89.596962 2.295041
1125 101.920151 2.165512
1126 27.920153 0.797628
1127 48.326996 1.239217
1128 32.433460 0.919964
1129 44.376427 1.153164
1130 29.163498 0.906188
1131 47.714828 1.251026
1132 71.577950 1.659346
1133 30.163498 0.813315
1134 41.342205 1.216492
1135 47.349812 1.242188
1136 28.505703 0.840382
1137 55.000000 1.356578
1138 49.593155 1.235513
1139 51.912548 1.335375
1140 89.349808 3.240557
1141 159.596954 6.044599
1142 123.178711 4.466436
1143 90.406845 3.530135
1144 70.505707 2.653459
1145 90.258553 3.667978
1146 85.752853 3.208197
1147 216.574142 8.401137
1148 94.726234 3.489413
1149 113.205322 4.176210
1150 95.456276 3.530016
1151 76.977188 2.936504
1152 99.730042 3.569960
1153 110.121674 4.144769
1154 216.384033 8.358919
1155 186.247147 6.573057
1156 150.471481 5.428952
1157 133.828903 4.962713
1158 179.768066 6.242517
1159 5.878327 0.470039
1160 28.258554 0.814363
1161 102.338402 2.108179
1162 45.866920 1.242991
1163 77.475288 1.857663
1164 29.608364 0.869119
1165 48.509506 1.272294
1166 34.730038 0.946944
1167 36.961979 1.038461
1168 28.125475 0.820042
1169 54.102661 1.331439
1170 25.250950 0.788311
1171 82.908745 1.971093
1172 28.349810 0.803551
1173 51.026615 1.346469
1174 45.657795 1.181611
1175 53.790874 1.375365
1176 26.920153 0.839435
1177 36.973385 0.984314
1178 31.057034 0.902351
1179 43.950569 1.150892
1180 83.566544 3.097028
1181 107.193916 3.950795
1182 178.205322 6.594419
1183 86.604561 3.331424
1184 115.714828 4.166502
1185 92.437263 3.501610
1186 125.323196 4.607618
1187 84.136879 3.170127
1188 137.231934 4.923310
1189 79.756653 3.072276
1190 137.133087 4.901440
1191 203.627380 7.019116
1192 84.859314 3.055752
1193 90.258553 3.464331
1194 75.357414 2.885919
1195 57.136883 2.158256
1196 127.760460 4.567162
1197 194.859314 6.910012
1198 216.992401 8.417342
1199 85.528519 3.312344
1200 39.688213 1.065236
1201 74.794678 1.709860
1202 37.414448 1.064150
1203 101.863121 2.156494
1204 33.114067 0.903264
1205 40.425854 1.096667
1206 31.775665 0.884519
1207 58.406845 1.468902
1208 73.973381 1.657812
1209 90.323196 2.139195
1210 25.231939 0.767326
1211 40.532318 1.091751
1212 26.813688 0.840674
1213 51.574146 1.381992
1214 25.577948 0.863612
1215 56.783272 1.379710
1216 19.752851 0.694726
1217 44.452473 1.250332
1218 24.372623 0.738622
1219 46.220531 1.241257
1220 125.186310 4.538752
1221 97.448669 3.680726
1222 160.707230 5.729802
1223 133.266159 4.964271
1224 143.581757 5.127275
1225 60.456272 2.417653
1226 111.463875 4.214499
1227 112.110268 3.935701
1228 212.342209 7.214055
1229 118.577950 4.382020
1230 172.307983 6.217861
1231 175.159698 6.015598
1232 108.836502 4.065046
1233 16.368822 0.848224
1234 192.604568 6.628339
1235 199.376419 6.893468
1236 126.193916 4.580132
1237 113.121674 4.120849
1238 33.973385 1.420670
1239 182.965775 6.538186
1240 15.486692 0.564149
1241 102.212929 2.121836
1242 41.832699 1.104155
1243 102.220535 2.122852
1244 16.167301 0.599869
1245 77.992393 1.776467
1246 33.000000 0.959246
1247 68.555130 1.671672
1248 76.916351 1.900730
1249 102.863121 2.156494
1250 37.570343 1.028951
1251 51.022812 1.392352
1252 21.323195 0.645336
1253 57.574146 1.411932
1254 22.330799 0.730177
1255 61.574146 1.533286
1256 49.806084 1.203781
1257 55.524715 1.386504
1258 28.969582 0.858322
1259 47.517109 1.217229
1260 95.399239 3.402683
1261 89.958176 3.154175
1262 35.551331 1.553919
1263 44.680607 1.958865
1264 140.950577 4.947772
1265 88.277565 3.359758
1266 120.570343 4.380413
1267 88.178711 3.445723
1268 218.011414 8.454073
1269 119.806084 4.289482
1270 104.076042 3.888405
1271 114.258553 4.282078
1272 105.479088 3.856571
1273 63.452473 2.436381
1274 216.859314 8.172521
1275 53.258556 2.164717
1276 73.596962 2.635872
1277 42.836502 1.791371
1278 81.901138 2.934928
1279 125.809883 4.490164
1280 41.984791 1.109823
1281 102.220535 2.122852
1282 61.159695 1.514559
1283 102.577950 2.134411
1284 45.980988 1.158380
1285 32.072243 0.892783
1286 55.585552 1.432678
1287 48.250950 1.142736
1288 71.961975 1.595645
1289 42.399239 1.210034
1290 21.703423 0.672284
1291 40.418251 1.078642
1292 47.577946 1.205425
1293 40.049431 1.075757
1294 45.726234 1.239847
1295 23.634981 0.762621
1296 52.159695 1.330103
1297 65.380226 1.510391
1298 75.494293 1.726269
1299 47.847908 1.214482
1300 28.125475 0.806012
1301 34.612167 0.998937
1302 36.205322 1.033493
1303 23.319391 0.711586
1304 115.958176 4.121971
1305 93.920151 3.368001
1306 61.456272 2.547829
1307 20.954372 0.966064
1308 53.190113 2.145376
1309 91.433456 3.599000
1310 127.893539 4.723141
1311 85.726234 3.232610
1312 124.908745 4.549604
1313 80.600761 3.042837
1314 102.513306 3.699606
1315 81.254753 3.014497
1316 21.855513 1.036427
1317 106.216728 3.699063
1318 126.076042 4.590650
1319 89.239540 3.564671
1320 29.870722 1.213994
1321 30.623573 1.394904
1322 98.395439 3.721725
1323 47.015209 1.914463
1324 182.634979 6.366189
1325 186.068436 6.392952
1326 204.923950 7.161494
1327 140.779465 4.882346
1328 102.019012 2.073649
1329 101.733841 2.139053
1330 102.509506 2.125105
1331 101.920151 2.165512
1332 38.490494 1.053198
1333 41.098858 1.049044
1334 33.619770 0.889262
1335 46.802280 1.272282
1336 35.353611 1.035701
1337 34.212929 1.013363
1338 39.627377 1.088276
1339 59.129276 1.375512
1340 43.452473 1.184751
1341 50.410645 1.201473
1342 32.946770 0.891990
1343 43.730038 1.189039
1344 51.087452 1.262186
1345 44.768063 1.219069
1346 36.517109 1.016355
1347 17.988594 0.625704
1348 22.775665 0.718480
1349 50.532318 1.338911
1350 8.570342 0.510158
1351 37.095058 1.051205
1352 67.832703 2.515835
1353 161.114075 5.635499
1354 121.638786 4.383986
1355 71.612167 2.702232
1356 101.984795 3.684279
1357 98.110268 3.704792
1358 90.863121 3.332677
1359 45.231937 1.796545
1360 107.140686 4.059348
1361 79.136879 2.993702
1362 118.726234 4.219405
1363 89.570343 3.372021
1364 70.950569 2.823285
1365 113.593155 4.445474
1366 91.361214 3.321027
1367 146.269958 5.209611
1368 76.114067 2.875475
1369 19.673004 0.897564
1370 20.593157 0.942184
1371 10.190114 0.746333
1372 36.798481 1.495646
1373 148.661591 5.177783
1374 216.452469 8.398161
1375 4.783270 0.472218
1376 39.148289 1.030369
1377 102.604561 2.143940
1378 77.346008 1.855537
1379 101.365021 2.110050
1380 9.399240 0.489742
1381 39.885933 1.114334
1382 9.444867 0.496951
1383 43.307983 1.195768
1384 66.844109 1.485812
1385 36.201519 1.057868
1386 72.114067 1.550883
1387 49.749050 1.235466
1388 23.882130 0.763587
1389 67.646385 1.586677
1390 46.935360 1.192341
1391 28.460075 0.830344
1392 35.174904 0.963111
1393 30.045628 0.866470
1394 37.292774 1.025263
1395 63.574146 1.530804
1396 21.977186 0.640411
1397 21.399240 0.667211
1398 9.372623 0.483503
1399 71.106461 1.644231
1400 42.045628 1.665408
1401 175.368820 6.089705
1402 180.558929 6.469830
1403 218.577942 8.451191
1404 112.817490 4.250359
1405 67.779465 2.508699
1406 103.745247 3.866563
1407 209.087448 7.510952
1408 217.212921 8.416008
1409 58.543728 2.266676
1410 133.916351 4.694532
1411 156.760452 5.822439
1412 182.338409 6.461610
1413 194.133087 6.651665
1414 194.885925 6.825522
1415 163.467682 5.608072
1416 69.566544 2.629596
1417 100.076042 3.595772
1418 94.908745 3.418697
1419 86.482887 3.130661
1420 85.528519 3.170405
1421 216.730042 8.282060
1422 32.931561 1.575439
1423 216.730042 8.332408
1424 96.171104 2.472126
1425 77.954376 1.993766
1426 101.863121 2.156494
1427 43.650188 1.088861
1428 67.574142 1.498166
1429 49.296577 1.225314
1430 28.577948 0.832222
1431 39.574146 1.096667
1432 70.870720 1.626310
1433 33.532318 0.966109
1434 75.692017 1.767959
1435 36.711025 1.068096
1436 44.836502 1.169917
1437 19.482889 0.651623
1438 65.547531 1.529378
1439 50.353611 1.305318
1440 42.768063 1.155005
1441 81.692017 2.315474
1442 57.342205 1.418511
1443 44.167301 1.203036
1444 69.307983 1.652344
1445 75.015205 1.890480
1446 56.269962 1.313621
1447 95.057037 2.405748
1448 168.182510 5.948844
1449 97.562737 3.524339
1450 149.106461 5.479661
1451 155.452469 5.562352
1452 84.307983 3.009524
1453 140.114075 5.120071
1454 90.558937 3.263368
1455 141.760452 5.304389
1456 102.634979 3.724831
1457 151.752853 5.414716
1458 175.984787 6.295010
1459 99.889732 3.683176
1460 102.977188 4.015116
1461 213.072250 7.455732
1462 156.494293 5.566652
1463 53.266159 2.044532
1464 88.520912 3.253331
1465 175.387833 6.230808
1466 109.615967 4.058607
1467 105.102661 3.740757
1468 142.133087 5.017969
1469 140.760452 5.063066
1470 169.825089 5.925377
1471 170.395432 5.962772
1472 56.425854 1.296829
1473 91.543724 2.215781
1474 85.790878 2.059475
1475 103.269958 2.197330
1476 55.159695 1.380600
1477 33.467682 0.909342
1478 44.520912 1.153001
1479 57.730038 1.316512
1480 6.969582 0.300549
1481 73.307983 1.767959
1482 56.334602 1.385085
1483 26.692015 0.872157
1484 84.231941 1.995100
1485 40.288975 1.060952
1486 37.623573 0.958718
1487 103.577950 2.134411
1488 25.026615 0.762260
1489 55.262356 1.393763
1490 44.760456 1.160026
1491 71.870720 1.626310
1492 50.307983 1.239485
1493 56.642586 1.365522
1494 13.859316 0.557679
1495 46.931561 1.177689
1496 65.737640 2.445526
1497 155.152084 5.364266
1498 107.060837 3.743195
1499 182.566544 6.382184
1500 62.448669 2.528211
1501 205.942963 7.418030
1502 166.566544 5.938399
1503 218.338409 8.196930
1504 52.657795 2.331143
1505 217.448669 8.406736
1506 55.296577 2.154549
1507 91.266159 3.501965
1508 187.330795 6.874824
1509 177.357422 6.345683
1510 217.000000 8.423216
1511 212.988586 7.729989
1512 85.456276 3.091290
1513 105.235741 3.682961
1514 122.117874 4.378198
1515 137.882126 5.021379
1516 218.505707 8.492838
1517 219.456268 8.445587
1518 219.642578 8.517127
1519 209.532318 7.597647
1520 103.220535 2.122852
1521 103.220535 2.122852
1522 31.513308 0.905630
1523 29.182510 0.874740
1524 23.456274 0.673358
1525 44.794678 1.104627
1526 53.942966 1.316962
1527 38.193916 1.033857
1528 74.882126 1.847150
1529 51.566540 1.243363
1530 11.615970 0.501757
1531 26.539925 0.807123
1532 33.072243 0.905470
1533 32.768063 0.891130
1534 42.939163 1.090970
1535 48.665398 1.243317
1536 28.996199 0.824981
1537 61.638783 1.475638
1538 49.019012 1.168186
1539 62.566540 1.472931
1540 54.562737 1.407091
1541 52.703423 1.291780
1542 51.741444 1.323117
1543 40.288975 1.039227
1544 195.939163 6.814497
1545 218.384033 8.477708
1546 107.764259 3.795827
1547 111.205322 3.962233
1548 140.231934 5.114972
1549 105.798477 3.794292
1550 130.144485 4.765413
1551 63.923954 2.423333
1552 90.676804 3.545215
1553 114.596962 4.071265
1554 215.380234 7.787085
1555 218.486694 8.432173
1556 98.863121 3.618222
1557 114.117874 4.003490
1558 141.885925 5.033945
1559 26.939163 1.231751
1560 105.965782 3.866937
1561 122.140686 4.325974
1562 87.243347 3.288663
1563 19.456274 1.019295
1564 199.619766 7.540001
1565 202.201523 7.535043
1566 85.509506 3.081730
1567 218.756653 8.386216
1568 71.243347 1.550697
1569 103.000000 2.078315
1570 48.923954 1.255375
1571 56.406845 1.380841
1572 95.193916 2.229350
1573 38.505703 1.099155
1574 60.809887 1.475393
1575 40.311787 1.047237
1576 82.783272 1.983436
1577 9.825095 0.418009
1578 37.201519 0.955909
1579 43.752853 1.083817
1580 50.091255 1.251326
1581 46.019012 1.161658
1582 42.433460 1.137982
1583 31.798479 0.846193
1584 56.098858 1.304321
1585 44.650188 1.179382
1586 13.950570 0.524522
1587 14.574144 0.538637
1588 43.977188 1.123315
1589 44.243347 1.160873
1590 26.958176 0.781292
1591 44.266159 1.132595
1592 31.114069 1.314699
1593 145.087448 5.180025
1594 159.657791 5.726730
1595 131.467682 4.505795
1596 135.665405 4.707633
1597 75.897339 2.943207
1598 130.779465 4.586809
1599 128.878326 4.779593
1600 66.790878 2.586524
1601 106.410645 3.784926
1602 140.566544 5.131942
1603 30.501902 1.370173
1604 33.494297 1.367384
1605 112.543724 4.105661
1606 43.699619 1.836750
1607 74.642586 2.803042
1608 76.977188 2.885563
1609 86.558937 3.196265
1610 129.745255 4.854511
1611 70.376427 2.743630
1612 99.543724 3.583468
1613 168.882126 6.279711
1614 200.787079 7.182593
1615 98.802284 3.585840
1616 59.277565 1.377077
1617 98.996201 2.356930
1618 33.650188 0.918375
1619 32.574146 0.911073
1620 70.692017 1.605662
1621 52.935360 1.411389
1622 30.992395 0.884993
1623 25.942966 0.823016
1624 40.730038 1.085390
1625 14.901140 0.506346
1626 28.326996 0.867404
1627 17.604563 0.649289
1628 34.460075 0.900635
1629 9.410646 0.499620
1630 19.878326 0.623087
1631 21.239544 0.680831
1632 71.653992 1.635529
1633 38.866920 0.998749
1634 49.269962 1.278415
1635 6.262357 0.439916
1636 57.551331 1.363647
1637 25.878326 0.765478
1638 45.475285 1.238774
1639 27.878326 0.813635
1640 43.326996 1.748305
1641 104.749046 3.788836
1642 104.007607 3.838956
1643 118.163498 4.123553
1644 106.174904 3.927070
1645 216.653992 8.356030
1646 97.167297 3.497223
1647 55.646389 2.662308
1648 67.231941 2.590456
1649 165.349808 6.156334
1650 118.958176 4.252729
1651 37.882130 1.743370
1652 41.205322 1.745077
1653 97.429657 3.589406
1654 82.163498 3.150213
1655 190.273758 6.756011
1656 76.931557 3.077434
1657 111.243347 4.128371
1658 26.935362 1.287408
1659 95.657791 3.378078
1660 202.068436 7.729940
1661 57.254753 2.101902
1662 207.517105 7.567610
1663 202.338409 7.308748
1664 9.448669 0.497358
1665 40.235741 1.038030
1666 103.859314 2.165926
1667 17.273764 0.605077
1668 54.893536 1.329712
1669 38.513309 1.112841
1670 35.844105 0.980045
1671 23.475285 0.712702
1672 43.019012 1.135170
1673 48.562737 1.273770
1674 42.342205 1.094753
1675 52.520912 1.324865
1676 23.190115 0.682464
1677 47.011406 1.209855
1678 102.646385 2.148582
1679 48.653992 1.256940
1680 37.673004 0.974735
1681 43.775665 1.192123
1682 42.342205 1.132314
1683 37.490494 1.067541
1684 6.121673 0.326908
1685 39.825096 1.039074
1686 5.992395 0.230595
1687 60.874523 1.462925
1688 0.992395 0.086872
1689 107.144485 3.803395
1690 137.110260 4.903557
1691 143.460083 5.013795
1692 113.543724 4.018610
1693 103.258553 3.789328
1694 130.885925 4.671155
1695 120.760460 4.336558
1696 218.444870 8.433806
1697 144.007599 5.161272
1698 136.441071 4.861127
1699 78.346008 2.919394
1700 162.444870 5.808395
1701 192.923950 6.965007
1702 166.885925 5.999549
1703 125.262360 4.498795
1704 79.574142 3.102988
1705 63.878326 2.533507
1706 212.482895 7.975646
1707 103.692017 3.858748
1708 40.657795 1.803252
1709 194.665405 7.463614
1710 182.281372 6.616944
1711 219.410645 8.508472
1712 17.000000 0.551527
1713 16.775665 0.603426
1714 54.923954 1.357249
1715 79.688210 1.884935
1716 8.243346 0.429102
1717 37.558937 1.055200
1718 36.935360 1.046270
1719 7.000000 0.246651
1720 9.950570 0.371808
1721 48.676807 1.259984
1722 41.159695 1.070327
1723 39.695816 1.045842
1724 52.452473 1.268447
1725 43.619770 1.113309
1726 36.653992 0.985664
1727 21.288973 0.652687
1728 50.353611 1.260868
1729 8.125475 0.384388
1730 98.068443 2.491635
1731 33.228138 0.991047
1732 41.707226 1.154354
1733 64.292778 1.579883
1734 41.414448 1.150013
1735 20.783270 0.593521
1736 141.863113 5.008386
1737 69.479088 2.486186
1738 169.935364 6.334738
1739 137.570343 4.743797
1740 218.596954 8.464032
1741 121.140686 4.353136
1742 114.247147 4.301797
1743 211.231934 7.493686
1744 100.779465 3.740239
1745 83.494293 3.128273
1746 75.950569 2.807078
1747 119.072243 4.346944
1748 94.441063 3.443645
1749 17.479088 0.879930
1750 90.718628 3.325886
1751 68.851707 2.564170
1752 87.136879 3.199972
1753 82.292778 2.920008
1754 30.365019 1.306547
1755 116.117874 4.227084
1756 86.334602 3.061198
1757 72.623573 2.742244
1758 30.768061 1.291758
1759 159.296585 5.567036
1760 103.216728 2.131286
1761 76.167297 1.655316
1762 23.878326 0.692454
1763 75.692017 1.704449
1764 10.448669 0.512420
1765 16.551331 0.601193
1766 75.726234 1.768212
1767 15.536121 0.556356
1768 11.296578 0.473105
1769 40.505703 1.049609
1770 48.311787 1.215292
1771 44.384029 1.120519
1772 76.311790 1.724828
1773 80.509506 2.005436
1774 59.722435 1.379835
1775 34.125477 0.984402
1776 89.783272 2.240864
1777 26.954372 0.853203
1778 86.448669 2.131653
1779 37.060837 1.015145
1780 65.292778 1.530993
1781 65.384033 1.569932
1782 21.266159 0.695911
1783 96.159698 2.423971
1784 22.015209 1.082068
1785 139.269958 4.825405
1786 62.174904 2.313750
1787 33.855515 1.425607
1788 83.863121 3.075150
1789 156.855515 5.885637
1790 72.171104 2.577543
1791 157.802277 5.541314
1792 201.121674 7.422632
1793 218.460083 8.422614
1794 151.498093 5.407975
1795 205.623581 7.562096
1796 129.201523 4.640014
1797 93.779465 3.423920
1798 114.908745 4.154712
1799 118.931557 4.175234
1800 99.961975 3.582605
1801 144.669205 5.166512
1802 208.201523 8.046046
1803 114.996201 4.147011
1804 110.186310 3.989468
1805 85.209122 3.061783
1806 164.155899 5.940967
1807 41.205322 1.620816
1808 88.695816 2.219568
1809 30.391636 0.833385
1810 15.262358 0.581389
1811 22.581749 0.640794
1812 12.049430 0.446181
1813 19.977186 0.571381
1814 39.224335 1.056870
1815 19.494297 0.640049
1816 4.079848 0.271058
1817 15.809886 0.605721
1818 81.030418 2.016808
1819 92.855515 2.307625
1820 54.000000 1.348143
1821 78.988594 1.760321
1822 21.129278 0.615406
1823 103.368820 2.133585
1824 72.482887 1.638038
1825 102.863121 2.156494
1826 38.106464 1.097905
1827 103.216728 2.131286
1828 103.425858 2.116659
1829 47.152092 1.140203
1830 57.330799 1.373598
1831 55.954372 1.262884
1832 213.026611 7.819935
1833 218.460083 8.422614
1834 219.376419 8.509385
1835 134.437256 4.695567
1836 170.878326 6.444294
1837 146.509506 5.294996
1838 52.771862 2.043549
1839 219.513306 8.515185
1840 220.410645 8.508472
1841 218.319397 8.475231
1842 218.460083 8.422614
1843 218.501907 8.487018
1844 218.596954 8.464032
1845 214.950577 7.597367
1846 217.581757 8.446205
1847 218.760452 8.389272
1848 219.646393 8.513491
1849 60.049431 2.285978
1850 218.756653 8.386216
1851 165.741440 5.956885
1852 87.425858 3.319664
1853 38.885933 1.608648
1854 33.019012 1.423466
1855 27.642586 1.270315
1856 95.756653 2.065860
1857 87.977188 2.009354
1858 62.152092 1.336695
1859 35.771862 0.971675
1860 101.863121 2.156494
1861 47.486691 1.272259
1862 81.836502 1.748405
1863 39.212929 1.053829
1864 61.281368 1.423831
1865 58.885933 1.441611
1866 78.060837 1.632636
1867 72.346008 1.458570
1868 75.197716 1.537514
1869 81.783272 1.811084
1870 15.315589 0.554299
1871 77.661598 1.689694
1872 102.577950 2.134411
1873 77.323196 1.797261
1874 103.216728 2.131286
1875 73.787071 1.605689
1876 103.216728 2.131286
1877 103.163498 2.087414
1878 102.920151 2.165512
1879 103.205322 2.120794
1880 117.106461 4.199864
1881 217.992401 8.439898
1882 128.946762 4.438534
1883 219.688217 8.473271
1884 172.129272 6.574986
1885 218.399246 8.465335
1886 199.961975 7.503515
1887 218.444870 8.452271
1888 218.581757 8.446205
1889 95.688210 3.405673
1890 170.988586 6.060834
1891 163.794678 5.834509
1892 109.771866 3.827215
1893 186.844101 6.725076
1894 217.764252 8.386887
1895 169.505707 6.118519
1896 55.486691 2.107116
1897 173.125473 6.213214
1898 187.076050 6.721646
1899 168.129272 6.208545
1900 133.121674 4.688026
1901 217.460083 8.422614
1902 93.182510 3.451588
1903 219.642578 8.517127
1904 94.163498 2.043230
1905 77.380226 1.636068
1906 89.844109 1.964135
1907 67.832703 1.449582
1908 83.836502 1.898538
1909 70.448669 1.494040
1910 80.809883 1.668877
1911 17.456274 0.632597
1912 41.707226 1.075931
1913 56.604561 1.420751
1914 68.813690 1.392362
1915 49.296577 1.246847
1916 46.064640 1.236180
1917 86.653992 1.904081
1918 69.357414 1.459729
1919 28.885931 0.851253
1920 103.266159 2.191731
1921 99.201523 2.483649
1922 92.760460 2.383330
1923 83.623573 2.050442
1924 102.893539 2.206988
1925 32.498100 0.849399
1926 102.889732 2.212823
1927 16.988594 0.637741
1928 121.076042 4.290089
1929 219.642578 8.517127
1930 131.372620 4.675591
1931 218.581757 8.446205
1932 162.015213 5.773263
1933 184.429657 6.515979
1934 217.460083 8.422614
1935 216.152084 7.833320
1936 128.399246 4.598347
1937 218.756653 8.386216
1938 85.429657 3.361858
1939 183.239548 6.603925
1940 219.456268 8.445587
1941 218.870728 8.475778
1942 217.840302 8.276884
1943 175.893539 6.459885
1944 108.083649 3.992464
1945 217.513306 8.101472
1946 50.357414 1.866661
1947 218.501907 8.487018
1948 218.403046 8.337755
1949 176.806076 6.150554
1950 65.022812 2.467941
1951 215.520920 8.320947
1952 35.391636 1.062069
1953 63.703423 1.368948
1954 70.072243 1.456110
1955 35.015209 0.982623
1956 35.197720 0.897226
1957 27.669201 0.809216
1958 16.509506 0.584093
1959 72.178711 1.518706
1960 35.015209 1.009346
1961 9.266160 0.467046
1962 37.980988 1.018657
1963 61.300381 1.380569
1964 39.813686 1.060652
1965 50.064640 1.263559
1966 22.076046 0.693476
1967 102.619774 2.167841
1968 103.220535 2.122852
1969 24.828897 0.763473
1970 83.558937 2.077250
1971 68.562737 1.526340
1972 39.304184 1.005054
1973 95.539925 2.365251
1974 82.657791 2.083067
1975 44.205322 1.135183
1976 218.901138 8.496797
1977 177.958176 6.466803
1978 108.779465 3.848465
1979 218.555130 8.481012
1980 218.452469 8.439712
1981 123.425858 4.469714
1982 150.977188 5.206702
1983 114.828896 3.950887
1984 207.083649 7.326746
1985 218.756653 8.386216
1986 108.315590 3.801544
1987 101.760460 3.524983
1988 82.072243 3.026893
1989 102.608368 3.567205
1990 69.083649 2.541039
1991 83.026619 3.057630
1992 128.441071 4.654135
1993 179.574142 6.312009
1994 85.098862 3.064224
1995 217.000000 8.415087
1996 86.901138 3.322598
1997 106.182510 3.860317
1998 199.076050 6.944779
1999 105.817490 3.794753
2000 42.079849 1.168866
2001 17.562738 0.606413
2002 23.049429 0.647773
2003 102.619774 2.167841
2004 42.593155 1.098682
2005 10.064639 0.408564
2006 4.558935 0.504114
2007 15.543726 0.555810
2008 7.110266 0.325134
2009 30.935362 0.845253
2010 77.262360 1.653315
2011 50.942966 1.260914
2012 53.190113 1.340357
2013 52.193916 1.318356
2014 46.901142 1.283753
2015 36.121674 1.005888
2016 44.840305 1.152436
2017 90.577950 2.389896
2018 50.441063 1.291735
2019 49.813686 1.269518
2020 43.148289 1.087811
2021 44.011406 1.165025
2022 52.657795 1.286374
2023 89.057037 2.159200
2024 133.030411 4.624187
2025 113.855515 3.981187
2026 218.509506 8.501783
2027 137.893539 4.899375
2028 94.372627 3.450620
2029 121.634979 4.321209
2030 95.596962 3.418401
2031 109.266159 4.042253
2032 96.596962 3.527878
2033 38.250950 1.529727
2034 109.091255 3.952094
2035 86.330795 3.248996
2036 152.406845 5.504049
2037 213.745255 7.739075
2038 114.703423 4.104559
2039 73.361214 2.778711
2040 162.053238 5.675394
2041 98.038025 3.612199
2042 187.307983 6.886934
2043 2.756654 0.429102
2044 108.315590 4.111010
2045 62.498100 2.569009
2046 41.870724 1.853580
2047 107.631180 3.985346
2048 37.612167 1.068813
2049 10.357414 0.487108
2050 16.079847 0.614536
2051 51.699619 1.312806
2052 31.060837 0.941293
2053 12.897339 0.454082
2054 81.197716 1.750305
2055 31.498098 0.875846
2056 43.387833 1.124293
2057 14.406844 0.521287
2058 67.026619 1.415307
2059 35.577946 0.975268
2060 54.418251 1.353762
2061 102.212929 2.121836
2062 77.714828 1.661018
2063 44.851711 1.181635
2064 17.365019 0.561632
2065 59.197720 1.466636
2066 102.779465 2.175922
2067 79.406845 1.957211
2068 89.387833 2.287710
2069 32.783272 0.877792
2070 35.467682 0.985591
2071 33.904942 0.886364
2072 128.509506 4.558753
2073 100.935364 3.595467
2074 162.532318 5.805948
2075 114.467682 4.174645
2076 90.980988 3.291252
2077 89.034218 3.213974
2078 111.851707 3.971005
2079 218.581757 8.446205
2080 109.764259 3.954775
2081 124.882126 4.520063
2082 107.228134 4.065206
2083 217.775665 8.385159
2084 212.346008 7.897036
2085 188.467682 6.802336
2086 148.087448 5.411925
2087 219.520920 8.525434
2088 219.403046 8.508389
2089 132.155899 4.512176
2090 134.003799 4.789483
2091 110.809883 3.963951
2092 218.927750 8.506680
2093 192.498093 6.873587
2094 124.338402 4.469960
2095 83.460075 3.177470
2096 74.783272 1.582517
2097 69.247147 1.488786
2098 18.661596 0.683544
2099 46.859314 1.156556
2100 8.745247 0.444363
2101 18.551331 0.655648
2102 21.543726 0.695579
2103 8.977186 0.369272
2104 42.562737 1.141533
2105 50.292774 1.215327
2106 57.859314 1.375775
2107 37.258556 0.987408
2108 41.958176 1.110852
2109 86.083649 1.808472
2110 70.190117 1.446767
2111 53.555134 1.357910
2112 45.977188 1.263502
2113 18.182510 0.661946
2114 44.692017 1.099694
2115 45.893536 1.228649
2116 35.536121 0.973815
2117 67.429657 1.505943
2118 38.794678 1.131829
2119 52.422054 1.316973
2120 116.501900 4.113295
2121 196.292770 7.084084
2122 20.326996 0.889051
2123 125.250954 4.499868
2124 146.273758 5.221442
2125 139.543732 4.914960
2126 217.570343 8.419254
2127 127.699623 4.580198
2128 49.764259 1.957130
2129 121.631180 4.541831
2130 111.288971 3.969483
2131 198.669205 7.239052
2132 186.665405 6.681384
2133 84.680611 3.141269
2134 81.673004 3.006886
2135 95.878326 3.607189
2136 218.627380 8.499493
2137 42.498100 1.754678
2138 98.433456 3.561831
2139 122.513306 4.647131
2140 56.988594 2.319504
2141 217.068436 7.725512
2142 17.087452 0.999978
2143 132.844101 4.667910
2144 29.140684 0.901614
2145 81.410645 1.851574
2146 47.247147 1.209807
2147 39.904942 1.040298
2148 42.912548 1.076872
2149 37.752853 0.972894
2150 60.688213 1.459769
2151 43.878326 1.170139
2152 81.756653 1.882909
2153 86.315590 1.968194
2154 24.456274 0.743149
2155 19.501902 0.696949
2156 58.368820 1.295245
2157 25.471483 0.759067
2158 16.756655 0.611754
2159 83.247147 1.842605
2160 38.117870 1.048892
2161 42.007603 1.192474
2162 103.269958 2.197330
2163 52.874523 1.294709
2164 36.498100 0.962706
2165 73.790878 1.719380
2166 44.988594 1.161757
2167 46.737644 1.285925
2168 82.726234 3.106652
2169 218.509506 8.498652
2170 216.456268 8.393200
2171 75.186310 2.721462
2172 218.452469 8.439712
2173 65.380226 2.472647
2174 72.136879 2.635724
2175 151.235748 5.378235
2176 87.711029 3.311484
2177 87.319389 3.345260
2178 122.517113 4.380076
2179 48.809887 1.996665
2180 98.148293 3.534306
2181 219.456268 8.445587
2182 102.247147 3.664097
2183 112.281372 4.072153
2184 96.566544 3.545782
2185 80.338402 2.993581
2186 174.901138 6.467065
2187 91.703423 3.422619
2188 155.494293 5.535829
2189 78.209122 2.924590
2190 93.969582 3.351270
2191 127.574142 4.561495
2192 15.634981 0.568362
2193 58.117870 1.399818
2194 22.722433 0.710427
2195 26.760456 0.794249
2196 29.186312 0.862992
2197 8.091255 0.358545
2198 45.555134 1.181207
2199 80.091255 1.726345
2200 83.577950 1.829368
2201 33.794678 0.924760
2202 69.501900 1.440518
2203 14.718631 0.588801
2204 16.950571 0.579620
2205 42.558937 1.107933
2206 94.665398 2.064138
2207 71.182510 1.592806
2208 29.361217 0.860375
2209 88.220535 2.306553
2210 33.520912 0.897048
2211 87.387833 2.168247
2212 39.171104 1.063212
2213 77.425858 1.890847
2214 54.973385 1.379940
2215 102.870720 2.172770
2216 71.319389 2.645874
2217 114.543724 4.168160
2218 179.235748 6.529076
2219 19.825094 0.935067
2220 58.060837 2.311343
2221 30.437262 1.288609
2222 218.509506 8.498652
2223 126.520912 4.488106
2224 177.121674 6.507120
2225 110.977188 4.137312
2226 156.418243 5.741581
2227 84.129280 3.190769
2228 84.980988 3.127764
2229 216.726242 7.892406
2230 106.498100 3.816987
2231 73.292778 2.832763
2232 153.384033 5.450159
2233 218.802277 8.422701
2234 132.828903 4.688510
2235 19.752851 0.860929
2236 117.935364 4.249760
2237 95.288971 3.504499
2238 6.102662 0.428225
2239 58.121674 2.275766
2240 0.000000 0.000000
2241 0.000000 0.000000
2242 0.000000 0.000000
2243 0.000000 0.000000
2244 0.000000 0.000000
2245 0.000000 0.000000
2246 0.000000 0.000000
2247 0.000000 0.000000
2248 0.000000 0.000000
2249 0.000000 0.000000
2250 0.000000 0.000000
2251 0.000000 0.000000
2252 0.000000 0.000000
2253 0.000000 0.000000
2254 0.000000 0.000000
2255 0.000000 0.000000
2256 0.000000 0.000000
2257 0.000000 0.000000
2258 0.000000 0.000000
2259 0.000000 0.000000
2260 0.000000 0.000000
2261 0.000000 0.000000
2262 0.000000 0.000000
2263 0.000000 0.000000
2264 0.000000 0.000000
2265 0.000000 0.000000
2266 0.000000 0.000000
2267 0.000000 0.000000
2268 0.000000 0.000000
2269 0.000000 0.000000
2270 0.000000 0.000000
2271 0.000000 0.000000
2272 0.000000 0.000000
2273 0.000000 0.000000
2274 0.000000 0.000000
2275 0.000000 0.000000
2276 0.000000 0.000000
2277 0.000000 0.000000
2278 0.000000 0.000000
2279 0.000000 0.000000
2280 0.000000 0.000000
2281 0.000000 0.000000
2282 0.000000 0.000000
2283 0.000000 0.000000
2284 0.000000 0.000000
2285 0.000000 0.000000
2286 0.000000 0.000000
2287 0.000000 0.000000
2288 0.000000 0.000000
2289 0.000000 0.000000
2290 0.000000 0.000000
2291 0.000000 0.000000
2292 0.000000 0.000000
2293 0.000000 0.000000
2294 0.000000 0.000000
2295 0.000000 0.000000
2296 0.000000 0.000000
2297 0.000000 0.000000
2298 0.000000 0.000000
2299 0.000000 0.000000
2300 0.000000 0.000000
2301 0.000000 0.000000
2302 0.000000 0.000000
2303 0.000000 0.000000
2304 0.000000 0.000000
2305 0.000000 0.000000
2306 0.000000 0.000000
2307 0.000000 0.000000
2308 0.000000 0.000000
2309 0.000000 0.000000
2310 0.000000 0.000000
2311 0.000000 0.000000
2312 0.000000 0.000000
2313 0.000000 0.000000
2314 0.000000 0.000000
2315 0.000000 0.000000
2316 0.000000 0.000000
2317 0.000000 0.000000
2318 0.000000 0.000000
2319 0.000000 0.000000
2320 0.000000 0.000000
2321 0.000000 0.000000
2322 0.000000 0.000000
2323 0.000000 0.000000
2324 0.000000 0.000000
2325 0.000000 0.000000
2326 0.000000 0.000000
2327 0.000000 0.000000
2328 0.000000 0.000000
2329 0.000000 0.000000
2330 0.000000 0.000000
2331 0.000000 0.000000
2332 0.000000 0.000000
2333 0.000000 0.000000
2334 0.000000 0.000000
2335 0.000000 0.000000
2336 0.000000 0.000000
2337 0.000000 0.000000
2338 0.000000 0.000000
2339 0.000000 0.000000
2340 0.000000 0.000000
2341 0.000000 0.000000
2342 0.000000 0.000000
2343 0.000000 0.000000
2344 0.000000 0.000000
2345 0.000000 0.000000
2346 0.000000 0.000000
2347 0.000000 0.000000
2348 0.000000 0.000000
2349 0.000000 0.000000
2350 0.000000 0.000000
2351 0.000000 0.000000
2352 0.000000 0.000000
2353 0.000000 0.000000
2354 0.000000 0.000000
2355 0.000000 0.000000
2356 0.000000 0.000000
2357 0.000000 0.000000
2358 0.000000 0.000000
2359 0.000000 0.000000
2360 36.916351 1.020996
2361 37.707226 1.147748
2362 107.452469 4.265502
2363 20.764259 1.038030
2364 59.300381 1.580862
2365 85.939163 2.129841
2366 37.669201 1.054090
2367 96.045624 3.924890
2368 64.570343 2.897783
2369 159.076050 6.321091
2370 35.657795 1.080771
2371 0.000000 0.000000
2372 0.992395 0.086872
2373 45.277565 1.237466
2374 91.935364 3.640656
2375 62.596958 2.665993
2376 72.049431 3.016026
2377 59.205322 2.508474
2378 34.273766 1.089684
2379 1.946768 0.224496
2380 46.326996 1.233065
2381 39.243347 1.032598
2382 67.460075 2.806382
2383 70.741447 3.018585
2384 68.121674 2.781051
2385 46.102661 1.890770
2386 49.505703 1.322145
2387 48.874523 1.320876
2388 15.136882 0.649868
2389 31.368822 0.929500
2390 43.581749 1.263697
2391 138.581757 5.434712
2392 66.984795 2.749310
2393 203.520920 7.992781
2394 97.353615 3.859763
2395 4.022814 0.325489
2396 38.387833 1.075904
2397 34.954372 1.034486
2398 35.395439 1.048037
2399 41.665398 1.154517
2400 33.182510 0.996647
2401 145.387833 5.785928
2402 57.935360 2.411870
2403 74.923958 3.066115
2404 64.022812 2.704638
2405 120.311790 4.899148
2406 21.258554 0.785850
2407 44.467682 1.223153
2408 22.228136 0.785592
2409 0.939164 0.239030
2410 33.155895 1.018103
2411 98.292778 2.367762
2412 79.000000 3.305716
2413 67.129280 2.746311
2414 120.996201 4.637012
2415 106.239540 4.303111
2416 133.007599 5.318733
2417 161.695816 6.447113
2418 33.577946 0.963501
2419 23.053232 0.763359
2420 16.231939 0.637401
2421 0.000000 0.000000
2422 40.992397 1.163424
2423 38.539925 1.175366
2424 16.897339 0.813919
2425 107.079849 4.223474
2426 106.806084 4.262807
2427 40.551331 1.725515
2428 134.406845 5.386742
2429 96.197716 3.926956
2430 2.361217 0.480353
2431 35.612167 1.079433
2432 59.756653 1.555593
2433 39.593155 1.126027
2434 32.501900 0.986119
2435 54.752853 1.436800
2436 71.452469 2.921766
2437 123.517113 4.994169
2438 152.399246 5.962200
2439 61.053230 2.668828
2440 56.186314 2.372106
2441 103.254753 4.145607
2442 36.756653 1.047223
2443 28.851711 0.949718
2444 30.619772 0.914557
2445 50.224335 1.336479
2446 33.125477 0.980532
2447 33.821293 0.987759
2448 102.501900 3.956872
2449 113.977188 4.491590
2450 86.749046 3.450595
2451 49.429657 2.154180
2452 42.688213 1.903003
2453 79.634979 3.255273
2454 38.574146 1.082709
2455 0.000000 0.000000
2456 41.566540 1.117754
2457 26.787073 0.827466
2458 72.688210 1.886951
2459 63.737644 1.585218
2460 81.688210 3.266627
2461 68.288971 2.967529
2462 36.574146 1.572463
2463 35.684410 1.528943
2464 84.422050 3.295435
2465 82.460075 3.277606
2466 20.764259 0.861919
2467 36.904942 1.124601
2468 22.847908 0.760019
2469 33.638783 1.025686
2470 28.832699 0.890676
2471 51.908745 1.381312
2472 20.965780 1.086894
2473 97.441063 3.907114
2474 109.152092 4.416490
2475 18.380228 0.935114
2476 93.593155 3.925866
2477 100.201523 3.992540
2478 28.365019 0.887081
2479 57.969582 1.451047
2480 28.555134 0.829473
2481 31.825094 0.922788
2482 37.133080 0.987261
2483 45.235741 1.256745
2484 96.596962 3.422848
2485 186.395432 6.579977
2486 78.224335 2.886816
2487 72.326996 2.694790
2488 69.498100 2.577874
2489 136.304184 4.826915
2490 37.395439 0.972775
2491 38.847908 1.049925
2492 15.403042 0.576068
2493 35.581749 0.959231
2494 30.494297 0.974468
2495 39.463879 1.159203
2496 48.851711 1.811682
2497 87.703423 3.275016
2498 66.646385 2.480428
2499 57.908745 2.174699
2500 53.927757 2.061440
2501 78.399239 2.772132
2502 26.049429 0.800089
2503 45.406845 1.156019
2504 36.634979 0.992286
2505 42.399239 1.191031
2506 35.920151 1.048851
2507 31.802280 0.909850
2508 78.490494 2.849672
2509 79.836502 2.801391
2510 75.193916 2.787199
2511 150.353607 5.234470
2512 133.855515 4.702766
2513 74.551331 2.802129
2514 63.996197 1.534144
2515 29.273764 0.832535
2516 38.608364 1.062069
2517 69.463875 1.621395
2518 35.798481 0.983358
2519 37.897339 1.064870
2520 81.958176 3.002243
2521 106.764259 3.781777
2522 102.444870 3.639115
2523 145.760452 5.073568
2524 67.076042 2.442089
2525 46.422054 1.746427
2526 30.015209 0.897693
2527 30.155893 0.882031
2528 62.034222 1.511291
2529 30.581749 0.880702
2530 27.688213 0.751256
2531 47.961979 1.223378
2532 48.365021 1.869261
2533 63.555134 2.348813
2534 115.737640 3.986144
2535 53.285172 1.982444
2536 67.277565 2.457809
2537 75.125473 2.843751
2538 31.646387 0.898063
2539 37.186314 1.038921
2540 42.673004 1.049857
2541 30.053232 0.830170
2542 31.273764 0.906858
2543 101.395439 2.324342
2544 54.608364 2.049447
2545 76.733841 2.883919
2546 62.410645 2.245105
2547 65.292778 2.370972
2548 68.916351 2.509419
2549 210.182510 7.452572
2550 26.186312 0.798932
2551 7.882129 0.356077
2552 24.159697 0.748364
2553 89.269958 1.945877
2554 73.220535 1.764898
2555 59.604561 2.281413
2556 51.414448 1.872175
2557 81.479088 3.036931
2558 88.330795 3.239619
2559 27.365019 1.118388
2560 33.882130 0.961910
2561 31.038023 0.974230
2562 54.996197 1.338230
2563 30.901140 0.812052
2564 54.779469 1.327121
2565 82.703423 2.960364
2566 115.996201 4.070199
2567 102.638786 3.683632
2568 149.756653 5.157012
2569 95.501900 3.387378
2570 21.452471 0.700776
2571 33.486691 0.942659
2572 8.437263 0.496048
2573 36.749050 1.027081
2574 75.034218 2.723432
2575 85.904945 3.155431
2576 81.657791 3.024112
2577 37.178707 1.508658
2578 37.349812 0.993931
2579 72.163498 1.672831
2580 38.197720 0.997561
2581 103.269958 2.197330
2582 34.787071 1.414316
2583 64.247147 2.356881
2584 55.505703 2.022442
2585 75.212929 2.724398
2586 29.182510 0.866002
2587 47.517109 1.322046
2588 3.003802 0.137829
2589 66.551331 2.347280
2590 52.391636 2.060549
2591 61.604561 2.296364
2592 36.536121 1.070530
2593 21.745247 0.697447
2594 82.958176 3.024953
2595 77.414452 2.880263
2596 0.000000 0.000000
2597 0.000000 0.000000
2598 0.000000 0.000000
2599 0.000000 0.000000
2600 0.000000 0.000000
2601 0.000000 0.000000
2602 0.000000 0.000000
2603 0.000000 0.000000
2604 0.000000 0.000000
2605 0.000000 0.000000
2606 0.000000 0.000000
2607 0.000000 0.000000
2608 0.000000 0.000000
2609 0.000000 0.000000
2610 0.000000 0.000000
2611 0.000000 0.000000
2612 0.000000 0.000000
2613 0.000000 0.000000
2614 0.000000 0.000000
2615 0.000000 0.000000
2616 0.000000 0.000000
2617 0.000000 0.000000
2618 0.000000 0.000000
2619 0.000000 0.000000
2620 0.000000 0.000000
2621 0.000000 0.000000
2622 0.000000 0.000000
2623 0.000000 0.000000
2624 0.000000 0.000000
2625 0.000000 0.000000
2626 0.000000 0.000000
2627 0.000000 0.000000
2628 0.000000 0.000000
2629 0.000000 0.000000
2630 0.000000 0.000000
2631 0.000000 0.000000
2632 0.000000 0.000000
2633 0.000000 0.000000
2634 0.000000 0.000000
2635 0.000000 0.000000
2636 0.000000 0.000000
2637 0.000000 0.000000
2638 0.000000 0.000000
2639 0.000000 0.000000
2640 0.000000 0.000000
2641 0.000000 0.000000
2642 0.000000 0.000000
2643 0.000000 0.000000
2644 0.000000 0.000000
2645 0.000000 0.000000
2646 0.000000 0.000000
2647 0.000000 0.000000
2648 0.000000 0.000000
2649 0.000000 0.000000
2650 0.000000 0.000000
2651 0.000000 0.000000
2652 0.000000 0.000000
2653 0.000000 0.000000
2654 0.000000 0.000000
2655 0.000000 0.000000
2656 0.000000 0.000000
2657 0.000000 0.000000
2658 0.000000 0.000000
2659 0.000000 0.000000
2660 0.000000 0.000000
2661 0.000000 0.000000
2662 0.000000 0.000000
2663 0.000000 0.000000
2664 0.000000 0.000000
2665 0.000000 0.000000
2666 0.000000 0.000000
2667 0.000000 0.000000
2668 0.000000 0.000000
2669 0.000000 0.000000
2670 0.000000 0.000000
2671 0.000000 0.000000
2672 0.000000 0.000000
2673 0.000000 0.000000
2674 0.000000 0.000000
2675 0.000000 0.000000
2676 0.000000 0.000000
2677 0.000000 0.000000
2678 0.000000 0.000000
2679 0.000000 0.000000
2680 0.000000 0.000000
2681 0.000000 0.000000
2682 0.000000 0.000000
2683 0.000000 0.000000
2684 0.000000 0.000000
2685 0.000000 0.000000
2686 0.000000 0.000000
2687 0.000000 0.000000
2688 0.000000 0.000000
2689 0.000000 0.000000
2690 0.000000 0.000000
2691 0.000000 0.000000
2692 0.000000 0.000000
2693 0.000000 0.000000
2694 0.000000 0.000000
2695 0.000000 0.000000
2696 0.000000 0.000000
2697 0.000000 0.000000
2698 0.000000 0.000000
2699 0.000000 0.000000
2700 0.000000 0.000000
2701 0.000000 0.000000
2702 0.000000 0.000000
2703 0.000000 0.000000
2704 0.000000 0.000000
2705 0.000000 0.000000
2706 0.000000 0.000000
2707 0.000000 0.000000
2708 0.000000 0.000000
2709 0.000000 0.000000
2710 0.000000 0.000000
2711 0.000000 0.000000
2712 0.000000 0.000000
2713 0.000000 0.000000
2714 0.000000 0.000000
2715 0.000000 0.000000
