0	1177.03	132.832
1	1119.92	113.599
2	1928.16	177.281
3	1182.16	118.427
4	1511.29	159.124
5	1208.16	151.794
6	492.149	53.266
7	1359.05	126.916
8	1199.62	112.876
9	798.899	85.9379
10	1202.74	155.3
11	778.403	177.914
12	1267.93	143.304
13	1659.75	204.275
14	1402.98	159.608
15	1205.63	129.775
16	1640.1	163.938
17	1367.01	151.827
18	1023.47	133.035
19	1457.82	163.586
20	1683.32	182.729
21	1179.63	126.945
22	1060.78	104.557
23	911.897	133.311
24	848.068	113.836
25	1289.28	166.665
26	1060.23	102.42
27	896.926	105.276
28	1329.49	171.642
29	1070.53	132.292
30	1052.97	98.4292
31	946.594	126.723
32	1222.51	144.446
33	1024.45	111.14
34	1244.39	143.779
35	1197.2	148.726
36	790.758	105.272
37	1185.4	159.936
38	966.511	131.821
39	974.767	99.3998
40	984.43	108.059
41	953.303	85.7323
42	1158.28	135.377
43	859.856	116.745
44	816.912	93.2314
45	762.547	73.0502
46	799.637	131.013
47	2013.93	195.364
48	1164.75	108.396
49	1224.96	140.047
50	964.247	86.8467
51	1316.97	136.253
52	1222.35	125.093
53	1419.34	156.037
54	1779.45	216.756
55	1152.54	137.463
56	1204.62	121.39
57	1374.35	180.499
58	1274.53	173.685
59	1713.95	171.954
60	1296.5	121.535
61	1542.94	156.787
62	1216.96	130.935
63	1343.8	168.419
64	1234.61	135.143
65	1566.81	159.435
66	1431.03	146.752
67	1476.66	149.233
68	1193.84	107.235
69	1080.22	115.307
70	1026.1	148.501
71	935	115.32
72	699.374	97.5929
73	1031.65	123.406
74	1011.43	119.067
75	1140.88	123.281
76	955.551	96.0891
77	1324.79	168.618
78	1383.87	181.111
79	773.388	86.188
80	938.286	111.623
81	825.838	98.639
82	974.438	113.542
83	1272.19	175.798
84	926.254	129.723
85	1110.23	175.711
86	1021.15	121.676
87	1206.55	141.802
88	793.943	112.676
89	958.97	112.886
90	1072.96	124.941
91	994.542	117.445
92	813.089	89.2248
93	1086.27	153.197
94	1011.27	117.582
95	1223.71	186.7
96	1350.09	132.656
97	1692.07	172.029
98	1750.18	147.854
99	1409.23	146.403
100	1140.24	136.229
101	1276.52	128.888
102	1162.32	104.077
103	1650.98	203.564
104	1075.45	110.358
105	1050.84	113.576
106	1492.88	189
107	1934.15	185.756
108	1501.49	170.819
109	1100.07	101.208
110	1143.15	96.221
111	2133.14	172.898
112	1400.89	163.012
113	1291.77	214.491
114	1159.77	126.247
115	1337.08	137.866
116	1230.62	149.568
117	997.662	112.245
118	1611.54	218.887
119	1060.28	110.342
120	924.318	101.657
121	1047.07	129.558
122	1443.25	154.199
123	1272.4	134.229
124	918.124	108.403
125	1016.84	157.709
126	1037.89	124.663
127	843.089	101.389
128	1072.23	124.301
129	671.77	68.4621
130	1074.09	109.679
131	877.869	111.051
132	797.364	83.0163
133	859.63	104.309
134	1096.96	162.764
135	2291.06	245.299
136	1192.09	128.11
137	1045.01	153.809
138	902.599	102.073
139	884.689	93.9804
140	1076.15	105.253
141	1232.05	158.168
142	1334.15	188.001
143	985.902	103.279
144	1329.89	149.578
145	1241.56	139.205
146	1291.19	124.066
147	1571.98	152.457
148	1178.1	112.522
149	1573.35	199.222
150	1476.26	158.079
151	1203.84	132.204
152	1065.8	107.544
153	1692.54	152.906
154	1735.95	191.227
155	1309.31	124.384
156	1487.26	184.821
157	1596.97	169.189
158	2038.45	207.815
159	1445.99	135.617
160	1885.24	183.273
161	1779.15	171.797
162	1156.19	108.329
163	1193.95	154.015
164	1438.13	136.748
165	913.798	109.761
166	948.089	134.024
167	796.754	88.3351
168	938.796	132.28
169	1012.63	110.276
170	1072.38	99.3997
171	1316.95	138.261
172	1245.03	179.938
173	1652.13	197.116
174	1174.21	141.984
175	1196	200.135
176	913.531	108.343
177	879.439	102.507
178	1484.44	199.804
179	1069.75	107.164
180	886.875	104.701
181	934.327	109.386
182	1090.27	111.429
183	1233.97	144.674
184	1205.15	130.489
185	710.067	109.018
186	1214.03	133.406
187	971.382	89.1048
188	1146.47	127.677
189	1076.65	114.452
190	910.849	110.234
191	334.573	30.5814
192	1761.75	149.85
193	1182.55	103.88
194	1227.49	125.507
195	1193.68	114.726
196	1401.95	137.472
197	1215.85	116.706
198	1351.1	124.143
199	1431.36	126.289
200	1764.1	180.895
201	1342.91	132.073
202	1442.34	153.847
203	1326.83	134.543
204	1313.5	133.051
205	1372.57	144.02
206	1301.95	134.22
207	1396.12	141.846
208	1322.98	134.348
209	1331.73	159.193
210	1377.26	135.833
211	1293.02	124.78
212	2095.04	225.693
213	1475.28	174.994
214	999.358	99.4554
215	1046.56	142.753
216	937.625	123.549
217	863.187	107.937
218	1165.41	116.874
219	1681	190.544
220	1261.92	144.046
221	996.024	95.1702
222	1085.36	116.316
223	999.646	124.425
224	1421.07	169.295
225	855.889	91.417
226	803.022	92.8197
227	964.454	101.453
228	978.053	102.649
229	1203.02	131.844
230	823.801	93.9987
231	672.785	83.2748
232	848.484	109.507
233	852.168	109.83
234	1140.05	107.145
235	2073.12	251.853
236	862.811	119.963
237	809.011	95.3739
238	1286.33	147.707
239	948.636	122.453
240	1392.2	142.596
241	1177.91	105.337
242	1512.72	136.286
243	1371.23	143.289
244	1216.23	175.586
245	891.821	127.487
246	1355.02	122.782
247	1082.63	113.31
248	1691.27	168.378
249	1459.27	144.537
250	1675.59	172.011
251	1166.96	109.18
252	1188.11	147.545
253	1117.8	92.7764
254	1401.32	159.1
255	1282.21	148.251
256	1661.71	217.412
257	1144.64	105.028
258	1706.72	177.006
259	1121.81	129.969
260	2251.64	190.681
261	812.518	111.45
262	1079.2	118.205
263	1404.8	173.486
264	1304.22	148.32
265	1115.6	121.19
266	827.44	105.355
267	1064.02	123.988
268	1057.44	104.964
269	984.965	101.93
270	859.664	114.775
271	778.707	86.1334
272	1071.15	109.572
273	897.303	125.253
274	1312.67	174.679
275	1385.52	132.972
276	929.199	114.709
277	1097.51	136.06
278	886.646	90.3331
279	799.418	93.9705
280	1050.97	88.9826
281	1130.25	109.58
282	751.087	90.9734
283	927.257	100.938
284	912.582	94.6415
285	836.384	108.373
286	1132.74	106.628
287	936.904	104.785
288	1411.78	146.072
289	1446.17	159.247
290	1672.02	136.326
291	1276.48	131.028
292	1069.91	97.9902
293	1163.01	101.75
294	963.35	83.3003
295	1360.45	126.024
296	1211.91	116.06
297	1252.25	143.997
298	1187.72	127.035
299	1489.92	152
300	912.314	95.5402
301	1453.73	130.419
302	1053.08	90.4285
303	1000.72	107.36
304	1257.22	143.239
305	1245.66	145.215
306	1124.32	120.376
307	1310.61	129.539
308	1158.93	106.275
309	1169.47	149.629
310	1024.97	144.499
311	1483.88	210.322
312	906.614	117.723
313	2392.02	258.629
314	949.513	118.82
315	996.827	127.427
316	980.188	131.127
317	3376.27	354.59
318	970.77	104.732
319	811.205	83.5934
320	1183.74	103.062
321	1009.15	123.372
322	1050.87	91.544
323	1016.83	119.436
324	978.283	115.576
325	1340.3	165.335
326	1006.26	125.647
327	922.625	116.472
328	980.38	150.511
329	1431.07	157.456
330	1151.43	107.412
331	964.12	118.536
332	1313.63	137.849
333	1393.23	155.459
334	841.03	96.9974
335	894.399	112.366
336	1279.5	125.719
337	1223.37	125.547
338	1412.52	159.951
339	1688.04	171.661
340	1244.71	139.622
341	1453.94	151.887
342	1268.73	118.744
343	1535.75	177.845
344	1289.64	143.013
345	1543.02	190.082
346	1200.76	107.228
347	1262.05	141.674
348	1776.55	200.204
349	1324.01	136.535
350	1154.02	103.728
351	1207.35	122.218
352	1209.26	126.931
353	1338.2	156.14
354	1699.35	174.844
355	1312.73	124.72
356	1772.1	159.84
357	520.265	72.0847
358	1040.41	109.487
359	1222.53	147.555
360	1356.2	188.706
361	1053.51	107.656
362	1020.46	131.49
363	4378.26	405.322
364	1315.39	145.059
365	1435.51	191.894
366	871.6	129.536
367	1203.02	164.221
368	1539.24	206.198
369	1024.55	181.594
370	977.074	99.6683
371	1179.11	135.431
372	1019.83	108.988
373	1042.49	100.903
374	797.984	108.032
375	3560.82	320.613
376	1323.04	179.725
377	1085.74	103.989
378	806.084	86.7211
379	1169.88	112.877
380	1432.08	141.129
381	1187.13	158.601
382	1057	103.164
383	991.865	115.718
384	1292.28	126.304
385	1543.58	148.457
386	1593.9	144.692
387	1202.88	110.267
388	1534.74	124.277
389	1534.6	159.498
390	1364.07	124.673
391	1296.55	130.646
392	1223.63	136.161
393	1309.72	124.8
394	1252.95	131.977
395	1287.85	128.189
396	1354.86	133.996
397	1433.37	153.391
398	1039.81	133.14
399	1325.02	139.269
400	1205.12	114.58
401	1345.97	153.521
402	1538.84	154.982
403	1081.73	101.453
404	946.846	112.141
405	971.85	101.263
406	914.202	116.343
407	1115.71	140.231
408	1113.31	127.985
409	958.273	94.375
410	960.351	91.6243
411	925.599	125.433
412	866.069	111.801
413	932.956	105.762
414	831.585	100.137
415	1424.46	186.611
416	934.12	109.815
417	877.604	111.653
418	1068.24	98.5015
419	367.814	44.1253
420	878.369	96.0315
421	1007.19	123.357
422	940.561	129.994
423	1078.14	150.33
424	1167.38	153.037
425	946.43	115.815
426	1308	139.614
427	1018.44	123.584
428	1013.23	126.448
429	861.216	87.293
430	1089.53	120.586
431	975.661	126.841
432	1138.91	88.066
433	1529.27	164.82
434	1161.82	115.141
435	1366.26	149.912
436	1201.11	116.564
437	840.048	99.8283
438	1759.72	157.932
439	1447.47	128.554
440	1549.62	139.271
441	1714.89	190.853
442	1240.66	128.553
443	1547.59	133.876
444	1360.86	139.79
445	1282.83	137.015
446	1443.77	152.81
447	1186.65	125.082
448	1209.39	120.248
449	1104.2	120.504
450	1666.49	168.307
451	1215.79	118.605
452	1334.55	158.159
453	742.889	74.5044
454	1010.22	120.312
455	1288.51	151.971
456	1114.05	132.777
457	957.564	82.162
458	1053.39	123.686
459	822.897	99.1006
460	825.803	106.274
461	1021.71	121.492
462	1018.8	119.804
463	1319.5	160.918
464	929.974	108.432
465	899.564	116.697
466	961.472	96.4162
467	979.474	117.343
468	1354.01	172.565
469	978.895	100.117
470	1134.24	151.907
471	388.198	52.048
472	864.593	94.9856
473	992.735	112.67
474	1466.88	142.289
475	982.845	115.845
476	1122.74	143.634
477	927.411	108.904
478	1150.29	117.946
479	908.445	130.955
480	1467.39	127.778
481	1164.28	125.789
482	1478.48	127.903
483	1140.72	94.4162
484	973.224	98.6155
485	1600.68	161.463
486	1333.47	124.711
487	1357.56	128.637
488	1301.79	123.221
489	1370.83	133.894
490	1616.65	162.695
491	1187.01	123.413
492	1298.55	131.523
493	1449.3	150.01
494	1824.3	197.789
495	1174.11	121.647
496	1296.7	130.395
497	1539.75	152.204
498	1342.63	175.185
499	1066.56	98.8118
500	1482.2	136.844
501	925.457	107.817
502	1101.86	124.672
503	1185.97	122.934
504	1225.42	138.022
505	833.588	101.817
506	519.163	68.5308
507	1088.26	120.747
508	1051.83	112.251
509	1256.12	169.053
510	1125.35	173.875
511	1045.39	138.135
512	883.227	105.61
513	1373.39	192.074
514	799.607	73.2557
515	1124.14	142.458
516	969.946	132.562
517	1156.59	123.329
518	1104.64	122.898
519	505.897	61.0085
520	480.562	49.9697
521	1330.26	167.477
522	1094.56	124.158
523	1085.23	111.395
524	1112.19	126.152
525	1168.49	145.674
526	1183.07	106.301
527	1077.02	125.755
528	1313.81	125.795
529	1857.04	177.593
530	1260.86	122.275
531	1078.31	108.844
532	1409.14	164.476
533	1293.46	123.7
534	1311.39	133.982
535	1108.6	128.966
536	1212.3	115.193
537	1082.16	101.759
538	1229.65	139.477
539	1189.03	127.998
540	1276.34	114.452
541	1294.36	133.097
542	948.943	114.704
543	1174.47	111.303
544	1378.09	129.944
545	1396.76	147.501
546	1460.3	127.306
547	1538.12	173.697
548	1190.6	121.345
549	1305.17	179.166
550	995.224	107.937
551	1071.52	125.089
552	929.096	121.945
553	392.364	72.9044
554	839.655	97.5936
555	924.869	96.1698
556	988.733	100.022
557	842.023	99.9572
558	1718.39	202.102
559	850.737	136.746
560	896.881	103.701
561	853.275	116.75
562	773.498	77.229
563	1018.66	122.478
564	926.219	109.849
565	1207.26	124.303
566	988.154	106.902
567	969.559	86.3738
568	1103.98	139.555
569	1426.39	171.32
570	819.002	89.1254
571	1181.69	135.107
572	1167.3	158.763
573	899.564	99.3042
574	1260.85	112.038
575	1065.64	111.221
576	1367.51	122.161
577	1677.71	178.66
578	1494.91	145.217
579	1256.25	99.2037
580	1517.53	128.252
581	1352.58	125.71
582	1603.23	149.829
583	1480.2	151.809
584	1325.17	146.494
585	1228.49	124.768
586	1278	116.764
587	1400.84	162.134
588	1576.78	168.58
589	1537.94	125.292
590	1264.44	131.142
591	1027.34	119.738
592	1460.66	139.192
593	1316.19	134.815
594	1206.12	121.838
595	1143.59	105.421
596	1392.9	141.823
597	1090.01	125.811
598	1140.36	122.859
599	1291.17	219.169
600	3579.93	328.147
601	863.079	123.379
602	1180.07	129.13
603	1156.65	128.584
604	1069.79	168.961
605	860.893	130.373
606	978.296	107.921
607	703.461	101.124
608	805.346	104.354
609	800.774	108.74
610	1130.82	120.952
611	883.642	100.464
612	848.184	102.505
613	1268.78	180.666
614	1154.13	140.642
615	957.006	95.425
616	1122.39	128.043
617	959.919	90.133
618	990.269	112.288
619	900.355	112.736
620	1094.03	108.077
621	1103.61	117.418
622	1177.41	109.46
623	1087.27	166.14
624	1596.26	169.603
625	1293.58	114.912
626	1227.73	124.769
627	1300.28	126.857
628	1308.98	118.901
629	1321.14	134.734
630	1458.99	134.485
631	1334.66	161.554
632	1465.81	141.679
633	1215.63	117.55
634	1041.63	93.5272
635	1307.28	137.038
636	1334.46	144.413
637	1475.37	153.633
638	1169.63	114.126
639	1384.89	150.454
640	1685.09	163.448
641	1384.54	142.768
642	1431.6	152.653
643	1370.14	141.982
644	1071.08	107.116
645	1002.61	114.17
646	835.071	114.628
647	767.413	113.384
648	1233.01	165.872
649	871.025	83.213
650	1457.27	150.308
651	1078.53	144.113
652	878.192	121.134
653	847.002	101.859
654	1136.83	148.283
655	1100.71	120.674
656	847.981	156.279
657	986.143	108.239
658	1195.86	155.269
659	1150.31	132.742
660	955.052	90.3773
661	1114.71	150.065
662	1196.83	140.317
663	1084.86	109.7
664	1411.77	206.678
665	1335.81	145.52
666	960.335	145.053
667	1112.87	122.804
668	1198.77	123.811
669	931.29	104.922
670	1071.97	117.076
671	1827.11	184.91
672	1305.91	123.773
673	1132.63	100.341
674	1500.49	121.938
675	1557.28	142.049
676	1514.33	124.511
677	795.115	82.4869
678	1252.08	128.199
679	1261.19	113.26
680	1452.28	150.077
681	1557.18	165.597
682	1248.35	140.406
683	1392.45	148.274
684	1673.55	144.916
685	1614.73	167.281
686	1473.94	147.033
687	885.362	97.4972
688	1257.14	149.112
689	972.21	85.717
690	1794.06	196.909
691	1174.31	130.025
692	1495.08	167.265
693	1060.08	122.661
694	1348.8	198.77
695	1280.79	201.588
696	1155.93	212.524
697	1023.72	120.368
698	1070.07	117.442
699	1176.36	143.584
700	1484.51	181.08
701	1015.61	127.085
702	850.823	150.145
703	1178.47	147.417
704	1127.85	142.66
705	1005.55	132.855
706	2365.65	218.893
707	1067.74	106.057
708	1266.91	154.357
709	974.904	110.643
710	1212.04	138.606
711	1147.23	122.273
712	1096.74	132.57
713	1134.12	89.8656
714	1170.15	137.489
715	1108.09	131.195
716	1202.3	140.857
717	1223.59	143.782
718	1193.03	116.637
719	868.358	93.5608
720	1439.6	130.294
721	1329.28	145.221
722	1298.79	157.447
723	1451.89	144.243
724	1588.77	151.943
725	1226.55	143.801
726	1375.64	117.372
727	1416.87	157.249
728	1116.9	114.516
729	1441.32	164.143
730	1447.36	140.412
731	1546.33	132.49
732	1310.39	139.799
733	1289.56	120.697
734	1190.47	116.041
735	1366.36	147.901
736	1366.8	134.271
737	1299.31	134.955
738	1694.86	180.063
739	1347.01	152.847
740	1348.97	142.709
741	958.451	128.51
742	1058.25	146.263
743	1090.98	117.441
744	1259.78	155.451
745	854.685	106.747
746	676.742	78.5708
747	953.821	122.954
748	1316.31	163.926
749	1134.03	145.459
750	1309.33	144.276
751	951.743	158.263
752	911.799	112.609
753	1225.72	137.362
754	1394.14	160.265
755	930.033	122.818
756	855.532	119.259
757	918.4	165.744
758	957.708	166.74
759	1258.55	169.917
760	1234.43	158.787
761	1049.75	93.9293
762	1199.41	139.566
763	1121.33	105.83
764	994.556	119.206
765	791.039	97.2539
766	1245.35	150.663
767	894.738	145.794
768	1456.02	151.175
769	1495.92	130.216
770	1588.8	132.512
771	1872.32	165.029
772	1424.97	139.077
773	1541.91	138.847
774	1258.64	152.957
775	1450.64	128.18
776	1448.8	123.923
777	1377.38	122.765
778	1419.12	158.648
779	1389.76	137.531
780	1411.47	156.339
781	1301.38	155.397
782	1261.8	127.719
783	1357.61	138.354
784	1455.75	133.457
785	1430.1	182.775
786	1772.75	153.538
787	1428.94	171.48
788	1540.72	190.242
789	1216.54	146.069
790	1314.22	220.306
791	1070.4	130.62
792	1504.99	168.037
793	807.586	102.651
794	897.998	130.297
795	1372.96	178.543
796	1271.09	168.99
797	1009.84	117.293
798	940.09	120.677
799	1123.01	150.758
800	997.442	140.542
801	1094.25	114.522
802	898.499	112.846
803	1181.41	127.649
804	1596.33	234.24
805	787.702	109.049
806	1201.06	141.439
807	1142.63	106.052
808	1283.61	163.461
809	1197.01	129.972
810	993.248	111.108
811	914.417	118.037
812	1039.95	79.5352
813	1444.92	134.081
814	1678.46	246.029
815	966.687	109.104
816	1245.01	118.633
817	1166.45	107.369
818	1535.15	151.23
819	1128.45	117.025
820	1414.64	135.036
821	1373.57	136.173
822	1336.46	151.898
823	1648.2	175.916
824	1587.35	171.844
825	1481.99	147.878
826	1371.37	134.197
827	1380.33	147.178
828	1289.74	148.426
829	991.119	91.4462
830	1480.92	132.455
831	1115.41	135.822
832	1193.34	107.553
833	1206.56	126.057
834	1172.96	113.863
835	1259.36	164.152
836	1596.97	175.068
837	1081.85	127.464
838	1175.33	168.561
839	1060.05	173.543
840	864.781	129.316
841	1462.01	201.338
842	1099.65	138.022
843	1177.94	112.426
844	1072.76	119.31
845	993.073	121.7
846	1270.04	156.8
847	830.682	126.923
848	1219.54	166.619
849	1056.31	102.645
850	1034.15	122.269
851	1204.28	173.31
852	3163.01	315.614
853	911.991	121.26
854	946.986	128.959
855	1001.18	146.148
856	898.875	96.6196
857	963.152	93.6676
858	1171.12	109.103
859	888.351	84.138
860	1171.65	128.382
861	966.042	103.64
862	1184.86	120.983
863	1264.37	129.2
864	1337.01	112.717
865	1367.59	130.754
866	1485.56	136.868
867	1554.96	148.536
868	1265.59	113.995
869	1323.07	151.588
870	1289.45	123.195
871	1242.55	130.947
872	1246.7	149.146
873	1746.52	246.28
874	1219.81	133.882
875	1192.33	118.835
876	1639.56	160.449
877	1451.05	132.325
878	1366.37	129.352
879	1315.33	136.492
880	1444.84	161.859
881	585.335	69.9076
882	1406.77	131.165
883	1446.76	148.422
884	933.421	100.225
885	1158.88	202.549
886	830.635	113.806
887	993.912	156.839
888	932.003	127.782
889	824.882	122.858
890	895.111	132.034
891	1222.85	142.634
892	769.447	82.4257
893	1283.99	173.471
894	680.562	64.9768
895	882.615	134.839
896	1028.85	139.942
897	1145.4	97.5299
898	707.395	100.233
899	1110.24	122.866
900	1000.9	128.831
901	773.267	94.8453
902	1201.8	140.577
903	1082.62	115.695
904	817.373	116.096
905	978.223	102.85
906	783.362	97.528
907	1205.94	174.756
908	980.15	105.269
909	1213.92	127.345
910	1149.56	125.565
911	1081.25	101.951
912	1313.68	133.741
913	1445.16	143.511
914	1531.38	133.124
915	1450.02	140.303
916	1302.18	120.351
917	1342.55	141.037
918	1276.29	119.855
919	1274.91	134.507
920	1345.94	120.245
921	1155.22	103.153
922	1537.06	155.912
923	1497.59	152.698
924	1364.11	136.942
925	1364.2	163.497
926	1386.7	149.95
927	1286.13	128.596
928	1280.62	153.29
929	1502.2	171.879
930	1313.25	141.92
931	1147.92	113.878
932	1617.55	271.497
933	590.215	79.5499
934	602.182	77.5746
935	1426.24	194.448
936	1037.1	220.038
937	823.473	99.9967
938	2709.18	269.368
939	779.996	105.923
940	672.24	76.2496
941	593.675	61.8841
942	1078.48	139.511
943	776.727	109.776
944	1280.55	173.358
945	1079.97	130.506
946	1013.56	114.389
947	971.527	107.863
948	1426.58	183.444
949	933.368	121.693
950	1229.16	153.397
951	1114.76	137.494
952	1020.71	134.252
953	1114.25	120.632
954	1513.39	142.992
955	1092.95	148.228
956	1176.92	123.209
957	1188.32	140.031
958	971.991	117.077
959	479.844	58.0974
960	1496.77	139.744
961	1828.64	155.343
962	1291.32	126.008
963	1211.47	113.717
964	1384.08	145.811
965	1713.07	180.128
966	1215.67	146.326
967	1319.76	133.113
968	1296.1	139.498
969	1635.73	182.112
970	1620.27	165.968
971	1528.72	147.637
972	1435.8	146.743
973	1350.64	150.051
974	1395.96	147.367
975	1611.37	160.611
976	1415.35	155.565
977	1176.82	125.143
978	1540.1	151.696
979	1465.16	146.634
980	3155.86	307.666
981	954.422	126.368
982	1320.19	170.03
983	746.49	83.7553
984	1087.14	139.386
985	792.623	95.2703
986	1085.92	127.838
987	1041.15	149.039
988	1023.15	117.287
989	979.98	103.929
990	1338.95	162.231
991	986.448	107.506
992	1161.81	119.943
993	1295.38	150.397
994	1179.77	109.907
995	742.152	86.2873
996	1038.02	87.9504
997	978.42	94.3498
998	1161.89	118.628
999	995.911	122.553
1000	1376.32	157.006
1001	1281.92	122.599
1002	1545.32	168.193
1003	1332.67	133.521
1004	1286.47	127.916
1005	1362.55	134.596
1006	1438.12	169.964
1007	1632.43	155.923
1008	1424.16	166.907
1009	1267.15	181.525
1010	1563.06	151.695
1011	1226.49	120.202
1012	1330.48	147.331
1013	1435.44	156.863
1014	1424.45	162.848
1015	1422.88	150.238
1016	1473.27	175.286
1017	1565.3	148.906
1018	1618.01	166.728
1019	1875.67	186.291
1020	2666.37	243.642
1021	1016.86	116.685
1022	1017.91	121.805
1023	3383.3	266.083
1024	1208.99	156.84
1025	1225.96	131.983
1026	1143.11	124.292
1027	1188.64	119.427
1028	1283.2	156.246
1029	1049.22	112.405
1030	1163.53	129.612
1031	1051.57	112.162
1032	1100.35	100.691
1033	1059.47	102.373
1034	1635.02	189.915
1035	1173.14	118.05
1036	884.983	91.6755
1037	1204.58	137.645
1038	1210.37	116.382
1039	944.325	102.611
1040	1422.12	110.42
1041	1143	118.311
1042	1760.86	188.577
1043	1470.69	154.892
1044	927.328	92.2563
1045	1183	129.295
1046	1271.06	108.432
1047	1504.13	158.991
1048	2279.43	196.27
1049	1398.47	147.833
1050	1485.49	151.584
1051	1226.43	120.019
1052	1284.87	139.476
1053	1983.38	180.496
1054	1309.1	142.554
1055	1982.3	200.348
1056	1432.44	144.885
1057	1279.78	143.456
1058	1639.8	210.646
1059	1883.85	205.814
1060	3175.36	310.096
1061	787.734	96.8597
1062	1000.74	135.706
1063	1170.52	139.405
1064	889.484	108.949
1065	959.898	110.34
1066	969.176	100.277
1067	1250.39	146.365
1068	1088.51	181.428
1069	1193.03	170.245
1070	1106.62	162.949
1071	1202.22	158.999
1072	1209.43	205.343
1073	1055.96	95.7493
1074	853.957	117.258
1075	1195.07	132.634
1076	1123.06	108.598
1077	1059.93	109.987
1078	902.241	91.221
1079	1127.09	108.761
1080	1985.97	175.968
1081	1547.09	135.521
1082	1163.32	100.879
1083	1164.51	110.984
1084	1381.11	129.369
1085	1327.27	138.657
1086	1233.35	137.59
1087	1424.8	111.08
1088	1152.71	101.724
1089	1062.16	92.3687
1090	1348.3	115.809
1091	1625.32	179.937
1092	1316.83	135.201
1093	1092.66	102.909
1094	1217.98	126.748
1095	1521.63	191.651
1096	1406.73	145.871
1097	1095.05	111.326
1098	1278.56	158.661
1099	1174.02	120.751
1100	819.925	119.398
1101	611.556	88.3826
1102	949.764	156.338
1103	2752.76	246.84
1104	1074.5	123.153
1105	1100.82	172.574
1106	1396.85	177.055
1107	1014.88	117.131
1108	1481.87	176.218
1109	2383.67	227.88
1110	1169.56	128.6
1111	1153.9	175.837
1112	746.487	68.3007
1113	1067.6	106.859
1114	746.565	67.219
1115	1248.49	176.853
1116	776.238	88.4898
1117	910.353	96.0775
1118	1058.94	101.215
1119	915.246	98.7004
1120	1691.49	148.559
1121	1594.08	165.879
1122	1528.88	129.957
1123	1585.04	154.632
1124	1343.96	158.549
1125	1310.43	137.58
1126	1588.47	170.566
1127	1279.95	111.904
1128	1302.89	137.273
1129	1307.21	121.636
1130	1852.43	177.469
1131	1472.94	127.111
1132	1232.17	134.559
1133	1288.99	143.217
1134	1687.94	174.8
1135	1177.62	110.436
1136	1430.44	119.772
1137	1341.4	144.211
1138	1760.25	164.181
1139	1089.99	115.837
1140	893.214	91.8767
1141	1360.56	208.44
1142	1014.86	126.568
1143	1209.8	147.138
1144	704.009	89.2363
1145	1112.79	163.961
1146	797.3	98.6039
1147	1885.07	204.94
1148	910.974	116.623
1149	932.051	124.982
1150	1041.35	118.394
1151	898.341	100.513
1152	980.755	117.558
1153	1072.73	138.522
1154	1160.64	159.052
1155	1151.18	94.8809
1156	1153.99	110.51
1157	1469.28	178.109
1158	1080.62	110.235
1159	1144.13	129.856
1160	1617.8	172.367
1161	1166.56	116.018
1162	1191.51	106.728
1163	1363.76	114.729
1164	1203.54	129.691
1165	1249.35	132.294
1166	1365.26	128.55
1167	1440.98	129.218
1168	1191.83	123.49
1169	1229.69	125.376
1170	1326.88	157.095
1171	1012.64	94.7286
1172	1363.88	127.064
1173	1304.9	145.897
1174	1497.77	155.137
1175	1783.02	169.942
1176	1842.38	171.63
1177	1516.23	161.072
1178	1354.11	169.266
1179	1445.16	146.757
1180	2826.51	260.226
1181	985.603	104.941
1182	1668.58	235.821
1183	846.404	135.316
1184	1016.87	123.403
1185	1005.41	127.271
1186	1223.5	165.91
1187	992.435	109.29
1188	1036.38	126.859
1189	1030.33	124.335
1190	2478.14	316.681
1191	734.097	63.8525
1192	1198.31	146.53
1193	1226.68	140.64
1194	1197.27	145.104
1195	1006.87	110.791
1196	1130.93	126.956
1197	827.22	92.6097
1198	972.247	81.1684
1199	825.737	105.661
1200	1205.32	116.68
1201	1576.54	131.33
1202	1710.96	152.932
1203	1476.15	163.678
1204	1642.45	190.413
1205	1553.52	144.109
1206	1428.62	129.356
1207	1311.56	132.721
1208	1464.48	138.074
1209	1276.9	124.647
1210	1500.58	151.117
1211	1494.28	150.443
1212	1145.65	104.571
1213	1753.5	186.256
1214	1484.46	169.511
1215	1499.77	144.093
1216	1974.59	260.36
1217	1618.27	253.399
1218	1449.3	124.306
1219	1201.77	109.07
1220	2560.81	298.624
1221	1380.23	207.477
1222	1365.04	156.753
1223	1099.5	129.012
1224	1454.07	157.323
1225	806.853	95.7091
1226	1174.43	141.406
1227	2117.18	209.987
1228	1078.6	128.861
1229	1038.34	154.991
1230	1175.07	111.792
1231	1083.52	118.899
1232	1020.38	139.617
1233	921.812	109.105
1234	930.018	99.7065
1235	1110.9	125.161
1236	1299.12	164.805
1237	928.316	121.047
1238	863.411	88.37
1239	866.979	86.9904
1240	1575.29	153.461
1241	1209.6	112.524
1242	1390.37	131.615
1243	1178.49	113.24
1244	1384.04	137.888
1245	1116.28	83.9269
1246	1144.48	105.951
1247	1091.26	129.831
1248	1035.75	98.0007
1249	1776.44	154.59
1250	1279.58	132.988
1251	1443.21	152.875
1252	1372.17	132.645
1253	1487.69	142.026
1254	1332.04	151.964
1255	1337.54	144.497
1256	1456.11	129.96
1257	1551.38	144.828
1258	1604.19	157.872
1259	1564.17	205.335
1260	855.494	124.129
1261	998.93	147.491
1262	849.823	105.972
1263	804.022	98.8738
1264	1105.06	131.505
1265	860.299	106.762
1266	1082.9	109.523
1267	1678.62	206.187
1268	1015.25	117.952
1269	1172.86	119.279
1270	912.991	111.443
1271	1180.14	161.166
1272	1136.63	103.75
1273	925.249	95.6608
1274	999.247	113.117
1275	887.186	87.0631
1276	757.716	70.6648
1277	785.799	78.8094
1278	958.085	121.576
1279	839.034	94.5422
1280	1563.64	137.023
1281	1486.39	166.898
1282	1636.83	147.493
1283	1312.24	120.728
1284	1330.87	129.96
1285	1584.67	156.095
1286	2015.96	204.415
1287	1632.83	168.764
1288	1546.11	127.658
1289	1414.01	158.676
1290	1458.86	114.434
1291	1569.38	167.175
1292	1551.14	150.77
1293	1428.78	139.148
1294	1322.33	156.377
1295	1662.75	152.731
1296	1288.18	159.542
1297	1704.01	207.533
1298	1233.26	148.01
1299	1249.25	129.437
1300	1330.02	169.979
1301	1286.25	138.421
1302	1631.59	201.959
1303	1300.41	150.564
1304	1262.17	176.948
1305	1443.85	287.082
1306	1075.83	135.886
1307	1312.39	151.843
1308	889.771	107.825
1309	1580.35	177.265
1310	1426.78	187.619
1311	889.221	123.363
1312	976.064	119.689
1313	1112.19	145.663
1314	940.422	106.451
1315	906.346	157.691
1316	889.076	96.9418
1317	1047.8	103.534
1318	993.702	101.981
1319	998.222	119.133
1320	709.24	80.1058
1321	959.64	101.988
1322	859.829	124.799
1323	736.603	84.0238
1324	904.88	107.984
1325	848.022	109.628
1326	2763.84	226.267
1327	790.301	68.6827
1328	1367.35	121.342
1329	1299.46	110.349
1330	1489.58	141.322
1331	1472.68	137.923
1332	1759.74	167.914
1333	1394.35	135.347
1334	1535.07	132.938
1335	1490.95	137.976
1336	1309.86	144.207
1337	1188.34	132.823
1338	1326.48	139.658
1339	1179.6	105.517
1340	1662.53	166.338
1341	1430.94	120.374
1342	1669.39	168.55
1343	1429.24	164.816
1344	1144.76	101.409
1345	1502.77	163.379
1346	1494.89	148.663
1347	1364.28	136.755
1348	1288.51	119.666
1349	1779.36	180.105
1350	1424.64	152.063
1351	1444.92	161.844
1352	1533.64	215.462
1353	1200.44	120.178
1354	1137.5	140.174
1355	1404.43	148.652
1356	855.347	107.02
1357	778.67	82.7826
1358	856.244	111.918
1359	752.223	65.8735
1360	860.94	115.532
1361	817.924	129.432
1362	1014.82	114.198
1363	1209.99	154.277
1364	875.589	105.62
1365	739.936	92.6915
1366	970.383	96.1828
1367	709.635	89.0627
1368	787.03	75.2749
1369	586.687	65.895
1370	1023.52	120.215
1371	1100.14	125.391
1372	1008.63	98.8844
1373	1183.09	145.47
1374	1129.63	93.4776
1375	756.052	84.2155
1376	1608.72	152.978
1377	1285.78	117.462
1378	1388.21	123.234
1379	1250.11	141.252
1380	1633.65	155.395
1381	1438.61	119.49
1382	1332.76	120.196
1383	1175.38	108.986
1384	1315.25	130.573
1385	1569.93	144.035
1386	1404.18	132.604
1387	1385.5	130.355
1388	1455.4	149.099
1389	1090.66	111.332
1390	1166.54	141.39
1391	1408.59	145.755
1392	1324.57	139.258
1393	1210.52	112.344
1394	1220.55	124.799
1395	1270.71	135.683
1396	1450.12	183.335
1397	1576.31	146.35
1398	1229.01	135.776
1399	1231.49	130.148
1400	1222.22	146.532
1401	1077.45	108.492
1402	1368.72	130.183
1403	1260.87	143.569
1404	797.106	88.5434
1405	1086.44	143.944
1406	971.239	105.322
1407	776.922	131.845
1408	1004.45	118.75
1409	878.344	98.8768
1410	1331.71	187.861
1411	1268.42	182.798
1412	976.834	203.255
1413	859.635	111.735
1414	814.993	101.971
1415	947.312	114.537
1416	701.589	92.8554
1417	775.706	79.3761
1418	1082.27	105.729
1419	925.436	98.4478
1420	1106.49	193.194
1421	968.535	99.7143
1422	1182.65	124.512
1423	974.491	139.668
1424	1218.61	118.079
1425	1601.44	153.728
1426	1280.56	125.796
1427	1252.42	140.285
1428	1605.47	166.536
1429	1492.57	129.524
1430	1793.86	172.252
1431	1383.04	134.197
1432	1188.99	128.835
1433	1211.93	138.983
1434	1299.79	128.026
1435	1675.63	165.607
1436	1501.47	150.895
1437	1197.11	115.002
1438	1186.96	117.397
1439	1457.82	130.715
1440	1353.15	114.377
1441	1263.82	159.822
1442	1273.23	138.875
1443	1429.38	165.005
1444	1504.44	150.214
1445	1299.81	131.088
1446	1391.67	153.506
1447	1186.51	116.708
1448	1242.8	128.037
1449	1322.38	136.948
1450	1428.85	149.584
1451	1392.09	141.405
1452	2705.03	268.977
1453	977.78	113.968
1454	832.072	107.802
1455	1105.03	136.441
1456	810.337	105.181
1457	1290.3	158.367
1458	949.186	105.926
1459	688.735	76.9286
1460	1289.88	172.677
1461	879.48	130.668
1462	919.321	110.988
1463	585.763	76.6881
1464	855.313	107.441
1465	1729.03	218.864
1466	916.602	101.651
1467	945.851	85.4229
1468	879.473	115.196
1469	956.432	92.0456
1470	1043.33	119.115
1471	766.489	86.7563
1472	1139.65	90.7248
1473	1364.25	129.926
1474	1231.51	127.714
1475	1232.58	126.532
1476	1758.27	152.604
1477	1368.23	144.695
1478	1420.54	124.744
1479	1558.04	134.797
1480	1128.43	116.944
1481	1339.36	173.074
1482	1446.93	124.571
1483	1437.72	132.241
1484	1396.87	122.853
1485	1681.66	161.189
1486	1452	144.561
1487	1543.23	139.261
1488	2211.04	194.163
1489	1558.88	139.438
1490	1233.33	122.728
1491	1206.61	118.976
1492	1585.79	148.5
1493	1176.33	148.043
1494	1213.34	125.578
1495	1299.89	186
1496	1216.94	160.533
1497	1209.97	121.891
1498	673.187	81.9051
1499	1204.17	127.7
1500	1219.05	144.163
1501	903.53	97.6777
1502	1219.68	163.075
1503	1047.86	118.108
1504	1757.63	210.176
1505	1368.76	152.307
1506	1151.31	134.234
1507	827.515	118.816
1508	1236.81	147.532
1509	998.791	124.931
1510	2594.74	258.973
1511	1050.9	143.655
1512	965.17	89.3112
1513	976.577	96.0265
1514	1076.61	129.563
1515	1104.56	155.058
1516	917.14	117.485
1517	1061.93	97.4604
1518	1058	116.755
1519	965.103	95.2067
1520	1397.09	130.74
1521	1669.7	154.755
1522	1454.25	122.341
1523	1373.9	138.463
1524	496.054	44.8079
1525	1318.81	123.016
1526	1335.16	131.878
1527	1563	139.732
1528	1511.45	157.433
1529	1434.77	161.3
1530	1695.56	155.047
1531	1431.13	150.594
1532	1301.67	121.798
1533	1608.95	169.967
1534	1443.47	148.48
1535	1739.74	172.026
1536	1445.58	155.854
1537	1390.65	157.716
1538	1264.55	143.884
1539	1336.67	136.926
1540	1349.14	145.293
1541	1716.33	190.743
1542	1203.69	136.074
1543	1086.9	125.528
1544	1263.63	144.079
1545	1453.77	138.494
1546	1404.94	139.327
1547	1170.91	117.395
1548	1357.92	167.801
1549	1213.43	139.885
1550	1265.39	177.601
1551	1115.81	122.739
1552	1243.87	134.85
1553	1171.87	128.25
1554	1244.87	123.903
1555	1204.78	121.658
1556	1078.84	111.419
1557	854.716	102.134
1558	1066.75	108.722
1559	1185.88	117.951
1560	1090.29	130.422
1561	1287.09	132.613
1562	1013.69	105.715
1563	1141.75	108.599
1564	992.211	97.4044
1565	996.627	158.66
1566	989.699	118.7
1567	1172.7	121.854
1568	1409.44	131.616
1569	1736.88	165.667
1570	1415.16	152.098
1571	1298.72	130.984
1572	1273.64	111.536
1573	1566.47	163.451
1574	1133.82	110.621
1575	1357.9	113.878
1576	1210.87	127.864
1577	1253.99	141.342
1578	1429.59	143.203
1579	1721.26	126.098
1580	1548.75	142.116
1581	1468.87	121.246
1582	1362.26	120.404
1583	1507.69	173.193
1584	1752.68	160.229
1585	1454.11	124.045
1586	1466	132.078
1587	1440.85	121.195
1588	1262.42	128.601
1589	1418.63	176.522
1590	1262.25	135.611
1591	1250.43	176.452
1592	1340.65	184.636
1593	1691.73	191.361
1594	1453.13	143.601
1595	1499.63	156.968
1596	1226.74	134.932
1597	1184.48	130.152
1598	1109.78	123.401
1599	1344.51	154.311
1600	991.841	124.112
1601	1018.07	115.469
1602	1607.17	204.423
1603	1084.49	126.177
1604	1058.46	116.695
1605	1303.52	135.149
1606	1141.41	126.136
1607	1190.51	108.05
1608	1039.13	97.4918
1609	973.847	94.1987
1610	1043.43	134.094
1611	1091.52	117.613
1612	2584.02	205.924
1613	1086.82	124.841
1614	1035.6	117.185
1615	1041.26	110.233
1616	1532.97	149.98
1617	1519	128.849
1618	1534.14	123.399
1619	1571.13	152.24
1620	1753.32	148.344
1621	819.727	83.9088
1622	1658.26	127.317
1623	1712.04	182.012
1624	1312.19	135.502
1625	1282.49	132.586
1626	1489.81	163.225
1627	1345.39	158.74
1628	1583.48	156.063
1629	1299.31	145.43
1630	1383.3	124.458
1631	726.468	69.3508
1632	1131.52	91.2639
1633	1198.54	112.973
1634	1403.97	146.42
1635	1670.66	150.41
1636	1545.69	136.543
1637	1342.35	147.004
1638	1486.35	169.77
1639	1256.87	133.841
1640	1500.23	253.788
1641	1350.5	137.114
1642	1298.86	144.022
1643	1334.57	132.044
1644	1140.29	136.221
1645	949.475	121.568
1646	1135.55	158.829
1647	1373.84	199.461
1648	1115.54	185.912
1649	816.359	87.1712
1650	1208.59	141.071
1651	978.624	99.0652
1652	1150.75	110.341
1653	2939.23	252.313
1654	1148.19	132.065
1655	814.614	95.8516
1656	1071.52	140.983
1657	1198.88	131.324
1658	1079.93	116.039
1659	1217.39	114.853
1660	1198.37	135.525
1661	866.287	89.2198
1662	1264.37	154.141
1663	1049.39	89.8752
1664	1074.6	91.9921
1665	1270.04	111.981
1666	1274.84	113.138
1667	1135.27	89.7126
1668	1280.1	113.831
1669	1161.99	111.375
1670	1296.23	123.894
1671	1500.76	133.764
1672	1415.88	173.307
1673	1187.12	114.694
1674	1678.05	152.303
1675	1497.53	141.832
1676	1284.91	154.677
1677	1571.62	140.061
1678	1401.89	137.304
1679	1482.37	153.628
1680	1766.82	156.909
1681	1433.37	113.781
1682	1273.73	111.51
1683	2089.47	197.883
1684	1354.42	142.696
1685	1525.67	142.847
1686	1615.07	169.795
1687	1447.33	118.513
1688	346.242	40.8964
1689	1416.05	142.24
1690	1238.29	149.207
1691	1321.65	130.258
1692	1215.87	158.474
1693	1212.84	161.686
1694	1253.61	137.058
1695	1233.27	130.201
1696	1135.92	148.088
1697	1197.58	150.739
1698	1055.45	122.947
1699	906.194	102.968
1700	1091.42	126.187
1701	1217.95	147.844
1702	974.732	106.526
1703	999.799	121.665
1704	1097.08	127.609
1705	1087.4	132.058
1706	940.127	106.422
1707	1233.86	146.212
1708	1382.96	131.342
1709	1143.98	100.738
1710	1084.53	107.786
1711	1552.85	165.336
1712	1405.59	142.927
1713	1067.42	92.3419
1714	1381.37	124.207
1715	1281.55	116.17
1716	1556.06	131.647
1717	1301.69	131.907
1718	1487.18	140.177
1719	1520.49	117.022
1720	1641.6	167.971
1721	1577.29	146.137
1722	1811.88	171.56
1723	1435.53	129.655
1724	1305.3	123.667
1725	1265.09	134.122
1726	1710.86	172.76
1727	1389.54	121.402
1728	1302.42	121.802
1729	1606.47	156.362
1730	1382.69	119.493
1731	1390.07	130.666
1732	1453.11	122.07
1733	1618.38	177.766
1734	1554.69	139.812
1735	1059.48	138.943
1736	1291.81	139.892
1737	1457.89	135.815
1738	1482.14	151.245
1739	1574.48	145.934
1740	1024.67	123.102
1741	1110.36	124.886
1742	1500.95	156.946
1743	1176.13	109.562
1744	976.742	116.187
1745	867.693	128.27
1746	815.244	84.3612
1747	970.233	93.9537
1748	1056.63	94.5539
1749	944.088	116.194
1750	1240.87	152.857
1751	959.771	93.3835
1752	1000.31	121.038
1753	909.09	119.367
1754	1107.64	114.376
1755	662.328	89.3332
1756	980.017	113.837
1757	773.185	90.778
1758	1150.01	128.094
1759	888.854	104.247
1760	1193.92	108.526
1761	1130.39	107.78
1762	1360.5	107.744
1763	1517.86	147.878
1764	1430.97	134.32
1765	1814.77	178.648
1766	1440.49	132.626
1767	1342.07	133.549
1768	1183.2	103.724
1769	1207.53	119.667
1770	1623.1	186.653
1771	1219.03	132.505
1772	1233.5	134.562
1773	1309.88	132.287
1774	1348.42	138.817
1775	1522.49	129.211
1776	1081.38	105.292
1777	1389.07	162.445
1778	1498.19	142.086
1779	1365.63	122.913
1780	1514.44	113.431
1781	1422.3	149.648
1782	1527.07	147.489
1783	1605.75	148.743
1784	2667.36	240.984
1785	1441.99	126.043
1786	1281.41	111.089
1787	1338.19	144.61
1788	967.823	100.232
1789	1203.16	146.692
1790	388.127	51.851
1791	1179.81	126.504
1792	1001.93	108.158
1793	1237.33	121.977
1794	869.56	74.1872
1795	1044.8	106.721
1796	1223.18	147.15
1797	1111.82	139.36
1798	1258.02	164.61
1799	489.12	49.189
1800	899.316	105.443
1801	996.006	100.149
1802	1020.29	119.054
1803	1066.1	124.133
1804	1031.93	100.958
1805	983.625	106.719
1806	1048.77	91.8984
1807	1011.95	112.709
1808	1644.22	162.669
1809	1422.97	109.774
1810	1307.46	135.237
1811	1454.94	136.917
1812	1579.12	149.206
1813	1336.26	136.566
1814	1270.41	120.519
1815	1209.18	113.239
1816	1508.15	121.814
1817	1279.84	142.226
1818	1335	127.752
1819	1123.94	127.989
1820	1221.86	114.904
1821	1378.6	123.664
1822	1394.53	150.669
1823	1188.3	130.369
1824	1123.24	122.987
1825	1197.94	103.81
1826	1425.84	179.931
1827	1162.01	102.038
1828	1224.76	121.385
1829	1488.66	127.065
1830	890.368	93.0764
1831	1294.34	113.892
1832	1167.62	96.763
1833	1375.25	123.093
1834	1263.63	140.326
1835	1572.64	154.766
1836	1072.93	97.0378
1837	1030.63	118.649
1838	1020.16	119.969
1839	1011.52	109.659
1840	966.924	95.4038
1841	1014.79	112.696
1842	1136.31	147.532
1843	1000.59	112.155
1844	1360.99	190.149
1845	1004.05	143.266
1846	1162.08	108.318
1847	832.065	91.2174
1848	1154.88	124.12
1849	1058.16	102.623
1850	1431.22	184.985
1851	1006.19	114.371
1852	1202.94	146.594
1853	1138.38	100.023
1854	1129.45	131.891
1855	1079.22	112.233
1856	1453.3	134.836
1857	1185.62	116.199
1858	1414.08	116.82
1859	1446.49	121.956
1860	1312.14	123.663
1861	1316.12	125.694
1862	1025.56	100.815
1863	1226.3	115.467
1864	1708.52	177.923
1865	1221.23	127.271
1866	1225.81	126.013
1867	1249.89	136.823
1868	1278.81	122.92
1869	1698.01	160.349
1870	1442.58	114.744
1871	1244.37	138.139
1872	1135.35	97.6711
1873	1304.54	117.533
1874	982.901	100.36
1875	1197.87	119.568
1876	1305.46	133.085
1877	1540.58	115.475
1878	1256.11	136.598
1879	1972.53	164.286
1880	1584.1	176.457
1881	1373.22	155.76
1882	1281.05	152.738
1883	1342.9	140.649
1884	1523.71	243.325
1885	955.481	85.5006
1886	978.465	100.812
1887	1095.04	119.789
1888	965.407	130.356
1889	802.472	84.9851
1890	897.21	103.978
1891	929.242	109.937
1892	819.872	93.5489
1893	892.238	98.6125
1894	984.418	147.906
1895	820.681	99.2178
1896	1027.52	114.736
1897	848.69	120.765
1898	359.26	41.7967
1899	378.434	52.2395
1900	856.58	108.39
1901	1055.18	114.178
1902	982.099	113.041
1903	2490.59	198.714
1904	1472.56	151.704
1905	1598.33	156.717
1906	1076.47	97.429
1907	1546.15	149.739
1908	1320.54	132.37
1909	1284.42	124.651
1910	1367.77	119.755
1911	1486.74	146.537
1912	1503.32	148.687
1913	1263.78	142.404
1914	1710.57	174.742
1915	1307.43	134.723
1916	1146.87	131.366
1917	1285.13	136.853
1918	1442.43	137.204
1919	1443.57	145.303
1920	1265.09	135.259
1921	1169.24	105.791
1922	1298.87	131.854
1923	1208.41	119.068
1924	1168.49	104.684
1925	964.78	95.1899
1926	1367.41	108.027
1927	781.955	67.5846
1928	1649.07	184.991
1929	1198.49	119.495
1930	1238.83	139.03
1931	1155.73	111.5
1932	771.295	94.9273
1933	889.139	86.2798
1934	1080.36	123.203
1935	821.019	109.047
1936	909.903	88.915
1937	934.418	104.921
1938	992.673	103.249
1939	826.501	101.753
1940	1889.83	163.559
1941	1356.68	167.277
1942	1391.12	253.315
1943	771.117	73.16
1944	1265.18	179.339
1945	1022.24	116.288
1946	806.396	85.5579
1947	963.903	92.6922
1948	1158.84	114.657
1949	871.45	93.7434
1950	1019.2	125.918
1951	878.94	100.778
1952	1243.49	120.756
1953	1308.67	120.092
1954	1241.17	136.855
1955	1798.43	175.453
1956	1618.23	151.363
1957	1597.54	144.653
1958	1363.57	125.187
1959	1507.01	141.723
1960	1310.76	132.76
1961	1569.86	150.406
1962	1485.46	134.304
1963	1379.03	123.855
1964	2003.33	302.138
1965	1431.49	143.889
1966	1627.21	169.603
1967	1194.82	120.124
1968	1885.51	163.063
1969	1552.67	141.82
1970	1118.81	106.742
1971	1413.13	143.247
1972	1286.13	119.799
1973	1486.23	137.365
1974	1231.43	138.005
1975	1495.14	135.699
1976	1477.99	159.31
1977	1207.24	126.862
1978	1258.23	128.732
1979	1251.66	115.135
1980	945.315	118.094
1981	962.906	99.3322
1982	1185.06	112.496
1983	1170.26	127.126
1984	974.699	109.889
1985	884.064	88.6096
1986	3261.37	278.818
1987	2546.5	213.89
1988	889.033	102.263
1989	835.328	94.1539
1990	902.01	106.213
1991	900.122	79.9072
1992	1233.82	141.939
1993	944.203	128.191
1994	865.065	112.128
1995	1044.78	89.7945
1996	1117.09	141.067
1997	1201.16	128.842
1998	853.363	107.343
1999	785.286	83.2738
2000	1195.41	115.002
2001	1161.47	107.513
2002	1191.51	119.914
2003	1317.31	133.282
2004	1638.92	164.922
2005	1330.84	124.129
2006	783.088	100.084
2007	1149.31	85.9062
2008	1304.73	116.848
2009	1466.99	139.068
2010	1349.57	131.259
2011	1276.75	110.283
2012	1284.93	129.937
2013	1007.38	101.437
2014	1365.08	123.751
2015	1370.09	117.085
2016	1019.62	98.3562
2017	1418.18	129.712
2018	1459.67	132.145
2019	1127.09	100.714
2020	1162.29	113.968
2021	1379.08	129.415
2022	1307.85	128.738
2023	1433.27	159.637
2024	1774.71	150.383
2025	1378.25	123.349
2026	1039.85	79.9631
2027	1016.69	111.516
2028	974.427	99.0138
2029	1062.31	104.402
2030	874.742	78.4462
2031	1064.51	105.094
2032	1017.22	115.512
2033	1088.95	114.569
2034	943.148	130.036
2035	1307.41	133.652
2036	984.787	94.9909
2037	1040.49	104.288
2038	999.052	110.542
2039	777.721	102.699
2040	1351.26	169.558
2041	828.796	127.309
2042	1071.66	137.112
2043	1051.17	91.6843
2044	1316.3	165.134
2045	1097.2	137.658
2046	1389.24	173.255
2047	873.925	109.364
2048	1321.3	136.905
2049	1335.59	149.287
2050	1571.31	171.268
2051	1355.35	110.647
2052	1403.17	143.172
2053	1254.33	133.467
2054	1265.66	143.753
2055	1278.45	157.832
2056	1379.49	147.939
2057	1245.6	133.57
2058	1273.21	117.345
2059	1032.11	76.4275
2060	1372.65	139.772
2061	1232.16	131.198
2062	1205.02	121.58
2063	1325.7	133.061
2064	1312.66	130.469
2065	1418.96	152.67
2066	1360.49	118.703
2067	1301.87	136.794
2068	1048.03	102.52
2069	1259.15	140.658
2070	1151.37	105.536
2071	1459.92	120.661
2072	1853.51	159.518
2073	1306.08	131.333
2074	859.887	66.4133
2075	1282.28	118.783
2076	912.885	109.069
2077	900.968	94.8156
2078	916.622	115.996
2079	1254.65	137.992
2080	955.82	124.563
2081	1362.59	189.24
2082	1152.66	106.937
2083	920.929	122.376
2084	992.352	123.301
2085	710.877	92.5817
2086	884.627	97.6474
2087	860.457	100.909
2088	778.969	75.6348
2089	840.359	123.503
2090	1088.95	122.339
2091	1006.97	109.326
2092	952.468	144.402
2093	943.489	119.118
2094	855.203	102.846
2095	662.014	66.559
2096	1093.12	100.748
2097	1348.17	108.694
2098	842.284	98.3913
2099	1371.64	135.24
2100	1379.33	131.133
2101	1182.24	113.014
2102	1329.02	131.635
2103	1332.1	136.336
2104	1322.57	130.769
2105	1175.85	106.133
2106	1391.13	143.247
2107	1408	142.929
2108	1614.66	168.238
2109	1126.53	89.1322
2110	1151.72	96.8817
2111	1203.24	120.127
2112	1333.32	155.676
2113	313.983	27.0321
2114	1220.05	119.513
2115	1215.6	125.292
2116	1449	124.618
2117	1659.87	136.155
2118	881.256	96.8201
2119	1563.78	151.976
2120	1548.75	134.354
2121	1173.48	116.006
2122	1395.53	158.134
2123	1188.57	139.717
2124	1148.93	133.345
2125	1167.6	133.282
2126	956.8	75.7298
2127	1174.55	123.711
2128	689.895	89.5852
2129	1047.7	88.4065
2130	1024.4	86.5904
2131	935.644	107.827
2132	991.419	110.805
2133	944.466	122.902
2134	881.141	99.2303
2135	995.682	99.55
2136	1117.53	131.655
2137	1049.22	107.048
2138	1058.77	147.829
2139	3639.17	324.097
2140	1086.23	113.987
2141	1255.1	144.876
2142	1188.69	166.248
2143	900.759	106.619
2144	1097.73	359.031
2145	1396.65	138.826
2146	1088.02	104.423
2147	1380.23	123.96
2148	1313.41	131.783
2149	1527.22	122.64
2150	1123.89	99.3206
2151	1088.2	104.527
2152	1220.93	114.455
2153	1110.86	100.724
2154	1496.19	136.515
2155	1173.85	109.698
2156	1043.6	99.3254
2157	1308.2	126.575
2158	1367.59	145.304
2159	974.304	87.8355
2160	1434.81	120.823
2161	874.013	123.653
2162	1073.59	96.5702
2163	1002.09	89.7978
2164	1278.58	137.882
2165	1221.25	128.842
2166	1305.25	119.344
2167	1243.4	130.242
2168	1204.92	122.999
2169	1950.24	184.921
2170	1196.16	125.958
2171	1290.51	104.772
2172	1469.74	214.448
2173	1085.98	114.857
2174	662.275	71.5172
2175	930.43	115.84
2176	1015.13	118.098
2177	1181.13	166.257
2178	782.406	74.2292
2179	759.879	79.7254
2180	932.516	108.665
2181	997.062	121.227
2182	1153.17	120.763
2183	943.247	123.33
2184	1176.37	143.566
2185	1080.39	114.853
2186	1527.34	205.343
2187	903.58	105.017
2188	1020.74	130.564
2189	623.064	108.761
2190	2996.98	270.762
2191	762.508	84.4421
2192	1150.07	110.437
2193	1391.98	132.94
2194	1192.45	112.435
2195	1249.6	130.317
2196	1066.69	89.3671
2197	1422.97	124.849
2198	1201.46	129.278
2199	1269.94	113.131
2200	2491.11	226.651
2201	1579.98	138.95
2202	1175.29	101.251
2203	1125.23	89.66
2204	1184.47	109.503
2205	1300.99	126.298
2206	1174.74	124.193
2207	1195.06	121.897
2208	1008.02	101.318
2209	1173.67	118.138
2210	1409.65	140.654
2211	1132.86	87.3945
2212	1519.22	163.677
2213	1487.79	137.852
2214	1048.17	107.025
2215	1409.37	130.806
2216	1435.86	170.494
2217	1503.66	156.314
2218	1196.42	114.923
2219	1020.85	94.671
2220	1189.71	121.857
2221	554.306	74.1369
2222	2287.69	185.933
2223	2639.3	212.789
2224	932.983	116.984
2225	931.45	124.057
2226	681.611	64.4908
2227	1228.26	165.24
2228	789.088	107.757
2229	1238.11	147.896
2230	932.366	103.969
2231	856.405	138.273
2232	1199.87	129.841
2233	1194.89	154.882
2234	988.754	115.057
2235	1027.47	125.538
2236	823.487	91.7465
2237	960.118	115.783
2238	953.648	123.154
2239	749.41	77.9044
2360	1077.62	83.7742
2361	629.016	52.4892
2362	1762.76	147.294
2363	911.973	73.7373
2364	1142.24	89.0548
2365	1335.4	110.144
2366	1193.8	90.3446
2367	1030.77	86.5624
2368	1437.49	129.611
2369	1134	88.1617
2370	1413.91	120.996
2371	1073.28	87.635
2372	1392.91	112.676
2373	1792.93	153.586
2374	1684.17	129.302
2375	1425.06	115.485
2376	1458.69	121.242
2377	1407.45	118.263
2378	1617.64	132.361
2379	1246.91	95.0688
2380	1576.37	127.591
2381	1336.98	102.52
2382	1138.35	84.0193
2383	1054.31	95.2385
2384	1178.15	93.7325
2385	1373.67	98.3865
2386	1718.51	121.382
2387	1454.03	108.792
2388	1489.59	113.741
2389	1575.03	128.513
2390	863.393	66.8083
2391	1472.41	121.869
2392	1600.03	134.619
2393	1390.31	115.477
2394	1537.51	108.726
2395	1147.8	87.7972
2396	1438.7	102.193
2397	1951.09	137.537
2398	1572.48	130.506
2399	958.168	71.8954
2400	1219.87	107.168
2401	977.596	82.6329
2402	1298.12	101.233
2403	1277.44	95.9519
2404	1442.36	114.616
2405	1617.2	143.957
2406	1401.9	101.224
2407	1312.23	97.5478
2408	1336.38	106.688
2409	1389.92	108.003
2410	1452.34	121.297
2411	986.379	90.8676
2412	1499.61	132.364
2413	1155.32	96.0082
2414	1842.06	129.906
2415	1804.48	117.918
2416	1136.57	87.4215
2417	1943.82	147.696
2418	1669.23	111.026
2419	1770.78	127.881
2420	1514.5	110.248
2421	1272.83	101.737
2422	2155.97	153.598
2423	1186.74	91.4879
2424	1495.58	120.347
2425	1512.33	118.559
2426	1566.38	125.217
2427	1474.75	109.703
2428	2114.04	155.334
2429	1959.74	150.836
2430	1136.62	95.5256
2431	1169.89	87.2934
2432	1467.82	112.346
2433	1328.8	100.166
2434	1176.84	107.592
2435	1539.28	119.571
2436	1373.45	108.467
2437	1651.63	129.433
2438	1317.41	98.1424
2439	1196.24	96.8017
2440	1673.76	129.681
2441	1260.39	96.3399
2442	1406.53	109.04
2443	1437.43	116.031
2444	1154.58	91.3993
2445	1046.92	82.0491
2446	1505.16	116.783
2447	819.468	75.8639
2448	889.86	73.3679
2449	1428.91	102.304
2450	770.979	65.7603
2451	1325.97	105.56
2452	1639.57	124.789
2453	1314.94	86.8785
2454	1247.38	101.87
2455	27.7368	3.25579
2456	1892.59	136.513
2457	1951.24	178.425
2458	1279.42	112.179
2459	1009.14	75.6293
2460	891.351	75.6186
2461	1361.58	104.939
2462	1132.41	85.8889
2463	1241.27	88.0518
2464	1315.01	92.7249
2465	1226.69	90.0264
2466	1234.47	105.356
2467	991.686	82.9837
2468	1020.05	75.7113
2469	1471.16	108.534
2470	941.037	88.1491
2471	1155.87	91.8658
2472	1771.7	136.256
2473	1840.71	135.757
2474	2112.64	166.082
2475	1601.95	130.663
2476	1619.63	130.864
2477	896.989	65.915
2478	1465.05	110.276
2479	1520.23	103.28
2480	1065.11	75.533
2481	1152.42	92.149
2482	1265.01	105.426
2483	1401.24	121.743
2484	1078.81	95.982
2485	1153.38	91.3567
2486	1122.21	84.4336
2487	1675.23	134.077
2488	1412.35	107.805
2489	1047.2	77.2083
2490	1162.2	88.2149
2491	1608.32	117.648
2492	855.005	78.4919
2493	1696.28	130.872
2494	1674.36	138.695
2495	1227.94	113.342
2496	1217.27	103.731
2497	973.432	88.2785
2498	1448.13	121.007
2499	1340.99	105.086
2500	1798.87	126.684
2501	1570.96	124.509
2502	942.528	76.168
2503	1690.82	137.895
2504	1260.73	101.917
2505	1373.75	103.872
2506	1143.93	88.5085
2507	1708.21	141.966
2508	1320.86	99.8217
2509	1318.14	105.695
2510	1374.52	99.8501
2511	1063.41	85.6365
2512	1268.07	89.8636
2513	1133.64	80.0716
2514	908.92	73.2365
2515	1168.08	96.5928
2516	1577.63	121.023
2517	1091.57	91.7695
2518	975.697	78.7067
2519	1134.35	100.257
2520	1088.54	95.1675
2521	1501.07	130.526
2522	1793.76	145.486
2523	933.173	77.3019
2524	1584.12	133.785
2525	1192.82	97.117
2526	1231.29	103.562
2527	1069.47	97.1226
2528	1188.75	94.759
2529	1410.18	124.177
2530	1373.06	118.051
2531	1431.77	112.388
2532	1146.83	86.1286
2533	1193.64	81.7532
2534	1287.21	95.2377
2535	1376.13	95.6495
2536	1076.94	76.0276
2537	926.669	66.4025
2538	1222.53	94.5587
2539	670.75	53.5024
2540	2002.09	161.074
2541	1569.76	131.956
2542	1372.04	124.98
2543	1094.2	89.1433
2544	1380.4	128.594
2545	1451.03	112.694
2546	1323.48	105.883
2547	1564.5	113.174
2548	1162.28	92.4032
2549	1478.59	100.889
2550	583.145	52.726
2551	1808.96	129.654
2552	1221.38	98.1828
2553	996.057	79.5466
2554	1222.76	100.729
2555	1073.16	91.8888
2556	1616.83	122.548
2557	1110.14	91.8421
2558	1711.77	104.776
2559	1733.92	123.344
2560	1103.87	92.2102
2561	1092.5	89.9789
2562	1446.62	115.896
2563	1978.61	149.418
2564	1188.26	93.5247
2565	1326.25	105.902
2566	1124.19	96.6881
2567	2061.9	157.581
2568	1155.27	92.8458
2569	1831.15	129.894
2570	1212.47	91.3636
2571	1252.25	97.7146
2572	925.594	81.1398
2573	1390.07	109.015
2574	1255.26	93.0931
2575	1392.95	108.48
2576	1301.55	108.53
2577	1274.84	97.6115
2578	988.037	90.2317
2579	842.474	67.6573
2580	1892.95	140.332
2581	913.748	74.1483
2582	1827	125.361
2583	1473.42	125.661
2584	1180.53	92.0033
2585	1184.62	112.549
2586	1080.67	91.1145
2587	865.076	68.8137
2588	1003.03	87.2987
2589	1366.8	109.305
2590	974.526	78.2539
2591	1079.21	86.3065
2592	1329.94	105.704
2593	1104.08	82.9576
2594	1543.7	135.331
2595	1379.35	111.8
