0	-1.39061
1	-0.132905
2	-2.94879
3	-2.77521
4	-1.91995
5	-1.45085
6	-5.29403
7	-1.34605
8	-2.21374
9	-6.83571
10	-2.91919
11	-7.61435
12	-2.62461
13	-1.06351
14	-0.800901
15	-2.52664
16	0.807693
17	-3.13796
18	-3.91442
19	-1.48376
20	0.603679
21	-4.11752
22	-1.98452
23	0.00834577
24	-4.26921
25	-5.02192
26	-3.75818
27	-5.31607
28	-3.10876
29	-5.73482
30	-3.56084
31	-3.42807
32	-10.3625
33	-8.67679
34	-6.68511
35	-7.6447
36	-5.7771
37	-5.44004
38	-5.6543
39	-2.74456
40	-6.81042
41	-5.59772
42	-5.42403
43	-7.61393
44	-12.088
45	-6.90982
46	-4.55626
47	-5.58124
48	1.69649
49	0.664576
50	-3.84375
51	-2.42511
52	1.53909
53	-1.52615
54	-0.00974424
55	-0.781516
56	-0.505116
57	-1.43906
58	-2.57709
59	0.502338
60	2.49536
61	-0.288685
62	0.509794
63	-1.82143
64	-1.55295
65	-1.73784
66	-1.55472
67	-1.13658
68	1.18949
69	-1.56316
70	-2.76301
71	-1.0561
72	-2.02098
73	-4.44299
74	-6.01801
75	-4.72343
76	-2.72898
77	-3.22688
78	-3.20718
79	-4.01431
80	-7.09306
81	-6.96212
82	-6.37323
83	-6.67607
84	-4.67245
85	-2.53323
86	-3.0617
87	-3.07884
88	-4.77316
89	-5.34853
90	-4.73711
91	-4.80762
92	-8.41223
93	-7.76683
94	-6.41042
95	-9.43531
96	6.16235
97	4.48786
98	-0.751817
99	-0.394333
100	1.43671
101	1.1214
102	0.58005
103	1.50191
104	-0.786183
105	-2.76598
106	1.10186
107	-0.656162
108	1.28976
109	1.08867
110	1.98391
111	2.03185
112	-2.79454
113	-2.77669
114	-3.1327
115	-0.928031
116	-1.59758
117	-1.74085
118	-3.33236
119	-1.08559
120	-5.24851
121	-4.57159
122	-6.27195
123	-4.61952
124	-1.89498
125	-3.51495
126	-3.77362
127	-1.83934
128	-6.04411
129	-3.18863
130	-4.78663
131	-3.12198
132	-0.925953
133	-3.10636
134	-0.735248
135	2.03958
136	-3.26597
137	-4.40129
138	-4.05278
139	-2.43065
140	-5.34879
141	-7.64111
142	-6.02409
143	-8.14266
144	2.64756
145	1.18429
146	-2.65334
147	-1.49753
148	0.732433
149	1.06665
150	1.22751
151	0.994423
152	-4.5847
153	-1.45633
154	-0.721751
155	0.651773
156	0.790833
157	3.51727
158	1.43693
159	1.30669
160	1.7016
161	1.29941
162	-0.249199
163	-2.38737
164	-0.104905
165	-1.28379
166	-3.7368
167	-1.87779
168	-1.71042
169	-4.30114
170	-8.15652
171	-7.68748
172	-2.22372
173	-2.71473
174	-0.771756
175	-4.73412
176	-2.86706
177	-4.7757
178	-1.96589
179	-3.99458
180	-0.697499
181	0.0352801
182	-3.26161
183	-2.08073
184	0.497153
185	-4.42709
186	-3.72415
187	0.538657
188	-6.73613
189	-3.18857
190	-5.97476
191	-8.93279
192	4.16482
193	3.95353
194	-1.57289
195	-0.902546
196	0.378723
197	0.329901
198	-0.776737
199	2.06048
200	-1.02012
201	0.841276
202	-0.708573
203	-3.4812
204	1.73814
205	0.275935
206	0.133595
207	2.44009
208	0.446044
209	-0.844767
210	-20.8755
211	0.280145
212	0.229614
213	-1.31806
214	-4.32146
215	-3.16074
216	-4.3736
217	-4.69069
218	-2.46074
219	-4.90986
220	-1.81186
221	-5.18907
222	-1.84091
223	-0.421654
224	-4.03521
225	-3.11771
226	-6.49619
227	-4.05434
228	-2.47104
229	-1.18382
230	-2.94091
231	-2.70484
232	-0.162457
233	-2.13022
234	-1.97336
235	0.671057
236	-6.30296
237	-5.15588
238	-8.24819
239	-10.5237
240	2.28473
241	4.70536
242	-0.400305
243	-1.4121
244	-0.848333
245	-1.95318
246	0.386713
247	-0.161614
248	1.90676
249	-0.691145
250	-0.287663
251	-0.205664
252	2.26342
253	1.27877
254	2.42524
255	-0.346323
256	0.237284
257	0.848928
258	-0.58922
259	-1.28209
260	0.790833
261	-2.45641
262	-5.81986
263	-4.00753
264	-3.17716
265	-2.86478
266	-4.0104
267	-7.51577
268	-0.477665
269	-1.38404
270	-2.52816
271	-1.55178
272	-4.63227
273	-2.50182
274	-0.453003
275	-1.62277
276	-0.775098
277	-1.98195
278	-0.673189
279	-0.961521
280	0.156442
281	0.591547
282	-0.441888
283	-0.139592
284	-4.58252
285	-0.379742
286	-9.11211
287	-6.80891
288	4.64395
289	3.46744
290	0.081688
291	-0.168266
292	-0.992622
293	1.3596
294	-1.5935
295	3.52479
296	-0.646903
297	0.498474
298	-1.79136
299	-1.11207
300	0.792027
301	4.12795
302	2.31751
303	1.0287
304	1.29207
305	-0.236861
306	-3.1975
307	-0.540275
308	-5.71683
309	-10.1048
310	-7.55952
311	-8.81075
312	-3.6138
313	-3.62315
314	-3.55995
315	-3.4197
316	-1.74412
317	1.98001
318	-2.83399
319	-0.444034
320	-4.67356
321	-5.95506
322	-7.42472
323	-5.9961
324	-5.02727
325	-1.77946
326	-3.45604
327	-7.23361
328	-2.83103
329	-5.88638
330	-5.59121
331	-1.50679
332	-8.86004
333	-7.91611
334	-3.31043
335	-4.72095
336	5.44243
337	3.73184
338	0.738478
339	2.68032
340	2.84582
341	0.130819
342	2.62031
343	2.24225
344	-0.986479
345	-0.272765
346	1.30565
347	-0.32598
348	2.55994
349	0.128624
350	2.63781
351	1.60148
352	-1.00611
353	0.607742
354	1.85987
355	0.537195
356	-2.94088
357	-4.55719
358	-5.85317
359	-9.99691
360	-0.554932
361	-5.11446
362	-3.24165
363	-0.48999
364	-3.11719
365	-1.88729
366	-2.52975
367	-2.18622
368	-3.7967
369	-4.06064
370	-2.03116
371	-5.91897
372	0.468299
373	1.38422
374	-0.929767
375	3.66886
376	-1.31378
377	2.06028
378	-0.509621
379	-1.25766
380	-3.80089
381	-6.01511
382	-8.22979
383	-7.3366
384	-2.06447
385	-2.9743
386	4.34828
387	0.632499
388	-4.25551
389	-5.42362
390	-6.4734
391	-4.24681
392	1.527
393	2.08292
394	-0.410691
395	0.812733
396	-5.84729
397	-3.90941
398	-5.48394
399	-2.55374
400	-0.582476
401	-1.363
402	2.26571
403	-1.47451
404	-5.90882
405	-6.58608
406	-7.5937
407	-7.94571
408	0.938763
409	-3.13731
410	0.20148
411	-3.59666
412	-6.36636
413	-7.99439
414	-4.91777
415	-8.00888
416	-3.11668
417	-4.13282
418	-3.37886
419	-2.67472
420	-6.01984
421	-8.02454
422	-7.07151
423	-4.4892
424	-12.5942
425	-13.1786
426	-12.7919
427	-12.9566
428	-10.7461
429	-9.10336
430	-14.5526
431	-13.3447
432	-3.78561
433	-3.42662
434	1.22229
435	-1.20141
436	-3.5608
437	-7.21945
438	-2.69168
439	-5.72324
440	1.31309
441	0.240124
442	0.159539
443	1.82041
444	-0.712036
445	-3.83979
446	-3.04632
447	-4.37281
448	1.03639
449	-0.748212
450	2.24688
451	-2.50117
452	-0.705883
453	-7.04599
454	-8.64169
455	-7.93101
456	-1.01894
457	-1.67419
458	-3.49514
459	-3.39982
460	-6.3733
461	-5.90857
462	-5.10265
463	-8.56083
464	-3.2967
465	-3.19533
466	-5.81874
467	-3.99372
468	-5.20983
469	-4.9649
470	-7.33776
471	-5.01554
472	-11.8698
473	-13.8562
474	-13.5022
475	-12.9573
476	-13.7594
477	-13.0565
478	-13.4419
479	-13.082
480	3.93336
481	1.16962
482	0.278635
483	2.05304
484	-6.07184
485	-4.32857
486	-4.40738
487	-4.62932
488	1.97088
489	2.38887
490	1.14554
491	-0.162538
492	-2.9771
493	-2.42331
494	-1.96852
495	-4.25799
496	0.674594
497	1.0296
498	-0.223198
499	0.042101
500	-1.13072
501	-7.13135
502	-7.12107
503	-6.57691
504	-1.00945
505	-0.897828
506	-4.18955
507	-1.48388
508	-6.20477
509	-8.39252
510	-6.26628
511	-5.78567
512	-3.34403
513	-4.75618
514	0.250283
515	-3.6829
516	-4.97872
517	-6.32488
518	-6.75697
519	-5.89924
520	-11.8884
521	-14.4674
522	-9.41945
523	-10.926
524	-10.3957
525	-11.6888
526	-11.2758
527	-8.9247
528	2.82739
529	1.84967
530	-1.92598
531	-1.88722
532	-3.1707
533	-2.04135
534	-3.78464
535	-5.80523
536	-1.44886
537	-1.2625
538	1.02595
539	-0.26631
540	-5.78206
541	-5.97791
542	-7.03611
543	-2.08968
544	3.22169
545	2.28578
546	-2.69585
547	-0.443878
548	-5.56094
549	-7.54327
550	-9.07271
551	-9.72812
552	-0.556003
553	1.39204
554	-0.521816
555	0.865432
556	-5.57929
557	-5.63986
558	-5.07932
559	-5.41353
560	-3.78865
561	-0.713824
562	-2.25224
563	-0.14274
564	-6.46305
565	-4.06563
566	-6.51795
567	-5.52283
568	-11.3795
569	-11.8655
570	-10.5489
571	-10.8357
572	-6.67199
573	-6.74544
574	-11.3011
575	-11.8253
576	0.406244
577	0.388362
578	2.30218
579	2.13989
580	-3.2628
581	-2.45477
582	-2.19545
583	-1.53115
584	2.1885
585	1.16657
586	1.98783
587	0.672302
588	-5.93921
589	-4.4672
590	-0.634059
591	-3.15388
592	2.33149
593	-1.94488
594	0.786868
595	0.805789
596	-3.96174
597	-6.97352
598	-5.75987
599	-6.24644
600	1.12427
601	-0.834497
602	-0.0662121
603	1.01701
604	-6.61602
605	-3.9452
606	-4.89595
607	-5.54034
608	-2.43822
609	-4.1941
610	-1.80591
611	-1.27486
612	-5.19437
613	-6.2099
614	-5.83149
615	-5.44178
616	-10.9546
617	-11.998
618	-10.1912
619	-9.33447
620	-11.074
621	-9.42869
622	-13.347
623	-11.7418
624	2.36289
625	2.67004
626	3.94475
627	1.98958
628	-1.73021
629	-0.348202
630	-1.55932
631	-4.59085
632	2.70314
633	4.02377
634	0.367981
635	0.514063
636	-2.39701
637	-0.00367935
638	-2.02867
639	-0.110135
640	2.34643
641	1.49251
642	1.80076
643	1.71772
644	-0.782736
645	-5.43929
646	-4.60761
647	1.86821
648	-9.63213
649	-8.82392
650	-10.8602
651	-11.6626
652	-6.1548
653	-8.35738
654	-5.12882
655	-5.39905
656	-2.89217
657	-2.52924
658	-2.49086
659	-3.96479
660	-6.86831
661	-4.98313
662	-6.40715
663	-5.1774
664	-10.6609
665	-8.27924
666	-9.43922
667	-9.80727
668	-9.91239
669	-10.2808
670	-8.333
671	-7.8629
672	3.20581
673	1.55476
674	1.27198
675	1.36011
676	-1.51494
677	-3.84685
678	-2.1251
679	-4.40791
680	2.13679
681	3.88888
682	4.43095
683	2.87422
684	-4.95405
685	-5.53413
686	-3.2884
687	-6.21758
688	2.94662
689	-1.65016
690	0.394922
691	1.2309
692	0.0400731
693	-2.76381
694	3.22821
695	-6.88724
696	-8.46077
697	-9.23761
698	-10.2039
699	-8.69662
700	-6.71681
701	-4.3624
702	-6.59493
703	-4.70789
704	-2.59916
705	-3.95657
706	0.277798
707	-1.4571
708	-6.5769
709	-4.27385
710	-3.82151
711	-6.28672
712	-11.8599
713	-8.23465
714	-10.6715
715	-11.6982
716	-8.4932
717	-8.24148
718	-11.2393
719	-10.9858
720	-3.65917
721	-4.33472
722	1.13304
723	2.65242
724	-2.60374
725	-3.19058
726	-3.8907
727	-2.77306
728	2.98511
729	1.61821
730	0.134574
731	2.79086
732	-5.25777
733	-7.14623
734	-5.73972
735	-4.36693
736	1.05285
737	0.826338
738	-2.48817
739	-2.88383
740	-2.01158
741	-2.06953
742	-4.61297
743	3.54119
744	-7.32252
745	-6.56369
746	-10.1446
747	-7.98585
748	-3.32458
749	-3.97617
750	-6.25085
751	-3.8147
752	-3.16417
753	-2.9707
754	-5.09886
755	-1.2287
756	-7.27143
757	-5.76949
758	-10.2154
759	-9.44139
760	-11.9148
761	-8.61085
762	-10.0003
763	-10.9899
764	-7.16682
765	-10.2434
766	-7.51169
767	-10.6546
768	-3.11441
769	-4.98619
770	-3.23829
771	-4.29593
772	-2.39495
773	-0.870474
774	-3.29428
775	-0.658818
776	-4.94039
777	-3.23503
778	-6.12362
779	-4.05597
780	-3.99133
781	-1.30707
782	-4.78026
783	-6.19889
784	-4.87765
785	-6.2903
786	-3.07618
787	-2.84685
788	-1.18829
789	-3.41189
790	-3.16639
791	-4.49763
792	-8.8728
793	-8.5368
794	-9.03314
795	-10.8584
796	-5.34236
797	-4.42587
798	-8.41934
799	-6.22497
800	-8.10174
801	-8.49766
802	-9.39973
803	-8.10391
804	-9.62142
805	-9.16127
806	-7.11708
807	-5.09235
808	-13.8629
809	-12.2632
810	-9.41012
811	-9.00907
812	-13.4269
813	-14.2996
814	-18.1143
815	-13.3549
816	-5.52614
817	-3.03335
818	-5.78395
819	-4.21557
820	-1.56814
821	-1.60055
822	-1.46736
823	-1.72504
824	-6.45764
825	-4.77684
826	-4.99018
827	-7.11926
828	-2.44381
829	-3.7067
830	-3.77872
831	-4.13299
832	-1.02972
833	-6.79745
834	-3.82479
835	-5.32733
836	-2.91798
837	-3.6785
838	-5.38491
839	-4.01669
840	-6.4781
841	-7.01878
842	-10.7885
843	-8.16577
844	-5.11558
845	-4.19329
846	-6.05986
847	-8.2962
848	-7.99802
849	-7.56831
850	-7.8727
851	-6.84422
852	-2.1195
853	-7.79453
854	-6.8717
855	-5.28057
856	-12.4325
857	-11.7411
858	-8.66172
859	-10.0709
860	-22.2786
861	-15.6167
862	-15.4213
863	-13.3887
864	-4.02958
865	-4.1971
866	-3.90966
867	-2.58348
868	-2.3619
869	-4.15092
870	-1.36201
871	-1.7259
872	-5.13202
873	-6.44574
874	-5.4433
875	-5.49987
876	-7.05769
877	-2.10388
878	-5.92203
879	-5.71279
880	-4.15098
881	-7.60847
882	-1.98633
883	-5.67863
884	-3.93119
885	-5.51183
886	-5.38784
887	-2.65332
888	-6.23525
889	-7.43201
890	-12.2639
891	-11.0262
892	-6.28738
893	-7.49345
894	-5.54323
895	-10.3034
896	-9.00858
897	-8.84289
898	-8.4976
899	-6.50404
900	-5.00718
901	-5.93928
902	-5.28044
903	-5.46264
904	-12.2677
905	-12.3868
906	-9.73792
907	-9.56462
908	-11.3457
909	-12.5348
910	-16.2014
911	-15.1352
912	-3.00849
913	-2.77766
914	-5.17011
915	-3.05726
916	-0.62403
917	-2.13546
918	-1.5369
919	-1.04119
920	-5.08412
921	-4.00677
922	-2.54531
923	-0.931286
924	-0.606456
925	-1.47568
926	-0.90376
927	-0.949305
928	0.263441
929	-2.82593
930	-3.50694
931	-7.12792
932	-4.18554
933	-3.62925
934	-2.47096
935	-4.83472
936	-6.79811
937	-5.45848
938	-8.9617
939	-9.13611
940	-5.52827
941	-5.49251
942	-6.99129
943	-4.29861
944	-7.89365
945	-5.70356
946	-5.51429
947	-5.89655
948	-4.82612
949	-5.43456
950	-4.00062
951	-5.58538
952	-10.0324
953	-11.2514
954	-8.53959
955	-6.83528
956	-11.5273
957	-13.866
958	-13.34
959	-13.5771
960	-4.10766
961	-5.46051
962	-3.81279
963	-3.78383
964	-0.327444
965	0.149552
966	-3.69703
967	-2.24482
968	-2.05543
969	-2.12329
970	-2.46446
971	-4.01097
972	-7.0657
973	-2.35942
974	-4.45209
975	-5.14345
976	-4.06046
977	-5.37584
978	-5.97424
979	-6.06002
980	-3.53318
981	-6.57276
982	-6.446
983	-4.4591
984	-9.04099
985	-7.8455
986	-5.19273
987	-7.24063
988	-3.38156
989	-1.82928
990	-5.83798
991	-5.19245
992	-11.6247
993	-11.4182
994	-7.54483
995	-9.12326
996	-9.18445
997	-11.5438
998	-12.3473
999	-14.1754
1000	-3.99549
1001	-1.59967
1002	-0.148144
1003	-1.53978
1004	-1.48252
1005	0.989355
1006	0.46088
1007	1.91588
1008	-1.90302
1009	-2.61954
1010	-1.15322
1011	-2.19991
1012	0.753819
1013	-1.67745
1014	-3.22838
1015	-6.02272
1016	-1.83301
1017	-2.35089
1018	-3.81548
1019	-2.99151
1020	-1.69509
1021	-3.38318
1022	-4.77858
1023	-3.37207
1024	-5.59097
1025	-5.63024
1026	-7.14292
1027	-6.13365
1028	-5.54123
1029	-4.52261
1030	-2.30864
1031	-5.65519
1032	-11.9192
1033	-11.0559
1034	-9.24443
1035	-6.18626
1036	-10.4303
1037	-12.4469
1038	-14.1476
1039	-15.2619
1040	-1.78749
1041	-2.49233
1042	-0.00335362
1043	-1.75064
1044	-5.30658
1045	-5.34396
1046	-1.08137
1047	-0.18842
1048	-2.69832
1049	-3.02606
1050	-2.62136
1051	-2.31486
1052	-2.85303
1053	-0.136286
1054	-1.41568
1055	0.508569
1056	-2.2873
1057	-5.13925
1058	-1.00475
1059	-3.68827
1060	-1.8149
1061	-4.74049
1062	-5.67645
1063	-4.18898
1064	-6.77227
1065	-6.1705
1066	-4.10786
1067	-6.7722
1068	-3.94316
1069	-5.25965
1070	-5.92689
1071	-4.53924
1072	-10.3939
1073	-9.36292
1074	-9.5085
1075	-6.73327
1076	-9.88623
1077	-8.7944
1078	-13.13
1079	-11.8522
1080	1.76936
1081	0.26177
1082	-2.27797
1083	-1.65132
1084	2.20088
1085	-0.638113
1086	-3.08118
1087	-0.198287
1088	-3.55993
1089	-2.764
1090	-2.87948
1091	-1.75686
1092	-0.735582
1093	0.365215
1094	-2.11198
1095	-1.56384
1096	-2.36428
1097	-3.71431
1098	-3.33904
1099	-5.71615
1100	-2.62751
1101	-4.6796
1102	-7.3349
1103	-3.77132
1104	-9.40119
1105	-7.76823
1106	-4.14825
1107	-7.00272
1108	-4.94987
1109	-3.41028
1110	-4.36026
1111	-7.04108
1112	-11.0131
1113	-10.4402
1114	-7.16391
1115	-7.62875
1116	-7.18064
1117	-10.2556
1118	-14.078
1119	-12.9235
1120	1.00089
1121	1.00987
1122	2.63747
1123	-0.22709
1124	5.05012
1125	3.6739
1126	-0.59289
1127	-1.27546
1128	-3.37297
1129	-0.747801
1130	-2.93402
1131	-2.40348
1132	1.34958
1133	1.92116
1134	2.8316
1135	0.216596
1136	-0.762441
1137	-1.18249
1138	-2.35847
1139	-3.34265
1140	-2.72923
1141	-2.133
1142	-1.21071
1143	-2.24823
1144	-3.57543
1145	-5.69653
1146	-5.25828
1147	-2.80647
1148	0.56806
1149	-2.34826
1150	-4.88513
1151	-4.70693
1152	-3.70494
1153	-7.43761
1154	-2.8853
1155	-1.27369
1156	-3.216
1157	-5.75761
1158	1.98781
1159	0.192381
1160	0.900154
1161	1.28795
1162	-0.833544
1163	-1.403
1164	1.06866
1165	-0.189064
1166	-1.00589
1167	-1.23811
1168	-1.52352
1169	-2.98164
1170	-1.5095
1171	-3.19391
1172	1.26143
1173	2.77261
1174	3.59721
1175	2.95702
1176	-1.38932
1177	-0.659031
1178	-0.816125
1179	-2.78483
1180	1.14939
1181	-2.92313
1182	-4.82404
1183	-3.61506
1184	-3.53257
1185	-5.36835
1186	-4.40322
1187	-4.23899
1188	-2.44889
1189	-1.18227
1190	1.74242
1191	-1.47076
1192	-2.51088
1193	-3.37175
1194	-5.32902
1195	-2.22436
1196	2.15769
1197	-0.64199
1198	-1.13525
1199	1.45662
1200	-1.21356
1201	0.216785
1202	-1.93965
1203	-0.0432015
1204	3.32314
1205	1.51723
1206	-1.10804
1207	-1.19391
1208	-1.25215
1209	-2.19153
1210	-3.62649
1211	-2.5109
1212	-1.35089
1213	1.47899
1214	1.1335
1215	0.165215
1216	-0.712159
1217	-1.23956
1218	-3.82881
1219	-3.43027
1220	-4.22981
1221	-7.80779
1222	-2.30784
1223	-2.46318
1224	-3.57313
1225	-5.77378
1226	-6.29805
1227	-3.87777
1228	-1.35108
1229	-0.783175
1230	-1.04276
1231	0.0893498
1232	-4.35905
1233	-3.90679
1234	-0.508733
1235	-3.73471
1236	-1.44621
1237	0.0257663
1238	1.39607
1239	0.528285
1240	-1.77364
1241	-1.07151
1242	-0.438909
1243	-3.35091
1244	1.81906
1245	-0.321689
1246	0.482355
1247	-0.489417
1248	-3.43957
1249	-0.742698
1250	-2.28594
1251	-2.97184
1252	-0.269669
1253	1.74938
1254	-0.0381231
1255	-0.273513
1256	-0.967868
1257	-0.62685
1258	1.00836
1259	-2.38889
1260	-2.5251
1261	-3.14044
1262	-3.42986
1263	-7.83317
1264	-4.48734
1265	-6.18378
1266	-4.9289
1267	-5.49838
1268	-2.92548
1269	-1.8958
1270	-4.27354
1271	-3.12566
1272	-4.03034
1273	-3.33424
1274	-2.53154
1275	-3.6029
1276	-1.07463
1277	-2.62639
1278	-0.348027
1279	-0.562632
1280	-0.35709
1281	0.557158
1282	1.57711
1283	-2.99263
1284	3.19501
1285	3.26577
1286	2.18007
1287	1.80796
1288	-1.22995
1289	-1.81769
1290	-5.7108
1291	-2.09197
1292	2.00307
1293	2.65132
1294	-0.531696
1295	2.16098
1296	-0.531696
1297	-0.358213
1298	-5.39868
1299	-4.47385
1300	1.67786
1301	1.49859
1302	-1.04189
1303	-0.72356
1304	-2.25595
1305	-0.101509
1306	-2.0953
1307	-3.49236
1308	-4.01487
1309	-4.7123
1310	-3.51786
1311	-4.79837
1312	-5.29449
1313	-2.16713
1314	-4.79936
1315	-7.45205
1316	-1.75515
1317	-2.45517
1318	-0.714811
1319	-5.14835
1320	-3.6605
1321	-3.51078
1322	-4.56672
1323	-2.95365
1324	-0.865367
1325	-1.72711
1326	0.868454
1327	1.2177
1328	-2.31022
1329	-2.034
1330	0.263475
1331	-2.06951
1332	1.61137
1333	1.14157
1334	0.10657
1335	-0.41692
1336	-5.84227
1337	-5.41871
1338	5.15487
1339	-4.16873
1340	-1.39586
1341	0.467096
1342	-0.069399
1343	0.595572
1344	-3.93181
1345	-0.631998
1346	-2.06198
1347	-4.097
1348	1.74614
1349	2.54413
1350	-0.228009
1351	0.726681
1352	-0.989626
1353	-3.34208
1354	-6.16983
1355	-6.29607
1356	-3.17335
1357	-2.39678
1358	-2.51575
1359	-3.65131
1360	-7.30423
1361	-7.27611
1362	-4.68548
1363	-4.47848
1364	-5.40036
1365	-4.41664
1366	-2.47511
1367	-1.3547
1368	-2.2723
1369	-3.49388
1370	-2.70281
1371	-3.66405
1372	-3.24015
1373	-2.45143
1374	-0.529398
1375	-2.27259
1376	-0.449949
1377	-0.0491585
1378	0.37201
1379	-1.50603
1380	-0.388955
1381	0.479367
1382	-1.81201
1383	-2.84777
1384	-4.26796
1385	-3.36068
1386	-2.48121
1387	6.83008
1388	-1.96624
1389	-0.260526
1390	-1.13932
1391	0.0688841
1392	-1.10826
1393	-1.50631
1394	-3.04011
1395	-1.71976
1396	1.59811
1397	1.50318
1398	-0.528114
1399	0.638585
1400	-4.45036
1401	-6.25844
1402	-3.79256
1403	-1.21716
1404	-2.16863
1405	-7.31986
1406	-3.54952
1407	-3.87065
1408	-4.41583
1409	-4.49543
1410	-6.46605
1411	-6.43826
1412	-2.6942
1413	-2.62947
1414	-5.43575
1415	-7.33511
1416	-5.05084
1417	-4.99398
1418	-4.9448
1419	-4.37141
1420	-2.74321
1421	-3.09163
1422	-0.496322
1423	-0.607091
1424	-1.62071
1425	-0.0735404
1426	-3.21783
1427	-3.06098
1428	-0.0564011
1429	0.834993
1430	-0.0428437
1431	-2.42459
1432	-3.14394
1433	-4.71549
1434	5.07464
1435	-10.6948
1436	-2.63022
1437	-0.333353
1438	-0.119704
1439	-0.590092
1440	-2.86262
1441	-1.61886
1442	-4.71455
1443	-5.0235
1444	0.875003
1445	0.614468
1446	-1.1096
1447	-1.01192
1448	-4.03394
1449	-2.7502
1450	-2.51917
1451	-4.45331
1452	-1.38737
1453	-4.52825
1454	-7.13865
1455	-4.52394
1456	-4.07614
1457	-3.12865
1458	-6.63278
1459	-7.52678
1460	-6.08896
1461	-3.89752
1462	-1.98729
1463	-3.05614
1464	-4.02139
1465	-5.54866
1466	-6.53608
1467	-7.12411
1468	-3.51281
1469	-2.26766
1470	2.32407
1471	-2.04622
1472	-1.18443
1473	0.492222
1474	0.983772
1475	1.26289
1476	-3.78082
1477	-2.66325
1478	-2.57871
1479	-2.43446
1480	-0.836242
1481	-0.649774
1482	0.202464
1483	0.723445
1484	-1.91733
1485	-3.03861
1486	-2.97636
1487	-4.5761
1488	2.17457
1489	2.54
1490	-1.31452
1491	-0.976476
1492	-1.48828
1493	-0.598765
1494	6.23547
1495	-1.96703
1496	-1.05131
1497	-2.09753
1498	-5.23736
1499	-3.00558
1500	-9.27058
1501	-7.54053
1502	-4.69525
1503	-4.15808
1504	-1.64969
1505	-0.604364
1506	-4.19143
1507	-2.737
1508	-5.64077
1509	-4.93916
1510	-3.78265
1511	-5.89266
1512	-2.4842
1513	-1.87554
1514	-3.57405
1515	0.0305395
1516	-3.36917
1517	-4.26452
1518	-7.75038
1519	-4.73725
1520	2.3368
1521	1.00263
1522	-0.312385
1523	-0.865521
1524	-8.45392
1525	-3.49567
1526	-1.79811
1527	-3.07352
1528	1.85356
1529	-0.0744524
1530	-0.781647
1531	0.206163
1532	-3.56617
1533	-1.19427
1534	-3.99379
1535	-2.48319
1536	1.52188
1537	2.07344
1538	2.46192
1539	0.605757
1540	1.67614
1541	-0.167593
1542	-3.88152
1543	6.57356
1544	-3.54883
1545	-1.7023
1546	-5.69703
1547	-3.83872
1548	-8.18174
1549	-6.06071
1550	-6.55716
1551	-1.39154
1552	-2.43013
1553	-3.13782
1554	-1.61983
1555	-1.3595
1556	-5.97708
1557	-4.93298
1558	-5.9081
1559	-4.26564
1560	-1.15875
1561	-1.72709
1562	-1.01238
1563	-0.937091
1564	-5.9404
1565	-4.31683
1566	-5.10919
1567	-6.20226
1568	1.18467
1569	1.52625
1570	0.836137
1571	1.46476
1572	-3.2948
1573	-2.42746
1574	-2.67843
1575	-3.50577
1576	1.80305
1577	1.5912
1578	1.10328
1579	3.20254
1580	-1.48967
1581	-3.81249
1582	-3.08183
1583	-0.851516
1584	2.29207
1585	3.74135
1586	0.80255
1587	0.516121
1588	0.226429
1589	-2.98182
1590	6.6885
1591	-7.54474
1592	-1.32502
1593	-1.12228
1594	-5.21596
1595	-7.45514
1596	-8.59271
1597	-5.86518
1598	-5.55892
1599	-7.73526
1600	-2.56324
1601	-2.5797
1602	-1.22969
1603	-3.7427
1604	-5.62903
1605	-5.6697
1606	-7.26957
1607	-6.75648
1608	-0.993824
1609	-0.737791
1610	-2.19778
1611	0.123849
1612	-0.960694
1613	-5.44954
1614	-5.80385
1615	-5.01084
1616	1.41445
1617	0.302426
1618	-0.661447
1619	-0.168879
1620	-2.17387
1621	-7.12299
1622	-3.48886
1623	-2.37081
1624	0.0938871
1625	0.514259
1626	-1.59992
1627	0.268193
1628	-4.47519
1629	-7.91875
1630	-1.9146
1631	-3.43708
1632	-1.74133
1633	-1.01372
1634	2.4103
1635	-0.996953
1636	-3.39451
1637	-3.53643
1638	-3.20989
1639	-4.24502
1640	3.42586
1641	0.801351
1642	-0.769212
1643	-1.85689
1644	-6.5949
1645	-4.93005
1646	-6.17009
1647	-9.35528
1648	-3.44113
1649	-2.94141
1650	-2.7037
1651	-1.46609
1652	-5.8635
1653	-0.956974
1654	-7.84994
1655	-6.06311
1656	0.0581314
1657	-1.24295
1658	-1.54491
1659	-2.38991
1660	-3.89377
1661	-4.03367
1662	-7.23793
1663	-6.56208
1664	0.154971
1665	-0.877091
1666	0.0491592
1667	-3.00613
1668	-3.74541
1669	-5.27883
1670	-3.49091
1671	-2.15162
1672	2.74839
1673	2.42291
1674	1.93134
1675	2.87167
1676	-2.15229
1677	-2.40102
1678	-3.45032
1679	-2.46861
1680	1.26929
1681	1.77092
1682	-0.702353
1683	-0.325282
1684	-1.19426
1685	-3.13515
1686	-3.94315
1687	-3.66726
1688	-12.0504
1689	2.70169
1690	-1.39807
1691	1.70768
1692	-6.74612
1693	-8.53348
1694	-7.48991
1695	-6.0029
1696	-0.587954
1697	-1.04883
1698	-2.68657
1699	-1.34683
1700	-7.12335
1701	-6.53853
1702	-4.59078
1703	-6.70545
1704	0.6978
1705	-0.345234
1706	0.326755
1707	-1.87228
1708	-5.51683
1709	-3.13444
1710	-5.76327
1711	-5.50756
1712	3.21146
1713	1.39653
1714	1.20106
1715	-0.228777
1716	-5.00946
1717	-3.78734
1718	-1.68543
1719	-4.87196
1720	1.962
1721	0.522908
1722	1.64833
1723	1.38286
1724	-5.10326
1725	-4.34511
1726	-3.49492
1727	-5.84104
1728	2.29925
1729	0.570207
1730	-0.683313
1731	-0.891544
1732	-3.32896
1733	-3.65055
1734	-1.12247
1735	-3.26407
1736	0.82174
1737	0.875954
1738	1.26399
1739	1.74989
1740	-7.1027
1741	-7.16694
1742	-7.97436
1743	-3.7333
1744	-2.37265
1745	-1.7653
1746	-3.55021
1747	-2.36948
1748	-6.36455
1749	-6.15054
1750	-5.65724
1751	-4.57986
1752	-2.15098
1753	-1.16792
1754	-3.19322
1755	-3.68283
1756	-6.2617
1757	-6.70566
1758	-5.86828
1759	-5.90543
1760	0.171966
1761	-0.0639331
1762	0.285146
1763	1.28318
1764	-4.17012
1765	-3.14852
1766	-1.43311
1767	-4.77921
1768	3.41797
1769	-0.0202559
1770	1.37691
1771	-1.50538
1772	-3.60464
1773	-4.17278
1774	-3.9407
1775	-3.74326
1776	0.569454
1777	-2.2329
1778	-0.529951
1779	-2.88286
1780	-1.2793
1781	-3.18424
1782	-3.47365
1783	-2.75684
1784	2.30093
1785	0.0638611
1786	3.49177
1787	1.29911
1788	-7.45527
1789	-8.00226
1790	-7.68041
1791	-4.6141
1792	-2.15296
1793	-0.603137
1794	-6.44085
1795	-3.07631
1796	-7.57037
1797	-5.67784
1798	-4.61995
1799	-7.19631
1800	-1.7084
1801	-1.20095
1802	-2.14375
1803	-1.59637
1804	-6.14981
1805	-5.61276
1806	-8.89651
1807	-7.00504
1808	1.88958
1809	-2.24494
1810	-0.478444
1811	0.344996
1812	-3.1372
1813	-3.9846
1814	-0.790222
1815	-3.55848
1816	-1.7017
1817	-2.73653
1818	-0.671491
1819	-3.36529
1820	-4.804
1821	-5.48862
1822	-3.45162
1823	-4.62282
1824	-1.44841
1825	0.211037
1826	-1.52414
1827	-3.24034
1828	-4.90699
1829	-4.23397
1830	-6.31296
1831	-4.49009
1832	0.953534
1833	0.630716
1834	1.83565
1835	1.78078
1836	-8.23489
1837	-8.47115
1838	-4.77324
1839	-6.57991
1840	0.43482
1841	-4.40139
1842	-3.08442
1843	-2.73748
1844	-9.72451
1845	-9.50821
1846	-6.30111
1847	-6.37708
1848	-2.18768
1849	-0.590633
1850	-3.29453
1851	-1.70125
1852	-5.33515
1853	-5.22542
1854	-7.36907
1855	-4.90901
1856	-2.94431
1857	-4.65709
1858	-1.1379
1859	-1.68941
1860	-0.306621
1861	-1.0285
1862	-2.0592
1863	0.384086
1864	-2.20902
1865	-2.12437
1866	-3.51168
1867	-3.45329
1868	1.5391
1869	4.05885
1870	-1.88193
1871	-0.0582678
1872	-2.04005
1873	0.483315
1874	-5.68832
1875	-5.05761
1876	-2.91931
1877	-1.15672
1878	-3.7483
1879	-2.81731
1880	-2.23393
1881	1.72959
1882	0.033643
1883	-3.56539
1884	-5.37281
1885	-1.88529
1886	-3.58659
1887	-3.00789
1888	-4.7473
1889	-2.72049
1890	-4.07524
1891	-5.78284
1892	-2.5728
1893	-1.41339
1894	1.02463
1895	0.996593
1896	-6.33201
1897	-4.73202
1898	-6.74179
1899	-6.57782
1900	-1.49515
1901	0.194226
1902	-4.96327
1903	2.42733
1904	-0.771208
1905	-0.460962
1906	-2.95154
1907	-3.14075
1908	0.557973
1909	-0.794196
1910	0.926131
1911	-0.874318
1912	-4.21483
1913	-0.908988
1914	-2.64376
1915	-2.57956
1916	-2.99777
1917	-2.60335
1918	-0.668502
1919	-3.08451
1920	-3.17151
1921	-1.64484
1922	-3.60321
1923	-4.37794
1924	-7.12765
1925	-5.96891
1926	-1.83761
1927	-5.15256
1928	-2.63058
1929	0.519518
1930	-1.90874
1931	-0.976835
1932	-5.31963
1933	-2.31657
1934	-1.26833
1935	-1.39051
1936	-4.3044
1937	-4.96238
1938	-6.21643
1939	-5.04539
1940	-0.976695
1941	-2.1735
1942	-1.25666
1943	-0.904539
1944	-7.05736
1945	-2.57518
1946	-4.95779
1947	-1.11709
1948	1.00224
1949	-1.68905
1950	-4.64951
1951	-0.329722
1952	-0.257814
1953	-2.36885
1954	-2.2717
1955	-1.87989
1956	0.216242
1957	1.74304
1958	-0.707679
1959	-0.713935
1960	-4.0843
1961	0.0398906
1962	-3.79994
1963	-1.59424
1964	1.62994
1965	-1.85352
1966	-0.325313
1967	-0.965377
1968	-1.21546
1969	-2.59317
1970	-3.21421
1971	-2.75923
1972	-3.00798
1973	0.571507
1974	-3.14033
1975	-2.0722
1976	-2.82372
1977	-4.47489
1978	-3.48005
1979	-4.77476
1980	-0.607032
1981	-1.90939
1982	-2.81837
1983	-2.7213
1984	-6.17173
1985	-4.94945
1986	-4.15812
1987	-3.59827
1988	-3.14277
1989	-4.39203
1990	-1.18442
1991	-1.74819
1992	-5.82709
1993	-6.07478
1994	-6.66271
1995	-2.9423
1996	-2.89414
1997	-2.75599
1998	-2.44932
1999	-2.59358
2000	-3.49933
2001	-3.747
2002	-3.45386
2003	-2.61206
2004	-0.981157
2005	-0.297572
2006	-4.01591
2007	-3.06799
2008	-2.69836
2009	-3.59541
2010	-3.19344
2011	-2.57199
2012	-1.81044
2013	-3.42936
2014	-2.15114
2015	-1.1965
2016	-6.92986
2017	-3.2156
2018	-4.13303
2019	-6.23481
2020	-2.15039
2021	-0.300088
2022	-2.5649
2023	0.0843333
2024	-2.97421
2025	-5.6191
2026	-2.23007
2027	-4.3843
2028	-4.35597
2029	-4.82236
2030	-5.74302
2031	-5.88654
2032	-6.72994
2033	-9.01971
2034	-8.22911
2035	-7.91177
2036	-4.94376
2037	-3.09517
2038	-3.07918
2039	-1.86762
2040	-6.58041
2041	-5.00514
2042	-6.47321
2043	-6.233
2044	-4.96342
2045	-0.817277
2046	-3.90565
2047	-3.13778
2048	-3.86573
2049	-4.53361
2050	-2.7923
2051	-2.49848
2052	0.207022
2053	-1.0771
2054	-0.346156
2055	-0.642307
2056	-1.18665
2057	-1.22624
2058	-1.38535
2059	-3.94794
2060	-4.42846
2061	-0.925791
2062	-0.749525
2063	-1.2911
2064	-3.18601
2065	-0.067335
2066	-2.35796
2067	-4.64093
2068	-0.391601
2069	-1.41331
2070	-0.729759
2071	0.53778
2072	0.403301
2073	-4.13455
2074	-2.69263
2075	-0.434987
2076	-5.87109
2077	-5.28314
2078	-1.20573
2079	-2.00676
2080	-5.30123
2081	-6.02181
2082	-8.14265
2083	-8.53086
2084	-5.3833
2085	-2.55918
2086	0.704041
2087	-1.13753
2088	-5.95246
2089	-6.6785
2090	-7.02286
2091	-4.7298
2092	-3.48629
2093	-3.08264
2094	-3.31747
2095	-2.33925
2096	-4.90062
2097	-4.54291
2098	-7.30389
2099	-3.46839
2100	0.462358
2101	-2.05544
2102	-1.32031
2103	-1.96902
2104	-1.04678
2105	-4.09918
2106	-5.01077
2107	-1.85292
2108	-1.9554
2109	-2.70104
2110	-1.61417
2111	-3.20914
2112	-4.91503
2113	1.28035
2114	-6.10903
2115	-7.5148
2116	-2.88031
2117	0.0311442
2118	-4.12945
2119	-2.73539
2120	-3.21477
2121	-4.45016
2122	-1.97388
2123	-6.13771
2124	-1.90413
2125	-2.38124
2126	-2.46517
2127	-1.85
2128	-5.71548
2129	-6.64739
2130	-9.58726
2131	-6.61008
2132	-4.04102
2133	-2.27957
2134	-1.08472
2135	-2.83002
2136	-7.70761
2137	-5.83164
2138	-7.73064
2139	-5.9516
2140	-3.21043
2141	-2.78579
2142	-6.04659
2143	-2.71383
2144	-4.31875
2145	-0.999472
2146	-4.21345
2147	-4.20764
2148	-1.62078
2149	-1.25042
2150	-2.3622
2151	-2.93482
2152	-5.12246
2153	-3.59617
2154	-3.46821
2155	-3.20192
2156	-2.28019
2157	-0.741924
2158	-3.12822
2159	-3.19596
2160	-3.43265
2161	-5.60618
2162	-5.83285
2163	-6.60859
2164	-3.04837
2165	-2.57792
2166	1.51066
2167	-1.25731
2168	-7.8547
2169	-5.8127
2170	-4.30528
2171	-3.11044
2172	-4.94555
2173	-3.38841
2174	-3.08346
2175	-0.64307
2176	-8.14955
2177	-8.11459
2178	-5.90568
2179	-5.70075
2180	-1.94882
2181	-4.4263
2182	-4.196
2183	-0.843464
2184	-6.19504
2185	-5.9906
2186	-7.71413
2187	-6.79667
2188	-4.34523
2189	-4.2661
2190	-1.14203
2191	-2.23607
2192	-4.10935
2193	-3.81311
2194	-2.56154
2195	-3.81877
2196	-3.46778
2197	-1.85259
2198	5.5618
2199	6.77656
2200	-1.62478
2201	-5.09324
2202	-4.42572
2203	-5.17024
2204	-2.40882
2205	-1.13845
2206	-2.52012
2207	-1.87004
2208	-6.80039
2209	-6.64013
2210	-4.86154
2211	-3.71248
2212	-2.18911
2213	-2.18911
2214	-2.99996
2215	-1.23275
2216	-5.53072
2217	-5.91391
2218	-1.96978
2219	-2.89815
2220	-3.11891
2221	-7.12353
2222	-1.00165
2223	-1.07196
2224	-7.64942
2225	-9.88629
2226	-6.27937
2227	-8.74253
2228	-5.29981
2229	-5.95125
2230	-0.251208
2231	-3.99271
2232	-5.38768
2233	-3.00954
2234	-7.63934
2235	-7.66377
2236	-2.97488
2237	-3.98376
2238	-2.99865
2239	-4.11414
2240	0
2241	0
2242	0
2243	0
2244	0
2245	0
2246	0
2247	0
2248	0
2249	0
2250	0
2251	0
2252	0
2253	0
2254	0
2255	0
2256	0
2257	0
2258	0
2259	0
2260	0
2261	0
2262	0
2263	0
2264	0
2265	0
2266	0
2267	0
2268	0
2269	0
2270	0
2271	0
2272	0
2273	0
2274	0
2275	0
2276	0
2277	0
2278	0
2279	0
2280	0
2281	0
2282	0
2283	0
2284	0
2285	0
2286	0
2287	0
2288	0
2289	0
2290	0
2291	0
2292	0
2293	0
2294	0
2295	0
2296	0
2297	0
2298	0
2299	0
2300	0
2301	0
2302	0
2303	0
2304	0
2305	0
2306	0
2307	0
2308	0
2309	0
2310	0
2311	0
2312	0
2313	0
2314	0
2315	0
2316	0
2317	0
2318	0
2319	0
2320	0
2321	0
2322	0
2323	0
2324	0
2325	0
2326	0
2327	0
2328	0
2329	0
2330	0
2331	0
2332	0
2333	0
2334	0
2335	0
2336	0
2337	0
2338	0
2339	0
2340	0
2341	0
2342	0
2343	0
2344	0
2345	0
2346	0
2347	0
2348	0
2349	0
2350	0
2351	0
2352	0
2353	0
2354	0
2355	0
2356	0
2357	0
2358	0
2359	0
2360	29.7642
2361	24.4786
2362	30.272
2363	30.4059
2364	26.9808
2365	30.1896
2366	27.3605
2367	30.1841
2368	30.5644
2369	28.4613
2370	25.8562
2371	24.8434
2372	25.915
2373	25.3204
2374	31.4589
2375	31.4672
2376	32.5585
2377	25.7494
2378	29.7405
2379	32.7111
2380	28.1934
2381	30.1995
2382	31.0566
2383	28.5903
2384	36.1495
2385	31.1268
2386	32.5947
2387	24.9456
2388	30.0863
2389	30.4466
2390	28.0025
2391	29.968
2392	34.3511
2393	35.5812
2394	31.6281
2395	36.019
2396	29.8441
2397	25.6009
2398	30.5169
2399	24.683
2400	18.4396
2401	26.4881
2402	33.9749
2403	34.2144
2404	32.0381
2405	34.1855
2406	29.6205
2407	28.6401
2408	24.1137
2409	24.7609
2410	24.2556
2411	24.741
2412	27.3461
2413	26.974
2414	35.2294
2415	30.2996
2416	30.3049
2417	34.8877
2418	33.5401
2419	30.6333
2420	33.4515
2421	31.2579
2422	29.6292
2423	30.9219
2424	38.2874
2425	33.1018
2426	33.1536
2427	33.0969
2428	30.4068
2429	35.5849
2430	33.8917
2431	27.5465
2432	34.9567
2433	30.3807
2434	27.8642
2435	30.8482
2436	32.6186
2437	34.3507
2438	30.7409
2439	33.0309
2440	32.0397
2441	36.0386
2442	31.8739
2443	30.0444
2444	29.3193
2445	25.4439
2446	32.0834
2447	26.5099
2448	31.201
2449	34.6704
2450	24.1724
2451	35.3829
2452	32.4339
2453	34.3051
2454	28.8541
2455	0
2456	35.8011
2457	30.3731
2458	29.3813
2459	30.9447
2460	30.1628
2461	33.5775
2462	35.1461
2463	33.5229
2464	34.6452
2465	35.9068
2466	31.7523
2467	27.8027
2468	28.8956
2469	34.2173
2470	27.5992
2471	27.473
2472	32.2551
2473	35.7595
2474	35.5973
2475	31.9153
2476	31.7906
2477	31.8191
2478	34.8797
2479	31.1907
2480	33.2981
2481	33.5092
2482	33.9
2483	30.6903
2484	31.9647
2485	36.7556
2486	35.4614
2487	37.8
2488	36.7704
2489	37.2684
2490	32.29
2491	27.8493
2492	36.0861
2493	33.4941
2494	28.8412
2495	30.2472
2496	33.571
2497	31.6809
2498	38.2866
2499	36.0727
2500	36.9154
2501	36.7913
2502	33.2064
2503	34.5342
2504	34.2637
2505	32.4405
2506	28.2718
2507	34.472
2508	33.0626
2509	38.1674
2510	34.6278
2511	35.7253
2512	36.5488
2513	36.1752
2514	31.6127
2515	35.4158
2516	34.2579
2517	30.1264
2518	31.6276
2519	29.3105
2520	33.338
2521	31.3251
2522	35.7617
2523	34.3821
2524	38.5159
2525	35.8871
2526	32.002
2527	33.6816
2528	33.4925
2529	29.939
2530	32.3156
2531	32.3297
2532	36.3413
2533	33.561
2534	36.6748
2535	35.4566
2536	33.9667
2537	34.1393
2538	33.5836
2539	25.2455
2540	33.8128
2541	31.2181
2542	31.9534
2543	29.158
2544	25.8967
2545	27.9257
2546	29.2823
2547	33.9163
2548	31.624
2549	34.1007
2550	26.8644
2551	36.881
2552	31.597
2553	30.1044
2554	30.2249
2555	26.569
2556	29.536
2557	30.4163
2558	31.6601
2559	32.9059
2560	30.639
2561	30.3974
2562	31.6719
2563	35.7429
2564	28.7252
2565	27.9888
2566	28.0007
2567	28.8035
2568	30.5295
2569	31.3354
2570	29.7542
2571	29.1512
2572	27.4417
2573	29.5896
2574	27.3225
2575	29.854
2576	29.4875
2577	26.7071
2578	33.5517
2579	29.1414
2580	31.5815
2581	24.3834
2582	29.3471
2583	24.9113
2584	29.6871
2585	30.1363
2586	26.8608
2587	26.024
2588	27.2938
2589	30.0542
2590	27.6725
2591	27.687
2592	32.8015
2593	31.577
2594	28.1152
2595	30.7925
2596	0
2597	0
2598	0
2599	0
2600	0
2601	0
2602	0
2603	0
2604	0
2605	0
2606	0
2607	0
2608	0
2609	0
2610	0
2611	0
2612	0
2613	0
2614	0
2615	0
2616	0
2617	0
2618	0
2619	0
2620	0
2621	0
2622	0
2623	0
2624	0
2625	0
2626	0
2627	0
2628	0
2629	0
2630	0
2631	0
2632	0
2633	0
2634	0
2635	0
2636	0
2637	0
2638	0
2639	0
2640	0
2641	0
2642	0
2643	0
2644	0
2645	0
2646	0
2647	0
2648	0
2649	0
2650	0
2651	0
2652	0
2653	0
2654	0
2655	0
2656	0
2657	0
2658	0
2659	0
2660	0
2661	0
2662	0
2663	0
2664	0
2665	0
2666	0
2667	0
2668	0
2669	0
2670	0
2671	0
2672	0
2673	0
2674	0
2675	0
2676	0
2677	0
2678	0
2679	0
2680	0
2681	0
2682	0
2683	0
2684	0
2685	0
2686	0
2687	0
2688	0
2689	0
2690	0
2691	0
2692	0
2693	0
2694	0
2695	0
2696	0
2697	0
2698	0
2699	0
2700	0
2701	0
2702	0
2703	0
2704	0
2705	0
2706	0
2707	0
2708	0
2709	0
2710	0
2711	0
2712	0
2713	0
2714	0
2715	0
