0	-1.38757
1	-0.132635
2	-2.94545
3	-2.77564
4	-1.91412
5	-1.44906
6	-5.29274
7	-1.34329
8	-2.21386
9	-6.8364
10	-2.9158
11	-7.61937
12	-2.63306
13	-1.06541
14	-0.800543
15	-2.52018
16	0.809024
17	-3.1388
18	-3.9128
19	-1.48277
20	0.610612
21	-4.11586
22	-1.98202
23	0.0103314
24	-4.26762
25	-5.02261
26	-3.75334
27	-5.31817
28	-3.10888
29	-5.72755
30	-3.56395
31	-3.42329
32	-10.3561
33	-8.67584
34	-6.68856
35	-7.64625
36	-5.77786
37	-5.44201
38	-5.65168
39	-2.74126
40	-6.80776
41	-5.59863
42	-5.42993
43	-7.61317
44	-12.0842
45	-6.906
46	-4.56054
47	-5.58136
48	1.69606
49	0.668625
50	-3.84625
51	-2.42256
52	1.53039
53	-1.53036
54	-0.00748122
55	-0.781781
56	-0.505765
57	-1.44276
58	-2.57773
59	0.502315
60	2.49558
61	-0.289044
62	0.507217
63	-1.82281
64	-1.54847
65	-1.73775
66	-1.55631
67	-1.13727
68	1.19002
69	-1.55969
70	-2.75902
71	-1.05827
72	-2.01846
73	-4.44179
74	-6.01792
75	-4.72395
76	-2.73042
77	-3.22097
78	-3.20852
79	-4.01704
80	-7.092
81	-6.96151
82	-6.37207
83	-6.67221
84	-4.67334
85	-2.5313
86	-3.06231
87	-3.07707
88	-4.77034
89	-5.35239
90	-4.73656
91	-4.80476
92	-8.4119
93	-7.76823
94	-6.40981
95	-9.43816
96	6.16059
97	4.48894
98	-0.749554
99	-0.392727
100	1.43774
101	1.12216
102	0.579306
103	1.50488
104	-0.785718
105	-2.76405
106	1.10496
107	-0.655892
108	1.28973
109	1.09261
110	1.98436
111	2.03054
112	-2.79544
113	-2.7758
114	-3.12901
115	-0.923842
116	-1.59735
117	-1.74024
118	-3.32882
119	-1.08649
120	-5.2485
121	-4.56786
122	-6.27305
123	-4.61441
124	-1.89063
125	-3.51642
126	-3.77367
127	-1.83695
128	-6.04756
129	-3.18843
130	-4.78666
131	-3.12278
132	-0.92645
133	-3.10805
134	-0.735011
135	2.04502
136	-3.26371
137	-4.39764
138	-4.05212
139	-2.42839
140	-5.34168
141	-7.64256
142	-6.02079
143	-8.14087
144	2.64527
145	1.18599
146	-2.65362
147	-1.49631
148	0.731521
149	1.06289
150	1.2256
151	0.994608
152	-4.58772
153	-1.45672
154	-0.725591
155	0.652858
156	0.793231
157	3.51527
158	1.43853
159	1.30895
160	1.70332
161	1.30081
162	-0.248977
163	-2.39
164	-0.104913
165	-1.28268
166	-3.7368
167	-1.87779
168	-1.70735
169	-4.30006
170	-8.15335
171	-7.6865
172	-2.22247
173	-2.71552
174	-0.771933
175	-4.74023
176	-2.86634
177	-4.77264
178	-1.95796
179	-3.99842
180	-0.698297
181	0.0373958
182	-3.26108
183	-2.08054
184	0.497035
185	-4.42773
186	-3.72525
187	0.54182
188	-6.73006
189	-3.19005
190	-5.96984
191	-8.93776
192	4.16327
193	3.95375
194	-1.57063
195	-0.902361
196	0.385194
197	0.327569
198	-0.779956
199	2.05911
200	-1.02236
201	0.839457
202	-0.705913
203	-3.47952
204	1.7372
205	0.275758
206	0.137167
207	2.44081
208	0.447667
209	-0.846737
210	-20.873
211	0.279588
212	0.235959
213	-1.31537
214	-4.32067
215	-3.15857
216	-4.37578
217	-4.68547
218	-2.45988
219	-4.9097
220	-1.81177
221	-5.189
222	-1.83713
223	-0.420193
224	-4.03635
225	-3.11757
226	-6.49499
227	-4.0487
228	-2.47224
229	-1.18458
230	-2.93394
231	-2.7039
232	-0.158103
233	-2.12836
234	-1.97306
235	0.673532
236	-6.3002
237	-5.15044
238	-8.25164
239	-10.5292
240	2.28855
241	4.70963
242	-0.399828
243	-1.41388
244	-0.849431
245	-1.95511
246	0.387924
247	-0.161732
248	1.90582
249	-0.691353
250	-0.283009
251	-0.206258
252	2.26359
253	1.27935
254	2.42352
255	-0.347956
256	0.237583
257	0.848862
258	-0.59127
259	-1.28221
260	0.790401
261	-2.45653
262	-5.8195
263	-4.00634
264	-3.17718
265	-2.86567
266	-4.01106
267	-7.51463
268	-0.478358
269	-1.38086
270	-2.52484
271	-1.55105
272	-4.62956
273	-2.5028
274	-0.453243
275	-1.62145
276	-0.774884
277	-1.98108
278	-0.672738
279	-0.959258
280	0.156823
281	0.593303
282	-0.440539
283	-0.134154
284	-4.58225
285	-0.372928
286	-9.12056
287	-6.80827
288	4.64822
289	3.4613
290	0.0822062
291	-0.167894
292	-0.992843
293	1.36372
294	-1.59536
295	3.5253
296	-0.652052
297	0.498281
298	-1.79073
299	-1.11338
300	0.790929
301	4.1294
302	2.31754
303	1.03088
304	1.29567
305	-0.236979
306	-3.19613
307	-0.541066
308	-5.71575
309	-10.1062
310	-7.55754
311	-8.81202
312	-3.61427
313	-3.62431
314	-3.55997
315	-3.4202
316	-1.74419
317	1.98326
318	-2.83238
319	-0.442086
320	-4.67231
321	-5.95399
322	-7.42489
323	-5.99684
324	-5.02671
325	-1.78117
326	-3.45447
327	-7.2359
328	-2.83071
329	-5.88426
330	-5.59123
331	-1.5043
332	-8.86132
333	-7.91826
334	-3.30721
335	-4.7237
336	5.44174
337	3.73232
338	0.738859
339	2.6859
340	2.8484
341	0.132113
342	2.61769
343	2.24057
344	-0.987481
345	-0.2748
346	1.30442
347	-0.32795
348	2.56201
349	0.128601
350	2.63787
351	1.60374
352	-1.0077
353	0.607581
354	1.86301
355	0.54041
356	-2.94049
357	-4.55557
358	-5.85432
359	-9.99684
360	-0.555429
361	-5.11205
362	-3.24227
363	-0.490157
364	-3.11702
365	-1.88489
366	-2.52914
367	-2.18439
368	-3.79567
369	-4.06177
370	-2.03396
371	-5.9165
372	0.469954
373	1.3837
374	-0.929268
375	3.67009
376	-1.31466
377	2.0637
378	-0.511145
379	-1.25768
380	-3.80135
381	-6.01405
382	-8.22937
383	-7.3341
384	-2.06504
385	-2.97364
386	4.34841
387	0.62713
388	-4.25695
389	-5.42472
390	-6.47298
391	-4.24769
392	1.53125
393	2.08302
394	-0.411742
395	0.812791
396	-5.84597
397	-3.90532
398	-5.48453
399	-2.55441
400	-0.58115
401	-1.36312
402	2.26616
403	-1.47581
404	-5.90639
405	-6.5853
406	-7.59418
407	-7.94293
408	0.940222
409	-3.13528
410	0.203267
411	-3.59593
412	-6.36103
413	-7.9946
414	-4.91469
415	-8.00928
416	-3.1153
417	-4.13212
418	-3.37465
419	-2.67356
420	-6.01433
421	-8.02338
422	-7.07244
423	-4.49008
424	-12.593
425	-13.1759
426	-12.7922
427	-12.9531
428	-10.7462
429	-9.10056
430	-14.5511
431	-13.3443
432	-3.78395
433	-3.4297
434	1.22227
435	-1.20378
436	-3.56164
437	-7.22607
438	-2.68971
439	-5.72208
440	1.31267
441	0.239457
442	0.161069
443	1.81739
444	-0.712959
445	-3.84067
446	-3.04383
447	-4.37079
448	1.03543
449	-0.745456
450	2.24714
451	-2.50011
452	-0.706455
453	-7.04667
454	-8.64187
455	-7.93339
456	-1.0187
457	-1.67165
458	-3.49566
459	-3.40095
460	-6.37144
461	-5.90776
462	-5.1011
463	-8.55849
464	-3.29431
465	-3.19314
466	-5.8184
467	-3.99161
468	-5.20679
469	-4.96181
470	-7.33582
471	-5.01392
472	-11.8652
473	-13.8568
474	-13.5017
475	-12.9548
476	-13.7583
477	-13.0558
478	-13.4391
479	-13.0802
480	3.93498
481	1.16646
482	0.28068
483	2.05272
484	-6.07108
485	-4.32687
486	-4.40826
487	-4.62919
488	1.97117
489	2.38698
490	1.14617
491	-0.161779
492	-2.97703
493	-2.42385
494	-1.96314
495	-4.25752
496	0.675499
497	1.03186
498	-0.223216
499	0.0418821
500	-1.13011
501	-7.13289
502	-7.1223
503	-6.57546
504	-1.00867
505	-0.894886
506	-4.18906
507	-1.47968
508	-6.20293
509	-8.38952
510	-6.26408
511	-5.78513
512	-3.34442
513	-4.75559
514	0.250072
515	-3.67967
516	-4.97911
517	-6.32161
518	-6.75735
519	-5.89414
520	-11.8906
521	-14.4685
522	-9.41825
523	-10.9248
524	-10.4009
525	-11.6883
526	-11.2737
527	-8.92244
528	2.82155
529	1.84509
530	-1.92499
531	-1.88415
532	-3.17224
533	-2.04074
534	-3.78009
535	-5.80274
536	-1.44917
537	-1.26262
538	1.02667
539	-0.265125
540	-5.78144
541	-5.98147
542	-7.03763
543	-2.08909
544	3.2209
545	2.2855
546	-2.69576
547	-0.445186
548	-5.55762
549	-7.54336
550	-9.07218
551	-9.72813
552	-0.554735
553	1.39902
554	-0.520035
555	0.864658
556	-5.57904
557	-5.62959
558	-5.07597
559	-5.41324
560	-3.78772
561	-0.711561
562	-2.25329
563	-0.141204
564	-6.46179
565	-4.06484
566	-6.51421
567	-5.52241
568	-11.3788
569	-11.8659
570	-10.5431
571	-10.8334
572	-6.67075
573	-6.74535
574	-11.2972
575	-11.8253
576	0.407641
577	0.386123
578	2.3037
579	2.13344
580	-3.26054
581	-2.45519
582	-2.19482
583	-1.53149
584	2.18994
585	1.16476
586	1.98766
587	0.673522
588	-5.93904
589	-4.46576
590	-0.632425
591	-3.15457
592	2.33086
593	-1.94523
594	0.78565
595	0.805858
596	-3.96117
597	-6.97263
598	-5.75842
599	-6.24572
600	1.12576
601	-0.832833
602	-0.0634709
603	1.02265
604	-6.61195
605	-3.94449
606	-4.89303
607	-5.54089
608	-2.43672
609	-4.19262
610	-1.80576
611	-1.27387
612	-5.19282
613	-6.21054
614	-5.83227
615	-5.43916
616	-10.9532
617	-11.996
618	-10.1915
619	-9.32612
620	-11.0722
621	-9.42804
622	-13.3458
623	-11.7414
624	2.36104
625	2.6723
626	3.94751
627	1.98683
628	-1.73137
629	-0.348987
630	-1.55981
631	-4.58993
632	2.70179
633	4.03029
634	0.363966
635	0.511693
636	-2.39784
637	-0.00524826
638	-2.02984
639	-0.109238
640	2.34742
641	1.49468
642	1.80265
643	1.71824
644	-0.77935
645	-5.43951
646	-4.60522
647	1.86682
648	-9.63197
649	-8.82404
650	-10.8581
651	-11.6609
652	-6.15205
653	-8.35584
654	-5.12477
655	-5.39714
656	-2.88931
657	-2.52778
658	-2.4883
659	-3.9635
660	-6.86862
661	-4.98426
662	-6.40794
663	-5.17574
664	-10.6605
665	-8.27841
666	-9.43782
667	-9.80817
668	-9.91055
669	-10.2801
670	-8.33258
671	-7.86119
672	3.20262
673	1.55539
674	1.27823
675	1.35759
676	-1.5149
677	-3.84736
678	-2.12683
679	-4.40583
680	2.13536
681	3.88628
682	4.4301
683	2.87437
684	-4.95321
685	-5.53485
686	-3.28924
687	-6.21809
688	2.94595
689	-1.6494
690	0.395888
691	1.23002
692	0.0409502
693	-2.76408
694	3.23042
695	-6.88286
696	-8.45904
697	-9.23699
698	-10.1978
699	-8.69649
700	-6.71647
701	-4.36095
702	-6.58919
703	-4.7062
704	-2.59854
705	-3.95558
706	0.283369
707	-1.45513
708	-6.57732
709	-4.27211
710	-3.82208
711	-6.28802
712	-11.8586
713	-8.23579
714	-10.6712
715	-11.6969
716	-8.49021
717	-8.24116
718	-11.2387
719	-10.9878
720	-3.65904
721	-4.33569
722	1.1344
723	2.65176
724	-2.60684
725	-3.19229
726	-3.89116
727	-2.77427
728	2.98477
729	1.62005
730	0.135012
731	2.79078
732	-5.25984
733	-7.14697
734	-5.73953
735	-4.36815
736	1.05079
737	0.82545
738	-2.48768
739	-2.884
740	-2.00932
741	-2.06869
742	-4.61283
743	3.54356
744	-7.31879
745	-6.56123
746	-10.1408
747	-7.98463
748	-3.32232
749	-3.97265
750	-6.2508
751	-3.81448
752	-3.16341
753	-2.96808
754	-5.09837
755	-1.22746
756	-7.27229
757	-5.76855
758	-10.2156
759	-9.43986
760	-11.9125
761	-8.61054
762	-9.99999
763	-10.9901
764	-7.16395
765	-10.2441
766	-7.5119
767	-10.6538
768	-3.11726
769	-4.98652
770	-3.24114
771	-4.29777
772	-2.39554
773	-0.872308
774	-3.29457
775	-0.659511
776	-4.94232
777	-3.23708
778	-6.1239
779	-4.05583
780	-3.99272
781	-1.30665
782	-4.78066
783	-6.20039
784	-4.87885
785	-6.29036
786	-3.07627
787	-2.84742
788	-1.18418
789	-3.41156
790	-3.16597
791	-4.49319
792	-8.87049
793	-8.53644
794	-9.03329
795	-10.8576
796	-5.34073
797	-4.42385
798	-8.41713
799	-6.22286
800	-8.09609
801	-8.4973
802	-9.39758
803	-8.10389
804	-9.61846
805	-9.16161
806	-7.11745
807	-5.0937
808	-13.8601
809	-12.2626
810	-9.40973
811	-9.00912
812	-13.4286
813	-14.3005
814	-18.1125
815	-13.353
816	-5.52531
817	-3.03972
818	-5.78897
819	-4.2166
820	-1.56704
821	-1.6053
822	-1.46887
823	-1.7237
824	-6.45531
825	-4.77859
826	-4.99047
827	-7.12171
828	-2.44237
829	-3.70935
830	-3.77905
831	-4.1315
832	-1.03024
833	-6.79757
834	-3.8252
835	-5.32703
836	-2.91659
837	-3.67835
838	-5.38328
839	-4.01407
840	-6.47445
841	-7.01559
842	-10.7869
843	-8.1618
844	-5.11383
845	-4.19103
846	-6.05921
847	-8.29501
848	-7.99811
849	-7.56755
850	-7.87169
851	-6.84207
852	-2.115
853	-7.79199
854	-6.86839
855	-5.28136
856	-12.434
857	-11.7418
858	-8.66165
859	-10.0768
860	-22.2793
861	-15.6139
862	-15.4215
863	-13.3886
864	-4.02684
865	-4.19529
866	-3.91076
867	-2.58693
868	-2.36053
869	-4.15171
870	-1.36181
871	-1.7278
872	-5.13361
873	-6.44486
874	-5.4419
875	-5.50062
876	-7.05787
877	-2.10243
878	-5.92187
879	-5.71375
880	-4.15185
881	-7.60924
882	-1.98602
883	-5.67742
884	-3.93055
885	-5.50894
886	-5.3891
887	-2.65256
888	-6.23289
889	-7.42902
890	-12.2635
891	-11.0244
892	-6.28399
893	-7.49236
894	-5.54242
895	-10.2987
896	-9.00572
897	-8.83935
898	-8.49672
899	-6.50053
900	-5.006
901	-5.93831
902	-5.27729
903	-5.46374
904	-12.2662
905	-12.3845
906	-9.73932
907	-9.5637
908	-11.3439
909	-12.5327
910	-16.2053
911	-15.1316
912	-3.00822
913	-2.77672
914	-5.17256
915	-3.05795
916	-0.624488
917	-2.13706
918	-1.53576
919	-1.04088
920	-5.08436
921	-4.01092
922	-2.54741
923	-0.931296
924	-0.607368
925	-1.47609
926	-0.904935
927	-0.949562
928	0.264043
929	-2.82525
930	-3.50738
931	-7.12778
932	-4.18501
933	-3.62732
934	-2.47031
935	-4.83475
936	-6.79487
937	-5.45569
938	-8.96042
939	-9.13314
940	-5.52578
941	-5.48776
942	-6.9883
943	-4.29387
944	-7.89054
945	-5.70043
946	-5.51363
947	-5.89429
948	-4.82465
949	-5.43586
950	-3.99829
951	-5.58422
952	-10.0316
953	-11.2524
954	-8.54023
955	-6.83267
956	-11.5268
957	-13.8673
958	-13.3405
959	-13.5739
960	-4.1134
961	-5.46006
962	-3.81257
963	-3.78555
964	-0.327917
965	0.146101
966	-3.69863
967	-2.2447
968	-2.05475
969	-2.12436
970	-2.46587
971	-4.01055
972	-7.06623
973	-2.36092
974	-4.45196
975	-5.1438
976	-4.0607
977	-5.37812
978	-5.97473
979	-6.06028
980	-3.53127
981	-6.56928
982	-6.4433
983	-4.4563
984	-9.03915
985	-7.84464
986	-5.19017
987	-7.24006
988	-3.38108
989	-1.8272
990	-5.83565
991	-5.19067
992	-11.6233
993	-11.4182
994	-7.54223
995	-9.12026
996	-9.17872
997	-11.538
998	-12.3414
999	-14.176
1000	-3.99503
1001	-1.6014
1002	-0.148262
1003	-1.5404
1004	-1.47915
1005	0.985509
1006	0.460327
1007	1.91621
1008	-1.90383
1009	-2.62178
1010	-1.15409
1011	-2.20047
1012	0.75364
1013	-1.67757
1014	-3.22881
1015	-6.02203
1016	-1.83533
1017	-2.35087
1018	-3.81641
1019	-2.99262
1020	-1.69389
1021	-3.38202
1022	-4.77641
1023	-3.37059
1024	-5.58936
1025	-5.62629
1026	-7.13925
1027	-6.13144
1028	-5.54198
1029	-4.52277
1030	-2.30507
1031	-5.65506
1032	-11.9194
1033	-11.056
1034	-9.24285
1035	-6.18388
1036	-10.4299
1037	-12.4459
1038	-14.1395
1039	-15.2639
1040	-1.78897
1041	-2.49102
1042	-0.0090271
1043	-1.75062
1044	-5.29901
1045	-5.34672
1046	-1.08546
1047	-0.187635
1048	-2.6993
1049	-3.0266
1050	-2.62082
1051	-2.31402
1052	-2.85181
1053	-0.137776
1054	-1.41668
1055	0.507005
1056	-2.2884
1057	-5.13993
1058	-1.0069
1059	-3.69091
1060	-1.81376
1061	-4.73813
1062	-5.67625
1063	-4.18886
1064	-6.77128
1065	-6.17034
1066	-4.10648
1067	-6.77079
1068	-3.94187
1069	-5.25927
1070	-5.92516
1071	-4.53908
1072	-10.3941
1073	-9.3641
1074	-9.50763
1075	-6.73283
1076	-9.88689
1077	-8.79515
1078	-13.1312
1079	-11.8549
1080	1.76849
1081	0.260184
1082	-2.27633
1083	-1.65821
1084	2.20285
1085	-0.638497
1086	-3.07867
1087	-0.201938
1088	-3.56244
1089	-2.76423
1090	-2.88117
1091	-1.75937
1092	-0.737524
1093	0.363932
1094	-2.11175
1095	-1.56749
1096	-2.36511
1097	-3.71695
1098	-3.33934
1099	-5.7171
1100	-2.62553
1101	-4.67922
1102	-7.33092
1103	-3.76259
1104	-9.39968
1105	-7.76563
1106	-4.14638
1107	-7.00085
1108	-4.94783
1109	-3.4076
1110	-4.35955
1111	-7.04159
1112	-11.0114
1113	-10.4409
1114	-7.16194
1115	-7.62942
1116	-7.17648
1117	-10.2551
1118	-14.0805
1119	-12.9218
1120	1.00172
1121	1.01048
1122	2.63289
1123	-0.232955
1124	5.04966
1125	3.67323
1126	-0.595158
1127	-1.27902
1128	-3.37292
1129	-0.749244
1130	-2.93644
1131	-2.40554
1132	1.34936
1133	1.92055
1134	2.8306
1135	0.212794
1136	-0.765699
1137	-1.18536
1138	-2.35997
1139	-3.34358
1140	-2.72731
1141	-2.13065
1142	-1.20987
1143	-2.24623
1144	-3.57325
1145	-5.69572
1146	-5.25757
1147	-2.80586
1148	0.570227
1149	-2.34923
1150	-4.88609
1151	-4.70803
1152	-3.70254
1153	-7.43206
1154	-2.88488
1155	-1.27211
1156	-3.21363
1157	-5.75546
1158	1.9888
1159	0.192088
1160	0.90293
1161	1.28605
1162	-0.83635
1163	-1.40201
1164	1.06521
1165	-0.188712
1166	-1.00451
1167	-1.23746
1168	-1.52201
1169	-2.985
1170	-1.51217
1171	-3.19532
1172	1.25872
1173	2.77172
1174	3.59439
1175	2.95499
1176	-1.39247
1177	-0.660208
1178	-0.818705
1179	-2.78848
1180	1.14829
1181	-2.91718
1182	-4.82294
1183	-3.61387
1184	-3.53193
1185	-5.36754
1186	-4.40018
1187	-4.23853
1188	-2.44885
1189	-1.18236
1190	1.74244
1191	-1.46771
1192	-2.51033
1193	-3.37178
1194	-5.32684
1195	-2.22164
1196	2.15757
1197	-0.640543
1198	-1.13809
1199	1.4566
1200	-1.21348
1201	0.218028
1202	-1.9375
1203	-0.0447251
1204	3.31969
1205	1.51285
1206	-1.10994
1207	-1.19747
1208	-1.25381
1209	-2.19129
1210	-3.62599
1211	-2.51188
1212	-1.353
1213	1.4743
1214	1.13005
1215	0.162883
1216	-0.712995
1217	-1.24459
1218	-3.82883
1219	-3.43398
1220	-4.22898
1221	-7.80848
1222	-2.30771
1223	-2.4629
1224	-3.57341
1225	-5.77199
1226	-6.29533
1227	-3.8758
1228	-1.35129
1229	-0.781075
1230	-1.04416
1231	0.0902523
1232	-4.35772
1233	-3.90642
1234	-0.508005
1235	-3.73531
1236	-1.44475
1237	0.0263967
1238	1.39555
1239	0.533006
1240	-1.77663
1241	-1.07228
1242	-0.440542
1243	-3.35282
1244	1.81638
1245	-0.323607
1246	0.481126
1247	-0.487154
1248	-3.44152
1249	-0.741457
1250	-2.2881
1251	-2.97264
1252	-0.27148
1253	1.74791
1254	-0.0428979
1255	-0.276309
1256	-0.970396
1257	-0.630048
1258	1.00582
1259	-2.38876
1260	-2.52512
1261	-3.13942
1262	-3.43056
1263	-7.82939
1264	-4.48734
1265	-6.18459
1266	-4.92938
1267	-5.49703
1268	-2.92588
1269	-1.89448
1270	-4.27257
1271	-3.12353
1272	-4.03067
1273	-3.33527
1274	-2.53018
1275	-3.60296
1276	-1.07284
1277	-2.62346
1278	-0.345764
1279	-0.561746
1280	-0.359365
1281	0.55658
1282	1.5759
1283	-2.99321
1284	3.19482
1285	3.26479
1286	2.17936
1287	1.80955
1288	-1.23205
1289	-1.81901
1290	-5.71744
1291	-2.09402
1292	2.00094
1293	2.65126
1294	-0.53291
1295	2.15815
1296	-0.53728
1297	-0.360853
1298	-5.40201
1299	-4.4773
1300	1.67745
1301	1.497
1302	-1.0466
1303	-0.725746
1304	-2.25643
1305	-0.10293
1306	-2.09553
1307	-3.49235
1308	-4.01864
1309	-4.71192
1310	-3.51692
1311	-4.79907
1312	-5.29458
1313	-2.1674
1314	-4.79956
1315	-7.45202
1316	-1.75645
1317	-2.45526
1318	-0.714505
1319	-5.14806
1320	-3.66054
1321	-3.51027
1322	-4.56724
1323	-2.95296
1324	-0.866767
1325	-1.72356
1326	0.873122
1327	1.21654
1328	-2.3091
1329	-2.03789
1330	0.262099
1331	-2.07195
1332	1.60919
1333	1.14139
1334	0.106125
1335	-0.417277
1336	-5.84435
1337	-5.42037
1338	5.15176
1339	-4.17226
1340	-1.39732
1341	0.468008
1342	-0.0728503
1343	0.595022
1344	-3.93355
1345	-0.633547
1346	-2.06205
1347	-4.09714
1348	1.74682
1349	2.54115
1350	-0.230659
1351	0.726128
1352	-0.993674
1353	-3.34294
1354	-6.1708
1355	-6.29663
1356	-3.17467
1357	-2.39834
1358	-2.51519
1359	-3.65171
1360	-7.30406
1361	-7.27773
1362	-4.68474
1363	-4.47927
1364	-5.39953
1365	-4.41769
1366	-2.47416
1367	-1.35855
1368	-2.26963
1369	-3.49387
1370	-2.70381
1371	-3.66344
1372	-3.23711
1373	-2.44904
1374	-0.527721
1375	-2.2729
1376	-0.450543
1377	-0.0488109
1378	0.366403
1379	-1.50267
1380	-0.387661
1381	0.478573
1382	-1.81004
1383	-2.8497
1384	-4.2697
1385	-3.36265
1386	-2.48118
1387	6.83042
1388	-1.96817
1389	-0.259937
1390	-1.13928
1391	0.0641448
1392	-1.11091
1393	-1.50976
1394	-3.04282
1395	-1.72351
1396	1.59628
1397	1.50258
1398	-0.532195
1399	0.637579
1400	-4.45158
1401	-6.26071
1402	-3.79343
1403	-1.21774
1404	-2.16749
1405	-7.3207
1406	-3.55006
1407	-3.87023
1408	-4.41647
1409	-4.49488
1410	-6.46552
1411	-6.43863
1412	-2.69609
1413	-2.62894
1414	-5.43411
1415	-7.33458
1416	-5.04741
1417	-4.995
1418	-4.94344
1419	-4.37031
1420	-2.7422
1421	-3.09054
1422	-0.496119
1423	-0.605542
1424	-1.62497
1425	-0.0788852
1426	-3.21702
1427	-3.06007
1428	-0.0579558
1429	0.832128
1430	-0.0441032
1431	-2.42432
1432	-3.14453
1433	-4.71565
1434	5.07129
1435	-10.6957
1436	-2.63298
1437	-0.334669
1438	-0.120337
1439	-0.59421
1440	-2.86392
1441	-1.61876
1442	-4.72339
1443	-5.02284
1444	0.870949
1445	0.613243
1446	-1.111
1447	-1.01363
1448	-4.03369
1449	-2.74959
1450	-2.52401
1451	-4.45152
1452	-1.38951
1453	-4.52875
1454	-7.13669
1455	-4.52382
1456	-4.07586
1457	-3.12747
1458	-6.63271
1459	-7.52686
1460	-6.08734
1461	-3.90225
1462	-1.98614
1463	-3.05815
1464	-4.02281
1465	-5.55143
1466	-6.53546
1467	-7.12398
1468	-3.51032
1469	-2.26526
1470	2.32483
1471	-2.03849
1472	-1.18259
1473	0.490252
1474	0.983413
1475	1.26024
1476	-3.7777
1477	-2.66593
1478	-2.57931
1479	-2.43332
1480	-0.837465
1481	-0.653713
1482	0.199457
1483	0.725046
1484	-1.91911
1485	-3.04148
1486	-2.9757
1487	-4.57716
1488	2.17106
1489	2.53894
1490	-1.31369
1491	-0.982557
1492	-1.49015
1493	-0.601228
1494	6.23643
1495	-1.97095
1496	-1.05179
1497	-2.09777
1498	-5.23788
1499	-3.00666
1500	-9.26992
1501	-7.54122
1502	-4.69617
1503	-4.15826
1504	-1.64984
1505	-0.60765
1506	-4.18965
1507	-2.73657
1508	-5.63851
1509	-4.9372
1510	-3.77943
1511	-5.89288
1512	-2.48396
1513	-1.8745
1514	-3.57353
1515	0.0274095
1516	-3.37143
1517	-4.25883
1518	-7.74812
1519	-4.73799
1520	2.33807
1521	1.00449
1522	-0.315622
1523	-0.865501
1524	-8.45325
1525	-3.49511
1526	-1.80003
1527	-3.0727
1528	1.85403
1529	-0.0734709
1530	-0.780206
1531	0.207879
1532	-3.569
1533	-1.19639
1534	-3.99609
1535	-2.48248
1536	1.52014
1537	2.07292
1538	2.46092
1539	0.603859
1540	1.67436
1541	-0.170225
1542	-3.88063
1543	6.57041
1544	-3.55366
1545	-1.70189
1546	-5.69732
1547	-3.83998
1548	-8.18162
1549	-6.06176
1550	-6.55681
1551	-1.39094
1552	-2.43014
1553	-3.13817
1554	-1.61909
1555	-1.35869
1556	-5.97701
1557	-4.93349
1558	-5.90801
1559	-4.26207
1560	-1.16054
1561	-1.72633
1562	-1.01348
1563	-0.936332
1564	-5.9422
1565	-4.31705
1566	-5.10993
1567	-6.20272
1568	1.18357
1569	1.52255
1570	0.836284
1571	1.46498
1572	-3.29893
1573	-2.42843
1574	-2.68134
1575	-3.5074
1576	1.80288
1577	1.59162
1578	1.10365
1579	3.20242
1580	-1.4901
1581	-3.81624
1582	-3.08172
1583	-0.85367
1584	2.29034
1585	3.73855
1586	0.802371
1587	0.513824
1588	0.225055
1589	-2.98361
1590	6.68677
1591	-7.544
1592	-1.32667
1593	-1.124
1594	-5.21677
1595	-7.45715
1596	-8.59471
1597	-5.86526
1598	-5.5601
1599	-7.73393
1600	-2.56314
1601	-2.58098
1602	-1.23068
1603	-3.74135
1604	-5.62961
1605	-5.6702
1606	-7.2674
1607	-6.75842
1608	-0.99245
1609	-0.73953
1610	-2.19589
1611	0.126783
1612	-0.961606
1613	-5.45036
1614	-5.80279
1615	-5.01149
1616	1.41128
1617	0.303312
1618	-0.662217
1619	-0.172137
1620	-2.17437
1621	-7.12592
1622	-3.48922
1623	-2.37043
1624	0.0943475
1625	0.511348
1626	-1.59991
1627	0.26493
1628	-4.47618
1629	-7.91887
1630	-1.91638
1631	-3.43755
1632	-1.74279
1633	-1.01558
1634	2.41021
1635	-0.998212
1636	-3.3957
1637	-3.53823
1638	-3.21227
1639	-4.24815
1640	3.42525
1641	0.798803
1642	-0.768219
1643	-1.8616
1644	-6.59617
1645	-4.93203
1646	-6.16862
1647	-9.35635
1648	-3.44188
1649	-2.9403
1650	-2.70429
1651	-1.47149
1652	-5.86352
1653	-0.955943
1654	-7.85127
1655	-6.06207
1656	0.0524129
1657	-1.24185
1658	-1.54662
1659	-2.39028
1660	-3.89151
1661	-4.03598
1662	-7.23886
1663	-6.56553
1664	0.155489
1665	-0.876792
1666	0.0494579
1667	-3.00571
1668	-3.74668
1669	-5.2783
1670	-3.48927
1671	-2.15168
1672	2.74795
1673	2.42251
1674	1.93295
1675	2.86993
1676	-2.15637
1677	-2.40265
1678	-3.44911
1679	-2.46947
1680	1.26784
1681	1.76762
1682	-0.702646
1683	-0.324675
1684	-1.19706
1685	-3.1362
1686	-3.94451
1687	-3.66635
1688	-12.0538
1689	2.70028
1690	-1.39719
1691	1.7092
1692	-6.74515
1693	-8.53281
1694	-7.48883
1695	-6.00264
1696	-0.588397
1697	-1.04918
1698	-2.68623
1699	-1.34673
1700	-7.12259
1701	-6.53802
1702	-4.59124
1703	-6.70614
1704	0.6966
1705	-0.346384
1706	0.325035
1707	-1.87549
1708	-5.50889
1709	-3.13554
1710	-5.76054
1711	-5.50911
1712	3.21198
1713	1.39406
1714	1.19807
1715	-0.225711
1716	-5.00982
1717	-3.7913
1718	-1.68805
1719	-4.87165
1720	1.96126
1721	0.519892
1722	1.64875
1723	1.384
1724	-5.10288
1725	-4.3448
1726	-3.49576
1727	-5.84123
1728	2.29879
1729	0.57144
1730	-0.684098
1731	-0.894136
1732	-3.32901
1733	-3.65073
1734	-1.12631
1735	-3.26506
1736	0.815678
1737	0.868813
1738	1.26357
1739	1.74781
1740	-7.10422
1741	-7.17113
1742	-7.97394
1743	-3.73422
1744	-2.37443
1745	-1.76619
1746	-3.54907
1747	-2.36872
1748	-6.36247
1749	-6.1494
1750	-5.6613
1751	-4.57813
1752	-2.15167
1753	-1.16666
1754	-3.19388
1755	-3.68122
1756	-6.26113
1757	-6.70612
1758	-5.8782
1759	-5.90721
1760	0.177194
1761	-0.0631738
1762	0.285611
1763	1.2845
1764	-4.16985
1765	-3.14736
1766	-1.43279
1767	-4.78011
1768	3.41882
1769	-0.0209733
1770	1.3765
1771	-1.50394
1772	-3.60403
1773	-4.17344
1774	-3.94069
1775	-3.74289
1776	0.569413
1777	-2.23287
1778	-0.531745
1779	-2.88219
1780	-1.28372
1781	-3.1851
1782	-3.47504
1783	-2.75645
1784	2.29484
1785	0.063267
1786	3.49056
1787	1.29673
1788	-7.45496
1789	-8.00405
1790	-7.68099
1791	-4.61523
1792	-2.15312
1793	-0.599128
1794	-6.44368
1795	-3.07592
1796	-7.5686
1797	-5.67728
1798	-4.62014
1799	-7.19643
1800	-1.71003
1801	-1.20014
1802	-2.14214
1803	-1.59066
1804	-6.15074
1805	-5.6025
1806	-8.90035
1807	-7.00218
1808	1.88946
1809	-2.24625
1810	-0.480814
1811	0.342526
1812	-3.1351
1813	-3.98311
1814	-0.790845
1815	-3.55795
1816	-1.70823
1817	-2.73725
1818	-0.675742
1819	-3.36675
1820	-4.80373
1821	-5.49023
1822	-3.45431
1823	-4.62185
1824	-1.44974
1825	0.211147
1826	-1.52571
1827	-3.24054
1828	-4.9083
1829	-4.23715
1830	-6.31365
1831	-4.49021
1832	0.951753
1833	0.629381
1834	1.83621
1835	1.77991
1836	-8.23442
1837	-8.4719
1838	-4.77301
1839	-6.57965
1840	0.432809
1841	-4.40219
1842	-3.0812
1843	-2.73704
1844	-9.72411
1845	-9.50995
1846	-6.29958
1847	-6.37846
1848	-2.19095
1849	-0.589709
1850	-3.29775
1851	-1.69745
1852	-5.33312
1853	-5.2122
1854	-7.36785
1855	-4.90675
1856	-2.94296
1857	-4.65721
1858	-1.13622
1859	-1.6893
1860	-0.308193
1861	-1.03286
1862	-2.0637
1863	0.385341
1864	-2.20928
1865	-2.12328
1866	-3.51008
1867	-3.45261
1868	1.53945
1869	4.05841
1870	-1.882
1871	-0.0611308
1872	-2.03974
1873	0.48159
1874	-5.68963
1875	-5.05656
1876	-2.92364
1877	-1.15869
1878	-3.74741
1879	-2.82076
1880	-2.23475
1881	1.72859
1882	0.0326776
1883	-3.56533
1884	-5.37299
1885	-1.89169
1886	-3.58877
1887	-3.01103
1888	-4.74941
1889	-2.71987
1890	-4.07608
1891	-5.7817
1892	-2.57101
1893	-1.41297
1894	1.0248
1895	0.999107
1896	-6.32945
1897	-4.73568
1898	-6.74289
1899	-6.57952
1900	-1.49731
1901	0.194496
1902	-4.96379
1903	2.4277
1904	-0.776228
1905	-0.463768
1906	-2.95032
1907	-3.13979
1908	0.55634
1909	-0.794753
1910	0.926551
1911	-0.872584
1912	-4.21359
1913	-0.909681
1914	-2.64651
1915	-2.58285
1916	-2.9957
1917	-2.60077
1918	-0.671585
1919	-3.08715
1920	-3.17297
1921	-1.64578
1922	-3.60555
1923	-4.37745
1924	-7.12758
1925	-5.97057
1926	-1.83843
1927	-5.15407
1928	-2.62948
1929	0.519118
1930	-1.90978
1931	-0.975376
1932	-5.31917
1933	-2.3195
1934	-1.26795
1935	-1.39013
1936	-4.30531
1937	-4.96201
1938	-6.21388
1939	-5.0451
1940	-0.978871
1941	-2.1749
1942	-1.25415
1943	-0.905637
1944	-7.05651
1945	-2.57455
1946	-4.95937
1947	-1.1134
1948	1.00309
1949	-1.68703
1950	-4.64848
1951	-0.325454
1952	-0.259338
1953	-2.3723
1954	-2.26866
1955	-1.87943
1956	0.215215
1957	1.73632
1958	-0.707601
1959	-0.715807
1960	-4.08734
1961	0.0404016
1962	-3.80093
1963	-1.59483
1964	1.63164
1965	-1.85712
1966	-0.32497
1967	-0.964453
1968	-1.21338
1969	-2.59334
1970	-3.21271
1971	-2.75935
1972	-3.00764
1973	0.56843
1974	-3.14173
1975	-2.07369
1976	-2.82323
1977	-4.47459
1978	-3.48007
1979	-4.77459
1980	-0.610244
1981	-1.91147
1982	-2.81681
1983	-2.72086
1984	-6.17346
1985	-4.95042
1986	-4.1569
1987	-3.59782
1988	-3.14363
1989	-4.39417
1990	-1.18787
1991	-1.7472
1992	-5.82676
1993	-6.07615
1994	-6.6625
1995	-2.94314
1996	-2.89542
1997	-2.75687
1998	-2.45129
1999	-2.57412
2000	-3.505
2001	-3.74696
2002	-3.46053
2003	-2.61096
2004	-0.984933
2005	-0.295481
2006	-4.01876
2007	-3.06573
2008	-2.69806
2009	-3.593
2010	-3.19708
2011	-2.57585
2012	-1.81126
2013	-3.42886
2014	-2.15062
2015	-1.1979
2016	-6.92992
2017	-3.21566
2018	-4.13257
2019	-6.23435
2020	-2.15057
2021	-0.301309
2022	-2.56612
2023	0.0857485
2024	-2.97548
2025	-5.62091
2026	-2.23139
2027	-4.38374
2028	-4.35632
2029	-4.8227
2030	-5.74065
2031	-5.88756
2032	-6.72965
2033	-9.02046
2034	-8.2284
2035	-7.91433
2036	-4.9427
2037	-3.09621
2038	-3.0793
2039	-1.86586
2040	-6.5738
2041	-5.00514
2042	-6.47354
2043	-6.23141
2044	-4.96687
2045	-0.816616
2046	-3.90747
2047	-3.1246
2048	-3.86736
2049	-4.5388
2050	-2.79097
2051	-2.49649
2052	0.205814
2053	-1.08028
2054	-0.346154
2055	-0.643771
2056	-1.1873
2057	-1.22495
2058	-1.38762
2059	-3.94597
2060	-4.43125
2061	-0.930486
2062	-0.752976
2063	-1.29231
2064	-3.18454
2065	-0.0702985
2066	-2.35793
2067	-4.6414
2068	-0.395837
2069	-1.41645
2070	-0.73136
2071	0.536857
2072	0.400895
2073	-4.13367
2074	-2.6934
2075	-0.43914
2076	-5.87214
2077	-5.28508
2078	-1.20453
2079	-2.00619
2080	-5.30623
2081	-6.02139
2082	-8.14145
2083	-8.53066
2084	-5.38653
2085	-2.55842
2086	0.702351
2087	-1.14076
2088	-5.9591
2089	-6.67684
2090	-7.02157
2091	-4.72798
2092	-3.48698
2093	-3.08091
2094	-3.31823
2095	-2.34162
2096	-4.90172
2097	-4.54282
2098	-7.30074
2099	-3.46836
2100	0.46331
2101	-2.05389
2102	-1.32056
2103	-1.97021
2104	-1.0469
2105	-4.09951
2106	-5.01401
2107	-1.85395
2108	-1.95631
2109	-2.70324
2110	-1.61687
2111	-3.21201
2112	-4.91658
2113	1.27491
2114	-6.10985
2115	-7.51628
2116	-2.88344
2117	0.0308302
2118	-4.13243
2119	-2.73625
2120	-3.21416
2121	-4.44953
2122	-1.97427
2123	-6.14085
2124	-1.90573
2125	-2.38174
2126	-2.46437
2127	-1.85223
2128	-5.715
2129	-6.64767
2130	-9.58729
2131	-6.61081
2132	-4.0389
2133	-2.27907
2134	-1.09192
2135	-2.82818
2136	-7.70801
2137	-5.83782
2138	-7.73063
2139	-5.95074
2140	-3.20903
2141	-2.78446
2142	-6.05885
2143	-2.71157
2144	-4.31887
2145	-0.996356
2146	-4.21736
2147	-4.21054
2148	-1.62074
2149	-1.25197
2150	-2.36267
2151	-2.93517
2152	-5.12524
2153	-3.59718
2154	-3.46425
2155	-3.20168
2156	-2.28323
2157	-0.742958
2158	-3.12758
2159	-3.19639
2160	-3.43494
2161	-5.60509
2162	-5.834
2163	-6.60894
2164	-3.05144
2165	-2.57873
2166	1.50884
2167	-1.25724
2168	-7.85475
2169	-5.8148
2170	-4.30327
2171	-3.11015
2172	-4.94712
2173	-3.38884
2174	-3.08327
2175	-0.645078
2176	-8.14609
2177	-8.11727
2178	-5.90765
2179	-5.70356
2180	-1.93986
2181	-4.41769
2182	-4.19567
2183	-0.843729
2184	-6.19473
2185	-5.99117
2186	-7.7161
2187	-6.79559
2188	-4.34956
2189	-4.26603
2190	-1.14496
2191	-2.23491
2192	-4.11538
2193	-3.82056
2194	-2.56499
2195	-3.83555
2196	-3.46751
2197	-1.85033
2198	5.56168
2199	6.77604
2200	-1.62515
2201	-5.09927
2202	-4.42539
2203	-5.1715
2204	-2.41178
2205	-1.13781
2206	-2.52003
2207	-1.87349
2208	-6.81535
2209	-6.64097
2210	-4.86499
2211	-3.71098
2212	-2.18456
2213	-2.18856
2214	-2.9996
2215	-1.23747
2216	-5.53582
2217	-5.91096
2218	-1.97193
2219	-2.89889
2220	-3.11872
2221	-7.12127
2222	-1.0044
2223	-1.07336
2224	-7.64989
2225	-9.88468
2226	-6.281
2227	-8.74
2228	-5.30372
2229	-5.94706
2230	-0.249953
2231	-3.97304
2232	-5.38643
2233	-3.00728
2234	-7.636
2235	-7.66389
2236	-2.97833
2237	-3.97832
2238	-2.99583
2239	-4.11611
2240	0
2241	0
2242	0
2243	0
2244	0
2245	0
2246	0
2247	0
2248	0
2249	0
2250	0
2251	0
2252	0
2253	0
2254	0
2255	0
2256	0
2257	0
2258	0
2259	0
2260	0
2261	0
2262	0
2263	0
2264	0
2265	0
2266	0
2267	0
2268	0
2269	0
2270	0
2271	0
2272	0
2273	0
2274	0
2275	0
2276	0
2277	0
2278	0
2279	0
2280	0
2281	0
2282	0
2283	0
2284	0
2285	0
2286	0
2287	0
2288	0
2289	0
2290	0
2291	0
2292	0
2293	0
2294	0
2295	0
2296	0
2297	0
2298	0
2299	0
2300	0
2301	0
2302	0
2303	0
2304	0
2305	0
2306	0
2307	0
2308	0
2309	0
2310	0
2311	0
2312	0
2313	0
2314	0
2315	0
2316	0
2317	0
2318	0
2319	0
2320	0
2321	0
2322	0
2323	0
2324	0
2325	0
2326	0
2327	0
2328	0
2329	0
2330	0
2331	0
2332	0
2333	0
2334	0
2335	0
2336	0
2337	0
2338	0
2339	0
2340	0
2341	0
2342	0
2343	0
2344	0
2345	0
2346	0
2347	0
2348	0
2349	0
2350	0
2351	0
2352	0
2353	0
2354	0
2355	0
2356	0
2357	0
2358	0
2359	0
2360	29.7629
2361	24.4783
2362	30.2743
2363	30.4053
2364	26.9815
2365	30.1915
2366	27.3593
2367	30.1832
2368	30.5631
2369	28.4624
2370	25.8548
2371	24.8426
2372	25.9161
2373	25.3208
2374	31.4585
2375	31.4643
2376	32.56
2377	25.7536
2378	29.7401
2379	32.7083
2380	28.196
2381	30.2008
2382	31.0578
2383	28.5902
2384	36.1498
2385	31.1243
2386	32.5952
2387	24.9471
2388	30.086
2389	30.4453
2390	28.0045
2391	29.9691
2392	34.3509
2393	35.5812
2394	31.6295
2395	36.0171
2396	29.8426
2397	25.6025
2398	30.5164
2399	24.6842
2400	18.4413
2401	26.4856
2402	33.9765
2403	34.2148
2404	32.0376
2405	34.1834
2406	29.6221
2407	28.6412
2408	24.1164
2409	24.76
2410	24.2539
2411	24.7387
2412	27.3463
2413	26.9741
2414	35.2288
2415	30.3009
2416	30.3033
2417	34.8916
2418	33.5412
2419	30.6354
2420	33.452
2421	31.257
2422	29.6287
2423	30.921
2424	38.2872
2425	33.1
2426	33.1528
2427	33.0969
2428	30.4078
2429	35.5853
2430	33.893
2431	27.544
2432	34.9559
2433	30.3814
2434	27.8601
2435	30.8483
2436	32.6194
2437	34.3513
2438	30.7466
2439	33.0319
2440	32.0398
2441	36.0443
2442	31.8714
2443	30.0446
2444	29.316
2445	25.4428
2446	32.0841
2447	26.5092
2448	31.2006
2449	34.6751
2450	24.1735
2451	35.3845
2452	32.4346
2453	34.3062
2454	28.8526
2455	0
2456	35.7981
2457	30.3729
2458	29.3801
2459	30.9421
2460	30.1624
2461	33.5793
2462	35.1476
2463	33.5223
2464	34.6446
2465	35.9063
2466	31.7525
2467	27.8035
2468	28.894
2469	34.2175
2470	27.5987
2471	27.4708
2472	32.2559
2473	35.7601
2474	35.5979
2475	31.9136
2476	31.7917
2477	31.8159
2478	34.8807
2479	31.1868
2480	33.2983
2481	33.5102
2482	33.8998
2483	30.6905
2484	31.9668
2485	36.7561
2486	35.4634
2487	37.8028
2488	36.77
2489	37.2691
2490	32.2905
2491	27.8481
2492	36.0861
2493	33.4909
2494	28.8419
2495	30.2469
2496	33.5707
2497	31.6819
2498	38.2872
2499	36.0712
2500	36.9155
2501	36.7933
2502	33.2052
2503	34.5328
2504	34.264
2505	32.4405
2506	28.2716
2507	34.4718
2508	33.0622
2509	38.1673
2510	34.626
2511	35.7247
2512	36.5482
2513	36.1728
2514	31.6128
2515	35.416
2516	34.2608
2517	30.1244
2518	31.6255
2519	29.311
2520	33.3392
2521	31.3265
2522	35.7625
2523	34.3817
2524	38.5157
2525	35.8899
2526	32.0092
2527	33.6818
2528	33.4973
2529	29.94
2530	32.3149
2531	32.3294
2532	36.3404
2533	33.5618
2534	36.6735
2535	35.4568
2536	33.9672
2537	34.1389
2538	33.5845
2539	25.2446
2540	33.8092
2541	31.2181
2542	31.9542
2543	29.1576
2544	25.8955
2545	27.9248
2546	29.2831
2547	33.9171
2548	31.625
2549	34.0969
2550	26.8605
2551	36.8798
2552	31.5967
2553	30.1016
2554	30.2219
2555	26.5694
2556	29.5355
2557	30.4165
2558	31.6607
2559	32.9077
2560	30.6326
2561	30.3968
2562	31.6703
2563	35.7443
2564	28.7233
2565	27.9874
2566	28.001
2567	28.8058
2568	30.5279
2569	31.335
2570	29.7539
2571	29.1483
2572	27.4416
2573	29.5889
2574	27.3226
2575	29.8532
2576	29.4923
2577	26.7036
2578	33.5522
2579	29.1413
2580	31.5813
2581	24.383
2582	29.346
2583	24.9136
2584	29.6864
2585	30.1388
2586	26.857
2587	26.0202
2588	27.2929
2589	30.0531
2590	27.6713
2591	27.6889
2592	32.7984
2593	31.5735
2594	28.1123
2595	30.7929
2596	0
2597	0
2598	0
2599	0
2600	0
2601	0
2602	0
2603	0
2604	0
2605	0
2606	0
2607	0
2608	0
2609	0
2610	0
2611	0
2612	0
2613	0
2614	0
2615	0
2616	0
2617	0
2618	0
2619	0
2620	0
2621	0
2622	0
2623	0
2624	0
2625	0
2626	0
2627	0
2628	0
2629	0
2630	0
2631	0
2632	0
2633	0
2634	0
2635	0
2636	0
2637	0
2638	0
2639	0
2640	0
2641	0
2642	0
2643	0
2644	0
2645	0
2646	0
2647	0
2648	0
2649	0
2650	0
2651	0
2652	0
2653	0
2654	0
2655	0
2656	0
2657	0
2658	0
2659	0
2660	0
2661	0
2662	0
2663	0
2664	0
2665	0
2666	0
2667	0
2668	0
2669	0
2670	0
2671	0
2672	0
2673	0
2674	0
2675	0
2676	0
2677	0
2678	0
2679	0
2680	0
2681	0
2682	0
2683	0
2684	0
2685	0
2686	0
2687	0
2688	0
2689	0
2690	0
2691	0
2692	0
2693	0
2694	0
2695	0
2696	0
2697	0
2698	0
2699	0
2700	0
2701	0
2702	0
2703	0
2704	0
2705	0
2706	0
2707	0
2708	0
2709	0
2710	0
2711	0
2712	0
2713	0
2714	0
2715	0
