0	-1.39196
1	-0.170598
2	-2.95077
3	-2.79982
4	-1.94835
5	-1.46613
6	-5.32921
7	-1.36067
8	-2.23881
9	-6.8526
10	-2.9318
11	-7.63489
12	-2.66049
13	-1.0783
14	-0.823576
15	-2.54585
16	0.78365
17	-3.15983
18	-3.93385
19	-1.48105
20	0.592595
21	-4.1225
22	-2.00299
23	-0.0200446
24	-4.29446
25	-5.04618
26	-3.75233
27	-5.33429
28	-3.12048
29	-5.74672
30	-3.56873
31	-3.44468
32	-10.3752
33	-8.68938
34	-6.70949
35	-7.66358
36	-5.7997
37	-5.45362
38	-5.68522
39	-2.77294
40	-6.83326
41	-5.61661
42	-5.44017
43	-7.64233
44	-12.131
45	-6.94185
46	-4.58464
47	-5.63047
48	1.69829
49	0.652851
50	-3.85787
51	-2.43749
52	1.5127
53	-1.54323
54	-0.0360932
55	-0.799287
56	-0.50166
57	-1.44903
58	-2.5961
59	0.494518
60	2.48737
61	-0.295821
62	0.499983
63	-1.83474
64	-1.55461
65	-1.74176
66	-1.56457
67	-1.13739
68	1.18386
69	-1.56372
70	-2.75729
71	-1.05434
72	-2.03036
73	-4.4483
74	-6.02785
75	-4.72824
76	-2.73058
77	-3.23909
78	-3.2136
79	-4.03014
80	-7.10734
81	-6.97022
82	-6.3776
83	-6.68416
84	-4.69037
85	-2.54409
86	-3.07471
87	-3.10027
88	-4.77018
89	-5.36672
90	-4.73749
91	-4.83602
92	-8.42441
93	-7.7824
94	-6.45041
95	-9.4607
96	6.16213
97	4.48421
98	-0.764823
99	-0.404332
100	1.429
101	1.10053
102	0.583241
103	1.51057
104	-0.792194
105	-2.77332
106	1.10389
107	-0.661294
108	1.29237
109	1.08913
110	1.97756
111	2.03022
112	-2.79313
113	-2.77697
114	-3.1478
115	-0.92571
116	-1.60089
117	-1.74534
118	-3.338
119	-1.08676
120	-5.24457
121	-4.57288
122	-6.2768
123	-4.61617
124	-1.89248
125	-3.50458
126	-3.77342
127	-1.83941
128	-6.04849
129	-3.1997
130	-4.78287
131	-3.12794
132	-0.928209
133	-3.1117
134	-0.745196
135	2.03785
136	-3.27691
137	-4.40547
138	-4.05875
139	-2.4412
140	-5.34888
141	-7.64549
142	-6.03318
143	-8.15138
144	2.64524
145	1.18363
146	-2.66587
147	-1.50403
148	0.715153
149	1.06797
150	1.21298
151	0.985433
152	-4.58701
153	-1.46394
154	-0.722958
155	0.652255
156	0.788859
157	3.52112
158	1.42723
159	1.30996
160	1.6968
161	1.30437
162	-0.257862
163	-2.38629
164	-0.106808
165	-1.28936
166	-3.7285
167	-1.87031
168	-1.71255
169	-4.3048
170	-8.15481
171	-7.68681
172	-2.22007
173	-2.72099
174	-0.765983
175	-4.74377
176	-2.86456
177	-4.77617
178	-1.96669
179	-4.01326
180	-0.708546
181	0.033694
182	-3.26349
183	-2.07276
184	0.483914
185	-4.43985
186	-3.73239
187	0.522865
188	-6.74739
189	-3.21368
190	-5.98689
191	-8.9308
192	4.16689
193	3.95574
194	-1.58112
195	-0.916389
196	0.376689
197	0.321092
198	-0.786823
199	2.05867
200	-1.02306
201	0.830234
202	-0.711037
203	-3.48291
204	1.73579
205	0.272456
206	0.13574
207	2.44266
208	0.450489
209	-0.838141
210	-20.8806
211	0.280702
212	0.233295
213	-1.31151
214	-4.32734
215	-3.15319
216	-4.37851
217	-4.68088
218	-2.4545
219	-4.90717
220	-1.80914
221	-5.19055
222	-1.84024
223	-0.425481
224	-4.02462
225	-3.11719
226	-6.49634
227	-4.06094
228	-2.48037
229	-1.19009
230	-2.94591
231	-2.72166
232	-0.168896
233	-2.13066
234	-1.98174
235	0.660445
236	-6.3141
237	-5.17012
238	-8.25883
239	-10.5262
240	2.26726
241	4.70329
242	-0.403696
243	-1.43382
244	-0.854501
245	-1.96309
246	0.385316
247	-0.160244
248	1.91425
249	-0.691429
250	-0.291385
251	-0.215005
252	2.26175
253	1.27517
254	2.4274
255	-0.34744
256	0.243894
257	0.851259
258	-0.590658
259	-1.27826
260	0.800718
261	-2.45433
262	-5.81587
263	-4.00463
264	-3.17656
265	-2.85625
266	-4.01245
267	-7.51454
268	-0.476171
269	-1.3857
270	-2.52334
271	-1.54915
272	-4.63468
273	-2.5048
274	-0.458767
275	-1.62318
276	-0.781178
277	-1.9909
278	-0.674262
279	-0.962022
280	0.152004
281	0.590376
282	-0.462277
283	-0.149925
284	-4.59229
285	-0.401054
286	-9.13049
287	-6.81684
288	4.63837
289	3.46931
290	0.0685646
291	-0.174599
292	-0.993675
293	1.35488
294	-1.60101
295	3.51999
296	-0.653595
297	0.495423
298	-1.79282
299	-1.11907
300	0.792313
301	4.13289
302	2.31793
303	1.02173
304	1.30058
305	-0.23709
306	-3.19394
307	-0.539211
308	-5.71195
309	-10.098
310	-7.55021
311	-8.80795
312	-3.60708
313	-3.62264
314	-3.55577
315	-3.41059
316	-1.74363
317	1.98428
318	-2.83191
319	-0.444876
320	-4.66666
321	-5.95429
322	-7.4285
323	-6.00165
324	-5.01997
325	-1.78484
326	-3.4569
327	-7.23979
328	-2.83008
329	-5.89414
330	-5.59872
331	-1.50549
332	-8.86518
333	-7.91848
334	-3.32047
335	-4.7318
336	5.43936
337	3.73379
338	0.731645
339	2.70225
340	2.84871
341	0.125026
342	2.61577
343	2.2437
344	-0.992829
345	-0.274462
346	1.30416
347	-0.331408
348	2.57466
349	0.128803
350	2.63921
351	1.60551
352	-1.006
353	0.61534
354	1.86393
355	0.544517
356	-2.9333
357	-4.54279
358	-5.84751
359	-9.99067
360	-0.551501
361	-5.11256
362	-3.23845
363	-0.484951
364	-3.11233
365	-1.88042
366	-2.53253
367	-2.18112
368	-3.79556
369	-4.0628
370	-2.04255
371	-5.92426
372	0.470406
373	1.38163
374	-0.930173
375	3.67469
376	-1.32109
377	2.05312
378	-0.516326
379	-1.26663
380	-3.80616
381	-6.04069
382	-8.24095
383	-7.34186
384	-2.07124
385	-2.98025
386	4.34675
387	0.621916
388	-4.24361
389	-5.42527
390	-6.47045
391	-4.25043
392	1.52894
393	2.08206
394	-0.406281
395	0.813116
396	-5.85185
397	-3.90616
398	-5.4874
399	-2.54105
400	-0.583234
401	-1.34821
402	2.27206
403	-1.47107
404	-5.90393
405	-6.57535
406	-7.58712
407	-7.93755
408	0.943628
409	-3.13453
410	0.210708
411	-3.59181
412	-6.35525
413	-7.98765
414	-4.90376
415	-8.00463
416	-3.10857
417	-4.12898
418	-3.37953
419	-2.67294
420	-6.02136
421	-8.01958
422	-7.06911
423	-4.50775
424	-12.5986
425	-13.1916
426	-12.795
427	-12.9536
428	-10.7494
429	-9.11049
430	-14.5508
431	-13.3507
432	-3.81399
433	-3.44567
434	1.20371
435	-1.219
436	-3.56526
437	-7.23202
438	-2.69611
439	-5.7277
440	1.31773
441	0.232249
442	0.162651
443	1.81624
444	-0.717378
445	-3.84064
446	-3.03703
447	-4.37499
448	1.04624
449	-0.740826
450	2.33299
451	-2.49324
452	-0.700813
453	-7.03866
454	-8.62764
455	-7.92844
456	-1.01234
457	-1.66393
458	-3.48694
459	-3.39233
460	-6.3709
461	-5.89675
462	-5.09938
463	-8.54994
464	-3.28282
465	-3.1887
466	-5.81321
467	-3.99322
468	-5.20699
469	-4.96894
470	-7.33844
471	-5.00862
472	-11.8761
473	-13.8645
474	-13.5046
475	-12.9576
476	-13.7684
477	-13.0655
478	-13.4532
479	-13.0925
480	3.92584
481	1.16167
482	0.267036
483	2.05596
484	-6.08232
485	-4.32527
486	-4.40367
487	-4.62988
488	1.97176
489	2.38672
490	1.14982
491	-0.158733
492	-2.97415
493	-2.42536
494	-1.96211
495	-4.25916
496	0.68145
497	1.03701
498	-0.21127
499	0.0492659
500	-1.11851
501	-7.125
502	-7.1116
503	-6.56161
504	-0.998015
505	-0.891658
506	-4.18228
507	-1.48272
508	-6.19489
509	-8.38539
510	-6.25652
511	-5.7788
512	-3.34308
513	-4.75087
514	0.252061
515	-3.68222
516	-4.97706
517	-6.31905
518	-6.75788
519	-5.89327
520	-11.8968
521	-14.463
522	-9.42551
523	-10.9392
524	-10.4139
525	-11.6987
526	-11.2779
527	-8.92612
528	2.81542
529	1.83255
530	-1.94439
531	-1.88976
532	-3.1693
533	-2.0446
534	-3.78726
535	-5.7961
536	-1.45213
537	-1.25896
538	1.02247
539	-0.259658
540	-5.77338
541	-5.97215
542	-7.02837
543	-2.07582
544	3.22621
545	2.29336
546	-2.67999
547	-0.430481
548	-5.54725
549	-7.52854
550	-9.05929
551	-9.71193
552	-0.545327
553	1.39887
554	-0.513919
555	0.877194
556	-5.5689
557	-5.62835
558	-5.06791
559	-5.40549
560	-3.77526
561	-0.709561
562	-2.24753
563	-0.133472
564	-6.45688
565	-4.06307
566	-6.52195
567	-5.51134
568	-11.3744
569	-11.8632
570	-10.5426
571	-10.8377
572	-6.68914
573	-6.74979
574	-11.3
575	-11.8294
576	0.403608
577	0.374518
578	2.29554
579	2.13351
580	-3.26263
581	-2.45368
582	-2.19447
583	-1.53657
584	2.19936
585	1.17048
586	1.99288
587	0.677001
588	-5.93679
589	-4.45495
590	-0.629198
591	-3.14134
592	2.34332
593	-1.93268
594	0.800779
595	0.815159
596	-3.95661
597	-6.952
598	-5.74064
599	-6.23006
600	1.13632
601	-0.824226
602	-0.0535985
603	1.03633
604	-6.60306
605	-3.92501
606	-4.8862
607	-5.53282
608	-2.42471
609	-4.18963
610	-1.79589
611	-1.26636
612	-5.19139
613	-6.20652
614	-5.83313
615	-5.438
616	-10.9573
617	-11.9954
618	-10.1913
619	-9.34073
620	-11.0803
621	-9.43482
622	-13.3484
623	-11.7474
624	2.35051
625	2.66165
626	3.93705
627	1.99745
628	-1.72319
629	-0.346371
630	-1.56549
631	-4.58986
632	2.70994
633	4.02804
634	0.368885
635	0.519088
636	-2.39616
637	0.00463631
638	-2.01729
639	-0.0933079
640	2.35676
641	1.50178
642	1.81275
643	1.73147
644	-0.76839
645	-5.41802
646	-4.58689
647	1.8842
648	-9.61418
649	-8.80629
650	-10.8413
651	-11.6473
652	-6.14113
653	-8.34706
654	-5.11151
655	-5.39085
656	-2.88057
657	-2.51883
658	-2.48337
659	-3.96226
660	-6.86806
661	-4.9813
662	-6.39507
663	-5.18025
664	-10.6588
665	-8.28119
666	-9.43502
667	-9.80416
668	-9.90946
669	-10.2873
670	-8.32805
671	-7.86806
672	3.19452
673	1.53402
674	1.26783
675	1.35685
676	-1.51811
677	-3.83958
678	-2.13488
679	-4.39857
680	2.12731
681	3.88972
682	4.43893
683	2.87706
684	-4.94003
685	-5.52517
686	-3.27244
687	-6.19914
688	2.95802
689	-1.64016
690	0.404957
691	1.2468
692	0.0586975
693	-2.74302
694	3.24853
695	-6.86789
696	-8.44256
697	-9.22851
698	-10.1877
699	-8.67957
700	-6.6971
701	-4.34221
702	-6.58333
703	-4.68845
704	-2.58993
705	-3.9515
706	0.286934
707	-1.45548
708	-6.57214
709	-4.26329
710	-3.82062
711	-6.28566
712	-11.8603
713	-8.2296
714	-10.6693
715	-11.7101
716	-8.49531
717	-8.24894
718	-11.2487
719	-10.9919
720	-3.66519
721	-4.34276
722	1.12363
723	2.65763
724	-2.61201
725	-3.18883
726	-3.88712
727	-2.77028
728	2.98728
729	1.62217
730	0.137298
731	2.80101
732	-5.25355
733	-7.13964
734	-5.72851
735	-4.35645
736	1.06689
737	0.845338
738	-2.46904
739	-2.86294
740	-1.99085
741	-2.05062
742	-4.59556
743	3.55795
744	-7.29999
745	-6.54224
746	-10.1245
747	-7.97408
748	-3.30857
749	-3.9664
750	-6.23708
751	-3.79977
752	-3.14472
753	-2.95396
754	-5.08925
755	-1.21701
756	-7.2561
757	-5.76244
758	-10.2082
759	-9.43919
760	-11.9121
761	-8.61198
762	-10.0055
763	-10.9845
764	-7.17471
765	-10.239
766	-7.51521
767	-10.6557
768	-3.12042
769	-4.99118
770	-3.24877
771	-4.29921
772	-2.40049
773	-0.868716
774	-3.29174
775	-0.661206
776	-4.93536
777	-3.23056
778	-6.1223
779	-4.05152
780	-3.98096
781	-1.29447
782	-4.77364
783	-6.19007
784	-4.86514
785	-6.27481
786	-3.05693
787	-2.82527
788	-1.17353
789	-3.39164
790	-3.14318
791	-4.47485
792	-8.84975
793	-8.52275
794	-9.01551
795	-10.8439
796	-5.32372
797	-4.40824
798	-8.39811
799	-6.209
800	-8.08683
801	-8.48986
802	-9.38542
803	-8.09355
804	-9.61547
805	-9.15749
806	-7.11112
807	-5.08496
808	-13.8526
809	-12.2576
810	-9.41089
811	-9.00509
812	-13.4366
813	-14.2918
814	-18.1129
815	-13.3692
816	-5.53317
817	-3.03464
818	-5.79472
819	-4.22307
820	-1.57296
821	-1.60296
822	-1.46034
823	-1.72771
824	-6.45213
825	-4.77116
826	-4.98387
827	-7.10966
828	-2.43586
829	-3.69963
830	-3.76682
831	-4.11418
832	-1.00931
833	-6.78018
834	-3.8088
835	-5.30715
836	-2.90071
837	-3.65399
838	-5.36004
839	-3.99123
840	-6.45256
841	-6.99473
842	-10.7659
843	-8.14574
844	-5.10319
845	-4.17482
846	-6.04354
847	-8.27921
848	-7.98669
849	-7.55888
850	-7.85729
851	-6.83936
852	-2.11441
853	-7.78902
854	-6.86282
855	-5.28352
856	-12.4222
857	-11.7358
858	-8.66664
859	-10.0719
860	-22.2828
861	-15.6148
862	-15.421
863	-13.4008
864	-4.02702
865	-4.19707
866	-3.91
867	-2.58464
868	-2.36073
869	-4.15493
870	-1.3646
871	-1.72513
872	-5.12982
873	-6.43498
874	-5.43253
875	-5.4865
876	-7.05072
877	-2.09302
878	-5.90769
879	-5.69809
880	-4.13353
881	-7.58881
882	-1.97077
883	-5.65242
884	-3.908
885	-5.48828
886	-5.36863
887	-2.62941
888	-6.2076
889	-7.40211
890	-12.2364
891	-11.0028
892	-6.26401
893	-7.47153
894	-5.51693
895	-10.2873
896	-8.98989
897	-8.83038
898	-8.4842
899	-6.4933
900	-4.99894
901	-5.9371
902	-5.27773
903	-5.45574
904	-12.2698
905	-12.3797
906	-9.73556
907	-9.56098
908	-11.3428
909	-12.5366
910	-16.2146
911	-15.1355
912	-3.02176
913	-2.77715
914	-5.16849
915	-3.05634
916	-0.638134
917	-2.13396
918	-1.5381
919	-1.0428
920	-5.08293
921	-3.99973
922	-2.53811
923	-0.915808
924	-0.594767
925	-1.4652
926	-0.890201
927	-0.930437
928	0.275914
929	-2.80285
930	-3.48036
931	-7.10776
932	-4.16073
933	-3.60349
934	-2.44703
935	-4.80942
936	-6.78034
937	-5.43819
938	-8.94144
939	-9.11829
940	-5.50424
941	-5.46876
942	-6.97311
943	-4.28395
944	-7.8739
945	-5.68392
946	-5.50859
947	-5.88326
948	-4.81418
949	-5.42724
950	-3.99219
951	-5.58003
952	-10.0264
953	-11.2503
954	-8.53595
955	-6.83827
956	-11.5205
957	-13.8639
958	-13.3484
959	-13.5654
960	-4.1195
961	-5.46938
962	-3.81159
963	-3.78432
964	-0.328887
965	0.151337
966	-3.69694
967	-2.23804
968	-2.05612
969	-2.11548
970	-2.45645
971	-4.00143
972	-7.05032
973	-2.34909
974	-4.43384
975	-5.12759
976	-4.0377
977	-5.35209
978	-5.94743
979	-6.03723
980	-3.51597
981	-6.54416
982	-6.42066
983	-4.43724
984	-9.02284
985	-7.82847
986	-5.1812
987	-7.22025
988	-3.36352
989	-1.82259
990	-5.82414
991	-5.18333
992	-11.6196
993	-11.4207
994	-7.53416
995	-9.12598
996	-9.17214
997	-11.5431
998	-12.3301
999	-14.1795
1000	-4.00662
1001	-1.60118
1002	-0.151097
1003	-1.52563
1004	-1.4768
1005	0.986623
1006	0.46785
1007	1.91831
1008	-1.89374
1009	-2.60618
1010	-1.14677
1011	-2.18988
1012	0.767241
1013	-1.6591
1014	-3.21044
1015	-6.00289
1016	-1.80864
1017	-2.32727
1018	-3.79154
1019	-2.96851
1020	-1.67103
1021	-3.35517
1022	-4.75541
1023	-3.35508
1024	-5.56945
1025	-5.61178
1026	-7.12631
1027	-6.12367
1028	-5.53164
1029	-4.50741
1030	-2.30191
1031	-5.65026
1032	-11.9207
1033	-11.0505
1034	-9.24834
1035	-6.19047
1036	-10.4248
1037	-12.4463
1038	-14.1499
1039	-15.2686
1040	-1.78416
1041	-2.495
1042	-0.00144127
1043	-1.76086
1044	-5.30805
1045	-5.34236
1046	-1.08778
1047	-0.178387
1048	-2.69462
1049	-3.01618
1050	-2.61359
1051	-2.3047
1052	-2.84626
1053	-0.124395
1054	-1.40302
1055	0.520936
1056	-2.26555
1057	-5.11514
1058	-0.986787
1059	-3.67371
1060	-1.79314
1061	-4.71529
1062	-5.65484
1063	-4.16912
1064	-6.75436
1065	-6.1586
1066	-4.08131
1067	-6.76859
1068	-3.92779
1069	-5.24591
1070	-5.92031
1071	-4.52469
1072	-10.3952
1073	-9.3615
1074	-9.50406
1075	-6.72346
1076	-9.89025
1077	-8.79999
1078	-13.1308
1079	-11.8557
1080	1.75257
1081	0.254105
1082	-2.28092
1083	-1.65313
1084	2.20502
1085	-0.63839
1086	-3.07858
1087	-0.18977
1088	-3.55959
1089	-2.75146
1090	-2.8678
1091	-1.74556
1092	-0.727369
1093	0.378786
1094	-2.09312
1095	-1.54687
1096	-2.34786
1097	-3.69036
1098	-3.31472
1099	-5.68913
1100	-2.60464
1101	-4.65023
1102	-7.3108
1103	-3.74799
1104	-9.38348
1105	-7.75242
1106	-4.12243
1107	-6.99004
1108	-4.93888
1109	-3.4017
1110	-4.354
1111	-7.03723
1112	-11.005
1113	-10.4372
1114	-7.152
1115	-7.63131
1116	-7.18778
1117	-10.2519
1118	-14.0757
1119	-12.9275
1120	0.987599
1121	1.01045
1122	2.6288
1123	-0.229619
1124	5.05029
1125	3.67928
1126	-0.59451
1127	-1.28158
1128	-3.37043
1129	-0.738955
1130	-2.92564
1131	-2.38319
1132	1.36401
1133	1.93403
1134	2.8492
1135	0.236971
1136	-0.742516
1137	-1.1592
1138	-2.335
1139	-3.32372
1140	-2.71239
1141	-2.10907
1142	-1.19034
1143	-2.23061
1144	-3.55632
1145	-5.67863
1146	-5.24244
1147	-2.7936
1148	0.580805
1149	-2.34161
1150	-4.87046
1151	-4.69456
1152	-3.69463
1153	-7.43349
1154	-2.88377
1155	-1.26535
1156	-3.21385
1157	-5.76045
1158	1.98252
1159	0.185043
1160	0.892126
1161	1.28482
1162	-0.834512
1163	-1.39882
1164	1.06808
1165	-0.189988
1166	-1.00518
1167	-1.23215
1168	-1.51973
1169	-2.98029
1170	-1.50462
1171	-3.18525
1172	1.27341
1173	2.78791
1174	3.61389
1175	2.97831
1176	-1.37145
1177	-0.639929
1178	-0.793502
1179	-2.76358
1180	1.16431
1181	-2.90217
1182	-4.8072
1183	-3.59645
1184	-3.50839
1185	-5.34947
1186	-4.39197
1187	-4.22821
1188	-2.43128
1189	-1.17596
1190	1.75427
1191	-1.46288
1192	-2.50548
1193	-3.37018
1194	-5.3226
1195	-2.22575
1196	2.16554
1197	-0.640175
1198	-1.13713
1199	1.4545
1200	-1.22547
1201	0.208805
1202	-1.94169
1203	-0.0456425
1204	3.31235
1205	1.51758
1206	-1.10072
1207	-1.19528
1208	-1.24863
1209	-2.18208
1210	-3.61865
1211	-2.50053
1212	-1.33902
1213	1.48981
1214	1.14648
1215	0.181932
1216	-0.690524
1217	-1.22266
1218	-3.8012
1219	-3.41468
1220	-4.21119
1221	-7.78462
1222	-2.28846
1223	-2.44038
1224	-3.55747
1225	-5.76031
1226	-6.27987
1227	-3.8604
1228	-1.34056
1229	-0.769743
1230	-1.03289
1231	0.100869
1232	-4.35091
1233	-3.90069
1234	-0.509661
1235	-3.73396
1236	-1.44793
1237	0.0243147
1238	1.39793
1239	0.5214
1240	-1.7848
1241	-1.07754
1242	-0.438208
1243	-3.35011
1244	1.82528
1245	-0.319419
1246	0.486186
1247	-0.481391
1248	-3.42774
1249	-0.738482
1250	-2.2761
1251	-2.95966
1252	-0.252357
1253	1.76218
1254	-0.022391
1255	-0.259796
1256	-0.948248
1257	-0.606275
1258	1.03421
1259	-2.36681
1260	-2.50606
1261	-3.11418
1262	-3.40397
1263	-7.81618
1264	-4.46771
1265	-6.17012
1266	-4.92015
1267	-5.48893
1268	-2.90967
1269	-1.88419
1270	-4.26406
1271	-3.12519
1272	-4.01924
1273	-3.34011
1274	-2.53184
1275	-3.60302
1276	-1.06777
1277	-2.61252
1278	-0.349815
1279	-0.570541
1280	-0.363127
1281	0.546452
1282	1.57768
1283	-2.99074
1284	3.20096
1285	3.26075
1286	2.17665
1287	1.81709
1288	-1.22932
1289	-1.81037
1290	-5.70783
1291	-2.08578
1292	2.00931
1293	2.67054
1294	-0.517325
1295	2.17994
1296	-0.517437
1297	-0.340738
1298	-5.37461
1299	-4.45842
1300	1.70129
1301	1.52037
1302	-1.0234
1303	-0.703539
1304	-2.23347
1305	-0.0860029
1306	-2.07272
1307	-3.47135
1308	-3.99819
1309	-4.68991
1310	-3.49783
1311	-4.77651
1312	-5.27892
1313	-2.15004
1314	-4.78549
1315	-7.44182
1316	-1.74414
1317	-2.44951
1318	-0.705719
1319	-5.14289
1320	-3.65097
1321	-3.51617
1322	-4.56096
1323	-2.95928
1324	-0.869582
1325	-1.73749
1326	0.867786
1327	1.22577
1328	-2.31347
1329	-2.03366
1330	0.259613
1331	-2.08017
1332	1.61644
1333	1.14898
1334	0.120009
1335	-0.410352
1336	-5.84177
1337	-5.41372
1338	5.15672
1339	-4.16406
1340	-1.38786
1341	0.482058
1342	-0.0585584
1343	0.612846
1344	-3.91711
1345	-0.61254
1346	-2.03901
1347	-4.07394
1348	1.77187
1349	2.56742
1350	-0.205649
1351	0.758864
1352	-0.964586
1353	-3.31674
1354	-6.14658
1355	-6.27145
1356	-3.15158
1357	-2.3795
1358	-2.49774
1359	-3.63362
1360	-7.28676
1361	-7.26981
1362	-4.67044
1363	-4.46519
1364	-5.39229
1365	-4.40859
1366	-2.47149
1367	-1.35373
1368	-2.26481
1369	-3.49429
1370	-2.70488
1371	-3.67289
1372	-3.23341
1373	-2.45505
1374	-0.51984
1375	-2.28413
1376	-0.458338
1377	-0.044029
1378	0.36877
1379	-1.50123
1380	-0.387685
1381	0.484186
1382	-1.81192
1383	-2.85153
1384	-4.25462
1385	-3.35733
1386	-2.47521
1387	6.8401
1388	-1.9609
1389	-0.242048
1390	-1.11952
1391	0.0762715
1392	-1.09497
1393	-1.48948
1394	-3.02135
1395	-1.6983
1396	1.61828
1397	1.52458
1398	-0.50611
1399	0.66787
1400	-4.42824
1401	-6.24108
1402	-3.77386
1403	-1.19843
1404	-2.14566
1405	-7.29599
1406	-3.53594
1407	-3.8515
1408	-4.39924
1409	-4.48215
1410	-6.45388
1411	-6.42432
1412	-2.69394
1413	-2.61846
1414	-5.41991
1415	-7.32922
1416	-5.04133
1417	-4.99129
1418	-4.94346
1419	-4.37053
1420	-2.74452
1421	-3.09458
1422	-0.495865
1423	-0.615481
1424	-1.62494
1425	-0.0758953
1426	-3.2175
1427	-3.06756
1428	-0.0649641
1429	0.838844
1430	-0.0376723
1431	-2.42309
1432	-3.13633
1433	-4.70498
1434	5.08127
1435	-10.6847
1436	-2.62653
1437	-0.324372
1438	-0.103763
1439	-0.573483
1440	-2.84856
1441	-1.59857
1442	-4.70239
1443	-5.00361
1444	0.893845
1445	0.635635
1446	-1.0919
1447	-0.989978
1448	-4.01218
1449	-2.72737
1450	-2.50027
1451	-4.4316
1452	-1.37184
1453	-4.5081
1454	-7.12221
1455	-4.50861
1456	-4.06061
1457	-3.11672
1458	-6.61612
1459	-7.51853
1460	-6.08012
1461	-3.89271
1462	-1.97793
1463	-3.05579
1464	-4.01986
1465	-5.55037
1466	-6.53666
1467	-7.12563
1468	-3.51442
1469	-2.26965
1470	2.32961
1471	-2.05254
1472	-1.1996
1473	0.488169
1474	0.983404
1475	1.26171
1476	-3.7816
1477	-2.66548
1478	-2.57667
1479	-2.4327
1480	-0.833863
1481	-0.640602
1482	0.213629
1483	0.736121
1484	-1.90908
1485	-3.02526
1486	-2.96432
1487	-4.55831
1488	2.19061
1489	2.55981
1490	-1.29544
1491	-0.959922
1492	-1.46502
1493	-0.581146
1494	6.26183
1495	-1.95045
1496	-0.971701
1497	-2.07921
1498	-5.21975
1499	-2.99362
1500	-9.2571
1501	-7.52411
1502	-4.67979
1503	-4.14919
1504	-1.6297
1505	-0.592672
1506	-4.17975
1507	-2.73193
1508	-5.63235
1509	-4.93413
1510	-3.77881
1511	-5.88692
1512	-2.4849
1513	-1.87136
1514	-3.56349
1515	0.0399002
1516	-3.36885
1517	-4.27005
1518	-7.75765
1519	-4.72654
1520	2.32647
1521	0.996617
1522	-0.320456
1523	-0.871597
1524	-8.44968
1525	-3.49654
1526	-1.79465
1527	-3.07224
1528	1.86236
1529	-0.0701254
1530	-0.776945
1531	0.20935
1532	-3.56339
1533	-1.18682
1534	-3.98662
1535	-2.47349
1536	1.52973
1537	2.08859
1538	2.47409
1539	0.62008
1540	1.68893
1541	-0.159484
1542	-3.86291
1543	6.58645
1544	-3.53258
1545	-1.68461
1546	-5.68315
1547	-3.82329
1548	-8.1762
1549	-6.04589
1550	-6.53976
1551	-1.38054
1552	-2.42247
1553	-3.12602
1554	-1.61189
1555	-1.34853
1556	-5.968
1557	-4.93195
1558	-5.89726
1559	-4.25739
1560	-1.1567
1561	-1.72302
1562	-1.01893
1563	-0.946533
1564	-5.94218
1565	-4.3117
1566	-5.11907
1567	-6.21297
1568	1.19157
1569	1.52663
1570	0.820445
1571	1.4639
1572	-3.29366
1573	-2.42738
1574	-2.68132
1575	-3.50757
1576	1.80681
1577	1.59129
1578	1.10885
1579	3.20886
1580	-1.48577
1581	-3.80147
1582	-3.0643
1583	-0.8425
1584	2.30097
1585	3.74842
1586	0.818161
1587	0.530853
1588	0.242263
1589	-2.97316
1590	6.70276
1591	-7.51835
1592	-1.31523
1593	-1.1098
1594	-5.20133
1595	-7.4444
1596	-8.58148
1597	-5.85373
1598	-5.54443
1599	-7.72668
1600	-2.55312
1601	-2.56854
1602	-1.22301
1603	-3.73908
1604	-5.61708
1605	-5.66002
1606	-7.25959
1607	-6.75109
1608	-0.995754
1609	-0.740501
1610	-2.20375
1611	0.12081
1612	-0.959451
1613	-5.454
1614	-5.80407
1615	-5.02394
1616	1.41
1617	0.298135
1618	-0.669726
1619	-0.179877
1620	-2.1746
1621	-7.13493
1622	-3.49151
1623	-2.36951
1624	0.10209
1625	0.512897
1626	-1.60417
1627	0.267633
1628	-4.46851
1629	-7.90769
1630	-1.91046
1631	-3.42931
1632	-1.72616
1633	-1.00339
1634	2.41923
1635	-0.982534
1636	-3.38162
1637	-3.52096
1638	-3.19696
1639	-4.23056
1640	3.43574
1641	0.816902
1642	-0.755582
1643	-1.84989
1644	-6.58403
1645	-4.91863
1646	-6.16196
1647	-9.35195
1648	-3.43088
1649	-2.92928
1650	-2.69574
1651	-1.46768
1652	-5.86122
1653	-0.957781
1654	-7.84785
1655	-6.06595
1656	0.0548423
1657	-1.24288
1658	-1.54025
1659	-2.39678
1660	-3.90073
1661	-4.04264
1662	-7.24675
1663	-6.5588
1664	0.144899
1665	-0.884231
1666	0.0432686
1667	-3.01302
1668	-3.75399
1669	-5.27344
1670	-3.48511
1671	-2.14978
1672	2.75333
1673	2.42842
1674	1.94908
1675	2.87927
1676	-2.15039
1677	-2.38921
1678	-3.44068
1679	-2.46216
1680	1.27211
1681	1.7748
1682	-0.694604
1683	-0.313452
1684	-1.18976
1685	-3.13057
1686	-3.92713
1687	-3.65345
1688	-12.0407
1689	2.7141
1690	-1.3898
1691	1.72376
1692	-6.73625
1693	-8.52292
1694	-7.47726
1695	-5.9882
1696	-0.581248
1697	-1.04178
1698	-2.67956
1699	-1.341
1700	-7.11753
1701	-6.53346
1702	-4.58516
1703	-6.69705
1704	0.69019
1705	-0.33911
1706	0.330096
1707	-1.86837
1708	-5.52005
1709	-3.13931
1710	-5.7754
1711	-5.52452
1712	3.20598
1713	1.40495
1714	1.19912
1715	-0.236942
1716	-5.0137
1717	-3.79695
1718	-1.69714
1719	-4.873
1720	1.95917
1721	0.514082
1722	1.64936
1723	1.38751
1724	-5.09833
1725	-4.34052
1726	-3.48634
1727	-5.83724
1728	2.30946
1729	0.579654
1730	-0.673924
1731	-0.886215
1732	-3.32166
1733	-3.64112
1734	-1.10625
1735	-3.25159
1736	0.827381
1737	0.875237
1738	1.27442
1739	1.75661
1740	-7.09372
1741	-7.15849
1742	-7.96653
1743	-3.72828
1744	-2.36993
1745	-1.76189
1746	-3.54114
1747	-2.37274
1748	-6.3608
1749	-6.14613
1750	-5.65661
1751	-4.5879
1752	-2.14191
1753	-1.16399
1754	-3.20226
1755	-3.69973
1756	-6.27234
1757	-6.69325
1758	-5.87902
1759	-5.92049
1760	0.160557
1761	-0.0699547
1762	0.274937
1763	1.28525
1764	-4.17991
1765	-3.16482
1766	-1.43323
1767	-4.77358
1768	3.42457
1769	-0.013395
1770	1.37479
1771	-1.51447
1772	-3.59938
1773	-4.17267
1774	-3.94008
1775	-3.73637
1776	0.577007
1777	-2.2296
1778	-0.5185
1779	-2.87002
1780	-1.27282
1781	-3.17514
1782	-3.46541
1783	-2.74884
1784	2.29936
1785	0.0768988
1786	3.49792
1787	1.30617
1788	-7.45574
1789	-7.99791
1790	-7.67067
1791	-4.60272
1792	-2.14632
1793	-0.59873
1794	-6.43236
1795	-3.07471
1796	-7.56252
1797	-5.67947
1798	-4.62384
1799	-7.19169
1800	-1.71154
1801	-1.20904
1802	-2.15147
1803	-1.59945
1804	-6.15724
1805	-5.61876
1806	-8.89773
1807	-7.01508
1808	1.88412
1809	-2.25191
1810	-0.485211
1811	0.335009
1812	-3.14132
1813	-3.97644
1814	-0.785279
1815	-3.55657
1816	-1.70701
1817	-2.75126
1818	-0.681481
1819	-3.35827
1820	-4.80183
1821	-5.48646
1822	-3.44368
1823	-4.62005
1824	-1.43837
1825	0.222829
1826	-1.52665
1827	-3.23802
1828	-4.89253
1829	-4.22795
1830	-6.30687
1831	-4.48191
1832	0.957163
1833	0.63457
1834	1.83545
1835	1.78441
1836	-8.21806
1837	-8.45845
1838	-4.76721
1839	-6.57234
1840	0.436347
1841	-4.39824
1842	-3.07614
1843	-2.73166
1844	-9.71716
1845	-9.50469
1846	-6.30547
1847	-6.37153
1848	-2.18381
1849	-0.586732
1850	-3.29267
1851	-1.70951
1852	-5.33936
1853	-5.23882
1854	-7.36825
1855	-4.92398
1856	-2.95989
1857	-4.66715
1858	-1.13928
1859	-1.70138
1860	-0.308167
1861	-1.03655
1862	-2.0739
1863	0.379224
1864	-2.208
1865	-2.13366
1866	-3.51202
1867	-3.45865
1868	1.54662
1869	4.05269
1870	-1.88434
1871	-0.0590106
1872	-2.03425
1873	0.484367
1874	-5.68252
1875	-5.06149
1876	-2.91907
1877	-1.15593
1878	-3.73981
1879	-2.81155
1880	-2.22706
1881	1.73017
1882	0.0351972
1883	-3.56187
1884	-5.36657
1885	-1.88744
1886	-3.58732
1887	-3.00064
1888	-4.74281
1889	-2.72176
1890	-4.0738
1891	-5.7804
1892	-2.56534
1893	-1.40872
1894	1.02211
1895	0.996272
1896	-6.32413
1897	-4.7376
1898	-6.7496
1899	-6.58287
1900	-1.50548
1901	0.192192
1902	-4.97053
1903	2.41217
1904	-0.779991
1905	-0.465159
1906	-2.9595
1907	-3.14703
1908	0.554259
1909	-0.801535
1910	0.925699
1911	-0.879555
1912	-4.21978
1913	-0.915825
1914	-2.64145
1915	-2.58732
1916	-2.9972
1917	-2.60268
1918	-0.668058
1919	-3.07653
1920	-3.16385
1921	-1.64537
1922	-3.60437
1923	-4.37478
1924	-7.11855
1925	-5.96405
1926	-1.82707
1927	-5.15131
1928	-2.6228
1929	0.525026
1930	-1.91202
1931	-0.961749
1932	-5.31582
1933	-2.31691
1934	-1.26273
1935	-1.3937
1936	-4.30295
1937	-4.9621
1938	-6.21014
1939	-5.03068
1940	-0.983572
1941	-2.17727
1942	-1.26123
1943	-0.907445
1944	-7.06153
1945	-2.58192
1946	-4.9546
1947	-1.12405
1948	1.00031
1949	-1.69351
1950	-4.65375
1951	-0.347586
1952	-0.271745
1953	-2.38078
1954	-2.27845
1955	-1.8761
1956	0.213306
1957	1.72974
1958	-0.718423
1959	-0.729167
1960	-4.09311
1961	0.0369711
1962	-3.8044
1963	-1.59023
1964	1.64062
1965	-1.85605
1966	-0.329988
1967	-0.957037
1968	-1.21556
1969	-2.59445
1970	-3.20315
1971	-2.75905
1972	-3.00763
1973	0.578007
1974	-3.14367
1975	-2.07001
1976	-2.82206
1977	-4.47517
1978	-3.47294
1979	-4.78208
1980	-0.609073
1981	-1.91044
1982	-2.81434
1983	-2.72493
1984	-6.17575
1985	-4.9563
1986	-4.16752
1987	-3.60803
1988	-3.14627
1989	-4.40361
1990	-1.18939
1991	-1.73659
1992	-5.82305
1993	-6.08616
1994	-6.66757
1995	-2.94606
1996	-2.90082
1997	-2.78622
1998	-2.47214
1999	-2.60257
2000	-3.50917
2001	-3.75404
2002	-3.46799
2003	-2.6193
2004	-0.99816
2005	-0.299458
2006	-4.03085
2007	-3.07301
2008	-2.70674
2009	-3.60075
2010	-3.1949
2011	-2.57896
2012	-1.81158
2013	-3.4388
2014	-2.14975
2015	-1.1934
2016	-6.93547
2017	-3.21856
2018	-4.13274
2019	-6.23797
2020	-2.14892
2021	-0.292241
2022	-2.56334
2023	0.0844291
2024	-2.98077
2025	-5.62044
2026	-2.23152
2027	-4.37819
2028	-4.35477
2029	-4.81696
2030	-5.74177
2031	-5.8798
2032	-6.72907
2033	-9.01771
2034	-8.22493
2035	-7.91171
2036	-4.95618
2037	-3.10246
2038	-3.08987
2039	-1.86051
2040	-6.59024
2041	-5.00909
2042	-6.48469
2043	-6.23777
2044	-4.9581
2045	-0.823236
2046	-3.89733
2047	-3.14368
2048	-3.87595
2049	-4.54243
2050	-2.80331
2051	-2.48995
2052	0.191713
2053	-1.08101
2054	-0.350085
2055	-0.632189
2056	-1.1921
2057	-1.22977
2058	-1.389
2059	-3.94923
2060	-4.43916
2061	-0.938646
2062	-0.745483
2063	-1.29613
2064	-3.1884
2065	-0.0664572
2066	-2.36374
2067	-4.64662
2068	-0.39254
2069	-1.40785
2070	-0.728257
2071	0.539872
2072	0.400401
2073	-4.13458
2074	-2.6963
2075	-0.439515
2076	-5.86952
2077	-5.28888
2078	-1.21004
2079	-2.00046
2080	-5.3141
2081	-6.02991
2082	-8.15278
2083	-8.52779
2084	-5.39362
2085	-2.56863
2086	0.697037
2087	-1.14722
2088	-5.94897
2089	-6.68846
2090	-7.02074
2091	-4.74114
2092	-3.50317
2093	-3.08697
2094	-3.32471
2095	-2.34061
2096	-4.91432
2097	-4.57131
2098	-7.32197
2099	-3.47068
2100	0.4725
2101	-2.05216
2102	-1.32149
2103	-1.97808
2104	-1.04184
2105	-4.09768
2106	-5.01563
2107	-1.85163
2108	-1.95944
2109	-2.69612
2110	-1.61534
2111	-3.20936
2112	-4.91668
2113	1.26615
2114	-6.10547
2115	-7.52024
2116	-2.88542
2117	0.0270679
2118	-4.13206
2119	-2.73624
2120	-3.22214
2121	-4.46058
2122	-1.97645
2123	-6.14566
2124	-1.91262
2125	-2.38844
2126	-2.45782
2127	-1.84434
2128	-5.71709
2129	-6.64804
2130	-9.59212
2131	-6.62065
2132	-4.04465
2133	-2.27956
2134	-1.09529
2135	-2.83489
2136	-7.71227
2137	-5.83729
2138	-7.73068
2139	-5.95843
2140	-3.22266
2141	-2.80765
2142	-6.05124
2143	-2.73201
2144	-4.32632
2145	-0.995028
2146	-4.2055
2147	-4.22772
2148	-1.64333
2149	-1.27311
2150	-2.37357
2151	-2.9576
2152	-5.13742
2153	-3.60013
2154	-3.46548
2155	-3.20335
2156	-2.27766
2157	-0.758229
2158	-3.11684
2159	-3.197
2160	-3.43592
2161	-5.61003
2162	-5.82849
2163	-6.61142
2164	-3.05477
2165	-2.58813
2166	1.48023
2167	-1.27911
2168	-7.85606
2169	-5.82074
2170	-4.31254
2171	-3.1128
2172	-4.9538
2173	-3.39415
2174	-3.09912
2175	-0.64878
2176	-8.15311
2177	-8.12086
2178	-5.91397
2179	-5.70225
2180	-1.94962
2181	-4.43882
2182	-4.19467
2183	-0.848845
2184	-6.20121
2185	-6.00638
2186	-7.72214
2187	-6.81477
2188	-4.36702
2189	-4.2791
2190	-1.15482
2191	-2.26189
2192	-4.14418
2193	-3.84549
2194	-2.58549
2195	-3.85132
2196	-3.51014
2197	-1.88509
2198	5.53341
2199	6.74329
2200	-1.65317
2201	-5.10227
2202	-4.44332
2203	-5.20686
2204	-2.42744
2205	-1.15321
2206	-2.55105
2207	-1.89137
2208	-6.83425
2209	-6.65983
2210	-4.87658
2211	-3.73202
2212	-2.20149
2213	-2.19949
2214	-2.99881
2215	-1.23399
2216	-5.53022
2217	-5.92629
2218	-1.98515
2219	-2.913
2220	-3.12912
2221	-7.143
2222	-1.01073
2223	-1.10548
2224	-7.67143
2225	-9.89394
2226	-6.30776
2227	-8.76156
2228	-5.32593
2229	-5.9639
2230	-0.258423
2231	-4.01485
2232	-5.3949
2233	-3.02756
2234	-7.67529
2235	-7.69548
2236	-2.99438
2237	-4.00327
2238	-3.01921
2239	-4.15733
2240	0
2241	0
2242	0
2243	0
2244	0
2245	0
2246	0
2247	0
2248	0
2249	0
2250	0
2251	0
2252	0
2253	0
2254	0
2255	0
2256	0
2257	0
2258	0
2259	0
2260	0
2261	0
2262	0
2263	0
2264	0
2265	0
2266	0
2267	0
2268	0
2269	0
2270	0
2271	0
2272	0
2273	0
2274	0
2275	0
2276	0
2277	0
2278	0
2279	0
2280	0
2281	0
2282	0
2283	0
2284	0
2285	0
2286	0
2287	0
2288	0
2289	0
2290	0
2291	0
2292	0
2293	0
2294	0
2295	0
2296	0
2297	0
2298	0
2299	0
2300	0
2301	0
2302	0
2303	0
2304	0
2305	0
2306	0
2307	0
2308	0
2309	0
2310	0
2311	0
2312	0
2313	0
2314	0
2315	0
2316	0
2317	0
2318	0
2319	0
2320	0
2321	0
2322	0
2323	0
2324	0
2325	0
2326	0
2327	0
2328	0
2329	0
2330	0
2331	0
2332	0
2333	0
2334	0
2335	0
2336	0
2337	0
2338	0
2339	0
2340	0
2341	0
2342	0
2343	0
2344	0
2345	0
2346	0
2347	0
2348	0
2349	0
2350	0
2351	0
2352	0
2353	0
2354	0
2355	0
2356	0
2357	0
2358	0
2359	0
2360	29.7285
2361	24.4506
2362	30.2369
2363	30.3695
2364	26.9607
2365	30.1641
2366	27.3407
2367	30.1633
2368	30.5376
2369	28.4316
2370	25.8211
2371	24.8106
2372	25.8793
2373	25.3003
2374	31.438
2375	31.4458
2376	32.5272
2377	25.7143
2378	29.7172
2379	32.6847
2380	28.1774
2381	30.1827
2382	31.0353
2383	28.5674
2384	36.1307
2385	31.0878
2386	32.5693
2387	24.9136
2388	30.0662
2389	30.424
2390	27.9843
2391	29.9502
2392	34.3301
2393	35.5675
2394	31.5973
2395	35.9778
2396	29.8104
2397	25.582
2398	30.4857
2399	24.6642
2400	18.4239
2401	26.461
2402	33.9512
2403	34.1912
2404	32.0144
2405	34.1476
2406	29.5859
2407	28.6141
2408	24.0831
2409	24.7414
2410	24.2332
2411	24.7189
2412	27.3251
2413	26.9528
2414	35.209
2415	30.2729
2416	30.2797
2417	34.8391
2418	33.5043
2419	30.6101
2420	33.4313
2421	31.2375
2422	29.6084
2423	30.9037
2424	38.27
2425	33.084
2426	33.1304
2427	33.0657
2428	30.382
2429	35.5448
2430	33.855
2431	27.5313
2432	34.928
2433	30.356
2434	27.8506
2435	30.8348
2436	32.6042
2437	34.3343
2438	30.7249
2439	33.0109
2440	32.0213
2441	35.9982
2442	31.8442
2443	30.0238
2444	29.2955
2445	25.4294
2446	32.0648
2447	26.4954
2448	31.1838
2449	34.6455
2450	24.153
2451	35.36
2452	32.409
2453	34.2717
2454	28.8223
2455	0
2456	35.7714
2457	30.3483
2458	29.3582
2459	30.9301
2460	30.1479
2461	33.564
2462	35.12
2463	33.5153
2464	34.6176
2465	35.8684
2466	31.7121
2467	27.7746
2468	28.8803
2469	34.1996
2470	27.5898
2471	27.4569
2472	32.2413
2473	35.7448
2474	35.581
2475	31.883
2476	31.7624
2477	31.7823
2478	34.8369
2479	31.172
2480	33.2855
2481	33.4948
2482	33.8839
2483	30.6713
2484	31.9504
2485	36.7365
2486	35.4441
2487	37.7756
2488	36.7438
2489	37.2376
2490	32.2532
2491	27.8241
2492	36.0666
2493	33.4753
2494	28.8221
2495	30.2328
2496	33.5557
2497	31.6632
2498	38.2687
2499	36.0382
2500	36.888
2501	36.7509
2502	33.1697
2503	34.5107
2504	34.2463
2505	32.417
2506	28.2553
2507	34.4602
2508	33.0519
2509	38.1441
2510	34.611
2511	35.7028
2512	36.5194
2513	36.1449
2514	31.5717
2515	35.3904
2516	34.2402
2517	30.1088
2518	31.6097
2519	29.3017
2520	33.3249
2521	31.3092
2522	35.7386
2523	34.3577
2524	38.4893
2525	35.8513
2526	31.9794
2527	33.6563
2528	33.4702
2529	29.916
2530	32.291
2531	32.3121
2532	36.3241
2533	33.5399
2534	36.6468
2535	35.4351
2536	33.9404
2537	34.0976
2538	33.5571
2539	25.2261
2540	33.7885
2541	31.1951
2542	31.9327
2543	29.1435
2544	25.8773
2545	27.898
2546	29.2569
2547	33.8992
2548	31.593
2549	34.0543
2550	26.822
2551	36.8578
2552	31.575
2553	30.0817
2554	30.2119
2555	26.5534
2556	29.5144
2557	30.3881
2558	31.6359
2559	32.8827
2560	30.6147
2561	30.3642
2562	31.6462
2563	35.7234
2564	28.7064
2565	27.9726
2566	27.9761
2567	28.7769
2568	30.5026
2569	31.2884
2570	29.729
2571	29.1172
2572	27.4189
2573	29.5704
2574	27.2986
2575	29.8317
2576	29.464
2577	26.6758
2578	33.5162
2579	29.1163
2580	31.5593
2581	24.3551
2582	29.3289
2583	24.8898
2584	29.6578
2585	30.0989
2586	26.8304
2587	25.991
2588	27.2695
2589	30.0277
2590	27.6406
2591	27.66
2592	32.7781
2593	31.547
2594	28.0765
2595	30.7474
2596	0
2597	0
2598	0
2599	0
2600	0
2601	0
2602	0
2603	0
2604	0
2605	0
2606	0
2607	0
2608	0
2609	0
2610	0
2611	0
2612	0
2613	0
2614	0
2615	0
2616	0
2617	0
2618	0
2619	0
2620	0
2621	0
2622	0
2623	0
2624	0
2625	0
2626	0
2627	0
2628	0
2629	0
2630	0
2631	0
2632	0
2633	0
2634	0
2635	0
2636	0
2637	0
2638	0
2639	0
2640	0
2641	0
2642	0
2643	0
2644	0
2645	0
2646	0
2647	0
2648	0
2649	0
2650	0
2651	0
2652	0
2653	0
2654	0
2655	0
2656	0
2657	0
2658	0
2659	0
2660	0
2661	0
2662	0
2663	0
2664	0
2665	0
2666	0
2667	0
2668	0
2669	0
2670	0
2671	0
2672	0
2673	0
2674	0
2675	0
2676	0
2677	0
2678	0
2679	0
2680	0
2681	0
2682	0
2683	0
2684	0
2685	0
2686	0
2687	0
2688	0
2689	0
2690	0
2691	0
2692	0
2693	0
2694	0
2695	0
2696	0
2697	0
2698	0
2699	0
2700	0
2701	0
2702	0
2703	0
2704	0
2705	0
2706	0
2707	0
2708	0
2709	0
2710	0
2711	0
2712	0
2713	0
2714	0
2715	0
