0	-1.40815
1	-0.148324
2	-2.97808
3	-2.80826
4	-1.96743
5	-1.45583
6	-5.26973
7	-1.39428
8	-2.316
9	-6.8253
10	-2.94074
11	-7.57541
12	-2.6535
13	-1.12561
14	-0.872666
15	-2.55609
16	0.767044
17	-3.20035
18	-3.95346
19	-1.53489
20	0.542462
21	-4.1226
22	-2.03608
23	-0.016873
24	-4.34364
25	-5.07772
26	-3.80095
27	-5.32057
28	-3.121
29	-5.79033
30	-3.6272
31	-3.48521
32	-10.4393
33	-8.7455
34	-6.776
35	-7.71457
36	-5.83253
37	-5.50525
38	-5.73967
39	-2.80503
40	-6.87378
41	-5.6968
42	-5.39294
43	-7.69864
44	-12.1696
45	-6.95145
46	-4.59599
47	-5.67516
48	1.70494
49	0.658167
50	-3.86743
51	-2.486
52	1.49339
53	-1.53657
54	-0.0398764
55	-0.828301
56	-0.574662
57	-1.44968
58	-2.60537
59	0.488857
60	2.454
61	-0.328125
62	0.454547
63	-1.87147
64	-1.58134
65	-1.75739
66	-1.6055
67	-1.13997
68	1.15763
69	-1.55571
70	-2.80951
71	-1.1081
72	-2.06139
73	-4.4992
74	-6.06963
75	-4.77607
76	-2.75227
77	-3.29536
78	-3.27364
79	-4.06393
80	-7.13707
81	-7.02088
82	-6.41619
83	-6.72316
84	-4.72507
85	-2.62261
86	-3.13475
87	-3.11904
88	-4.85776
89	-5.3909
90	-4.818
91	-4.90705
92	-8.4514
93	-7.8383
94	-6.52426
95	-9.4848
96	6.19344
97	4.49008
98	-0.740505
99	-0.452896
100	1.42641
101	1.10136
102	0.587084
103	1.49968
104	-0.76488
105	-2.75712
106	1.10138
107	-0.699487
108	1.24383
109	1.07833
110	1.94468
111	2.01382
112	-2.806
113	-2.81065
114	-3.16633
115	-0.952369
116	-1.62508
117	-1.78586
118	-3.35494
119	-1.10728
120	-5.28434
121	-4.62255
122	-6.31879
123	-4.64009
124	-1.93381
125	-3.5496
126	-3.82669
127	-1.90352
128	-6.096
129	-3.27388
130	-4.82288
131	-3.13172
132	-0.956227
133	-3.15034
134	-0.748126
135	1.98289
136	-3.35552
137	-4.47019
138	-4.13758
139	-2.46029
140	-5.42901
141	-7.7
142	-6.09901
143	-8.16403
144	2.59747
145	1.17776
146	-2.67372
147	-1.48834
148	0.730192
149	1.02744
150	1.14939
151	1.00249
152	-4.59383
153	-1.45474
154	-0.744058
155	0.667407
156	0.801172
157	3.49512
158	1.39512
159	1.26365
160	1.69772
161	1.27976
162	-0.282053
163	-2.38161
164	-0.155933
165	-1.33324
166	-3.77981
167	-1.89358
168	-1.73181
169	-4.34428
170	-8.20043
171	-7.74566
172	-2.28301
173	-2.76556
174	-0.808992
175	-4.76787
176	-2.92013
177	-4.82181
178	-1.99945
179	-4.04698
180	-0.762329
181	0.00760913
182	-3.32776
183	-2.08479
184	0.440365
185	-4.50225
186	-3.75357
187	0.500458
188	-6.77934
189	-3.22469
190	-5.9995
191	-8.97005
192	4.13686
193	3.92338
194	-1.62583
195	-0.924181
196	0.385008
197	0.347007
198	-0.769201
199	2.02336
200	-1.0254
201	0.783593
202	-0.698777
203	-3.52907
204	1.71454
205	0.257204
206	0.102092
207	2.39508
208	0.45027
209	-0.877649
210	-20.8832
211	0.257948
212	0.186654
213	-1.3466
214	-4.35146
215	-3.20678
216	-4.39902
217	-4.69778
218	-2.47148
219	-4.95504
220	-1.85088
221	-5.25267
222	-1.89139
223	-0.456526
224	-4.07126
225	-3.16397
226	-6.54641
227	-4.10327
228	-2.52739
229	-1.2383
230	-2.99386
231	-2.76738
232	-0.236243
233	-2.20964
234	-2.05475
235	0.636964
236	-6.37014
237	-5.20964
238	-8.25267
239	-10.5629
240	2.23764
241	4.69085
242	-0.383499
243	-1.42433
244	-0.853843
245	-1.95035
246	0.40308
247	-0.154332
248	1.89929
249	-0.69573
250	-0.285647
251	-0.199333
252	2.27383
253	1.23326
254	2.42576
255	-0.352293
256	0.219001
257	0.817324
258	-0.603412
259	-1.316
260	0.749149
261	-2.48738
262	-5.8772
263	-4.03557
264	-3.21993
265	-2.89728
266	-4.03793
267	-7.56805
268	-0.518988
269	-1.44814
270	-2.57831
271	-1.61119
272	-4.6815
273	-2.56421
274	-0.507314
275	-1.66164
276	-0.814126
277	-2.01681
278	-0.704536
279	-0.983153
280	0.110887
281	0.536249
282	-0.513195
283	-0.197388
284	-4.6522
285	-0.442457
286	-9.176
287	-6.85736
288	4.69435
289	3.46829
290	0.0578177
291	-0.166588
292	-0.95904
293	1.38477
294	-1.62909
295	3.50306
296	-0.630905
297	0.498797
298	-1.78396
299	-1.08029
300	0.80106
301	4.13576
302	2.29514
303	1.01577
304	1.28127
305	-0.250022
306	-3.23761
307	-0.56619
308	-5.74253
309	-10.1319
310	-7.57816
311	-8.83412
312	-3.66036
313	-3.6618
314	-3.618
315	-3.45679
316	-1.79695
317	1.91027
318	-2.89198
319	-0.502749
320	-4.72306
321	-5.99004
322	-7.46303
323	-6.07073
324	-5.06161
325	-1.84044
326	-3.52373
327	-7.27112
328	-2.86798
329	-5.97693
330	-5.63618
331	-1.5335
332	-8.90337
333	-7.95819
334	-3.35933
335	-4.75301
336	5.47585
337	3.69864
338	0.754001
339	2.69206
340	2.81658
341	0.141571
342	2.6369
343	2.18826
344	-0.987224
345	-0.286661
346	1.314
347	-0.332666
348	2.56478
349	0.115715
350	2.6157
351	1.60125
352	-1.02683
353	0.622895
354	1.82647
355	0.504476
356	-2.96297
357	-4.54799
358	-5.8765
359	-10.0257
360	-0.626109
361	-5.17732
362	-3.30921
363	-0.587345
364	-3.17119
365	-1.91977
366	-2.58706
367	-2.22062
368	-3.84396
369	-4.09722
370	-2.09387
371	-5.9738
372	0.422086
373	1.31149
374	-0.933242
375	3.60805
376	-1.39922
377	1.98835
378	-0.550819
379	-1.30771
380	-3.84736
381	-6.05868
382	-8.29546
383	-7.37989
384	-2.07482
385	-3.03853
386	4.354
387	0.619754
388	-4.27478
389	-5.40429
390	-6.45153
391	-4.25883
392	1.52367
393	2.10955
394	-0.441199
395	0.810141
396	-5.88177
397	-3.9066
398	-5.49771
399	-2.57711
400	-0.591667
401	-1.37463
402	2.24764
403	-1.5075
404	-5.9489
405	-6.62684
406	-7.63595
407	-7.96519
408	0.852726
409	-3.18686
410	0.128762
411	-3.67174
412	-6.42161
413	-8.05249
414	-4.96864
415	-8.07338
416	-3.17556
417	-4.15803
418	-3.40317
419	-2.71522
420	-6.05911
421	-8.06202
422	-7.12782
423	-4.55509
424	-12.6172
425	-13.2296
426	-12.8039
427	-13.0031
428	-10.8258
429	-9.17475
430	-14.5744
431	-13.3493
432	-3.79706
433	-3.43291
434	1.23866
435	-1.23113
436	-3.57534
437	-7.23017
438	-2.70225
439	-5.72977
440	1.36382
441	0.241914
442	0.172316
443	1.80311
444	-0.713657
445	-3.85211
446	-3.06668
447	-4.40098
448	1.02926
449	-0.75031
450	2.2938
451	-2.54313
452	-0.740163
453	-7.06911
454	-8.66973
455	-7.97373
456	-1.06917
457	-1.75373
458	-3.5938
459	-3.4768
460	-6.46307
461	-5.969
462	-5.15933
463	-8.6243
464	-3.34055
465	-3.26547
466	-5.86246
467	-4.04382
468	-5.2514
469	-5.03318
470	-7.39506
471	-5.07585
472	-11.9047
473	-13.9184
474	-13.5559
475	-12.9812
476	-13.8094
477	-13.1219
478	-13.5061
479	-13.1625
480	3.92116
481	1.17152
482	0.222702
483	2.09135
484	-6.05652
485	-4.31629
486	-4.39922
487	-4.65296
488	1.95319
489	2.393
490	1.17554
491	-0.160551
492	-2.96907
493	-2.41631
494	-1.9712
495	-4.27543
496	0.665289
497	1.005
498	-0.246398
499	0.00248556
500	-1.13331
501	-7.17934
502	-7.16264
503	-6.60835
504	-1.06882
505	-0.975157
506	-4.28565
507	-1.59079
508	-6.30199
509	-8.48338
510	-6.3387
511	-5.85852
512	-3.40095
513	-4.81858
514	0.20875
515	-3.7351
516	-5.05146
517	-6.36576
518	-6.80191
519	-5.95439
520	-11.949
521	-14.5428
522	-9.47952
523	-11.0113
524	-10.4494
525	-11.7448
526	-11.3039
527	-8.95553
528	2.80176
529	1.83287
530	-1.9249
531	-1.92016
532	-3.15663
533	-2.02088
534	-3.77311
535	-5.78741
536	-1.42247
537	-1.26128
538	1.03413
539	-0.255703
540	-5.75723
541	-5.94131
542	-7.03636
543	-2.07971
544	3.21705
545	2.27585
546	-2.7306
547	-0.460999
548	-5.61884
549	-7.58312
550	-9.09154
551	-9.7859
552	-0.628204
553	1.27835
554	-0.609288
555	0.794156
556	-5.68079
557	-5.73255
558	-5.15741
559	-5.48738
560	-3.83707
561	-0.777427
562	-2.31102
563	-0.228697
564	-6.52671
565	-4.12566
566	-6.5838
567	-5.59379
568	-11.4381
569	-11.9206
570	-10.57
571	-10.8638
572	-6.74191
573	-6.8536
574	-11.3827
575	-11.8978
576	0.390364
577	0.378243
578	2.28664
579	2.155
580	-3.21028
581	-2.45671
582	-2.166
583	-1.4987
584	2.20095
585	1.20464
586	2.04515
587	0.679549
588	-5.93402
589	-4.44704
590	-0.61666
591	-3.1306
592	2.33476
593	-1.93412
594	0.785134
595	0.801361
596	-3.98115
597	-7.00383
598	-5.80444
599	-6.30155
600	1.03221
601	-0.937909
602	-0.163991
603	0.941725
604	-6.71825
605	-4.04036
606	-4.98605
607	-5.64258
608	-2.49438
609	-4.25109
610	-1.8568
611	-1.35355
612	-5.24464
613	-6.25798
614	-5.86849
615	-5.4912
616	-11.0164
617	-12.0555
618	-10.2576
619	-9.37387
620	-11.1218
621	-9.44199
622	-13.3577
623	-11.8124
624	2.354
625	2.68257
626	3.94136
627	2.01014
628	-1.72829
629	-0.279776
630	-1.54897
631	-4.57162
632	2.7219
633	4.04111
634	0.395128
635	0.514688
636	-2.39814
637	0.00670677
638	-2.03852
639	-0.101652
640	2.35334
641	1.48524
642	1.77289
643	1.70301
644	-0.816943
645	-5.49738
646	-4.66767
647	1.7957
648	-9.7057
649	-8.90553
650	-10.9541
651	-11.7955
652	-6.26298
653	-8.46264
654	-5.22445
655	-5.49681
656	-2.97407
657	-2.57919
658	-2.55415
659	-4.0354
660	-6.93006
661	-5.03902
662	-6.44137
663	-5.23262
664	-10.7254
665	-8.31528
666	-9.48464
667	-9.85191
668	-9.97742
669	-10.3202
670	-8.38148
671	-7.90664
672	3.19347
673	1.54381
674	1.28975
675	1.34749
676	-1.52755
677	-3.78785
678	-2.09045
679	-4.39192
680	2.14391
681	3.91783
682	4.46153
683	2.90533
684	-4.94129
685	-5.49339
686	-3.29556
687	-6.19561
688	2.94547
689	-1.65188
690	0.381232
691	1.21714
692	0.0163139
693	-2.81769
694	3.15517
695	-6.96015
696	-8.56604
697	-9.34254
698	-10.3247
699	-8.8115
700	-6.83215
701	-4.48069
702	-6.71205
703	-4.7989
704	-2.68476
705	-4.02414
706	0.202304
707	-1.53433
708	-6.62964
709	-4.32105
710	-3.846
711	-6.34742
712	-11.8795
713	-8.28523
714	-10.703
715	-11.7738
716	-8.56718
717	-8.28893
718	-11.2992
719	-11.0484
720	-3.6669
721	-4.38046
722	1.12109
723	2.68515
724	-2.59272
725	-3.15474
726	-3.87253
727	-2.7488
728	3.02049
729	1.62988
730	0.184001
731	2.80267
732	-5.22072
733	-7.13653
734	-5.73448
735	-4.35007
736	1.0665
737	0.831199
738	-2.49647
739	-2.89526
740	-2.06377
741	-2.13547
742	-4.66203
743	3.44765
744	-7.41267
745	-6.68654
746	-10.2768
747	-8.11571
748	-3.46531
749	-4.11426
750	-6.36011
751	-3.92195
752	-3.24918
753	-3.05035
754	-5.15136
755	-1.31443
756	-7.3205
757	-5.81857
758	-10.2632
759	-9.49302
760	-11.9622
761	-8.6486
762	-10.0502
763	-11.0325
764	-7.19728
765	-10.277
766	-7.57356
767	-10.7076
768	-3.13406
769	-4.95768
770	-3.21316
771	-4.26932
772	-2.36814
773	-0.843058
774	-3.25494
775	-0.620689
776	-4.88954
777	-3.20287
778	-6.10689
779	-3.9961
780	-3.96642
781	-1.28623
782	-4.77077
783	-6.1945
784	-4.85447
785	-6.24716
786	-3.05913
787	-2.85842
788	-1.22207
789	-3.46121
790	-3.22868
791	-4.59115
792	-8.9826
793	-8.66146
794	-9.15848
795	-10.9991
796	-5.48254
797	-4.53493
798	-8.54871
799	-6.35022
800	-8.20302
801	-8.59152
802	-9.47253
803	-8.21176
804	-9.70833
805	-9.23957
806	-7.20036
807	-5.16074
808	-13.9363
809	-12.3245
810	-9.45603
811	-9.05572
812	-13.4933
813	-14.346
814	-18.1672
815	-13.4014
816	-5.49255
817	-2.97933
818	-5.75973
819	-4.19106
820	-1.51592
821	-1.53914
822	-1.44669
823	-1.68577
824	-6.42307
825	-4.7252
826	-4.9467
827	-7.07189
828	-2.40355
829	-3.67013
830	-3.73891
831	-4.09609
832	-0.993383
833	-6.76421
834	-3.81462
835	-5.33611
836	-2.93459
837	-3.73242
838	-5.42769
839	-4.09576
840	-6.57967
841	-7.13463
842	-10.9272
843	-8.3177
844	-5.26146
845	-4.34103
846	-6.20229
847	-8.41085
848	-8.12399
849	-7.68849
850	-7.98386
851	-6.93768
852	-2.22413
853	-7.87057
854	-6.94943
855	-5.3749
856	-12.5113
857	-11.8129
858	-8.72292
859	-10.1332
860	-22.3059
861	-15.669
862	-15.4754
863	-13.493
864	-4.02058
865	-4.12706
866	-3.88582
867	-2.5209
868	-2.3246
869	-4.08216
870	-1.33216
871	-1.68588
872	-5.10661
873	-6.40499
874	-5.41676
875	-5.45444
876	-7.01824
877	-2.03883
878	-5.87583
879	-5.65948
880	-4.10631
881	-7.59534
882	-1.96893
883	-5.66195
884	-3.95015
885	-5.5438
886	-5.4386
887	-2.75465
888	-6.34528
889	-7.55414
890	-12.4138
891	-11.1632
892	-6.42118
893	-7.65751
894	-5.67144
895	-10.4416
896	-9.1408
897	-8.97202
898	-8.61506
899	-6.59904
900	-5.09526
901	-6.04697
902	-5.34504
903	-5.52514
904	-12.3466
905	-12.477
906	-9.79183
907	-9.62103
908	-11.4421
909	-12.5832
910	-16.2837
911	-15.1983
912	-2.99019
913	-2.74311
914	-5.104
915	-3.02186
916	-0.586135
917	-2.07234
918	-1.48829
919	-1.00726
920	-5.05753
921	-3.96719
922	-2.49769
923	-0.8731
924	-0.522984
925	-1.41808
926	-0.819011
927	-0.871287
928	0.329749
929	-2.76988
930	-3.45191
931	-7.10276
932	-4.1798
933	-3.66793
934	-2.51301
935	-4.90416
936	-6.89754
937	-5.58574
938	-9.10204
939	-9.28319
940	-5.68142
941	-5.63879
942	-7.13595
943	-4.4394
944	-8.02568
945	-5.81802
946	-5.63205
947	-5.98489
948	-4.91181
949	-5.49489
950	-4.06278
951	-5.70103
952	-10.1144
953	-11.294
954	-8.59287
955	-6.90501
956	-11.5967
957	-13.9151
958	-13.365
959	-13.726
960	-4.07912
961	-5.45478
962	-3.7664
963	-3.71907
964	-0.298482
965	0.187183
966	-3.65952
967	-2.18605
968	-2.02887
969	-2.05076
970	-2.42318
971	-3.96293
972	-6.99262
973	-2.28961
974	-4.3945
975	-5.03367
976	-3.97792
977	-5.30742
978	-5.90341
979	-5.99923
980	-3.696
981	-6.72045
982	-6.59059
983	-4.58115
984	-9.17304
985	-7.97229
986	-5.30361
987	-7.33658
988	-3.4402
989	-1.92583
990	-5.914
991	-5.26986
992	-11.6931
993	-11.4758
994	-7.5966
995	-9.17859
996	-9.23214
997	-11.5955
998	-12.394
999	-14.2162
1000	-3.95749
1001	-1.58256
1002	-0.12407
1003	-1.49152
1004	-1.42895
1005	1.0415
1006	0.507624
1007	1.96914
1008	-1.83622
1009	-2.55366
1010	-1.11138
1011	-2.11748
1012	0.845634
1013	-1.60723
1014	-3.13244
1015	-5.91008
1016	-1.73481
1017	-2.24721
1018	-3.82009
1019	-2.92018
1020	-1.8497
1021	-3.52613
1022	-4.92336
1023	-3.49365
1024	-5.72227
1025	-5.75072
1026	-7.2513
1027	-6.21125
1028	-5.63376
1029	-4.57287
1030	-2.38951
1031	-5.71565
1032	-11.9887
1033	-11.1164
1034	-9.28205
1035	-6.25766
1036	-10.4782
1037	-12.5353
1038	-14.2205
1039	-15.3054
1040	-1.75857
1041	-2.45076
1042	0.0317783
1043	-1.70055
1044	-5.26331
1045	-5.28346
1046	-1.01704
1047	-0.12925
1048	-2.64896
1049	-2.95488
1050	-2.55826
1051	-2.22413
1052	-2.77338
1053	-0.0530044
1054	-1.30986
1055	0.618532
1056	-2.1717
1057	-4.99995
1058	-0.897625
1059	-3.59899
1060	-1.94431
1061	-4.87472
1062	-5.80369
1063	-4.32816
1064	-6.89637
1065	-6.27915
1066	-4.19853
1067	-6.85538
1068	-4.03643
1069	-5.33366
1070	-5.99456
1071	-4.60023
1072	-10.4662
1073	-9.42259
1074	-9.58533
1075	-6.78907
1076	-9.94552
1077	-8.86372
1078	-13.182
1079	-11.908
1080	1.80948
1081	0.298043
1082	-2.22494
1083	-1.60772
1084	2.26722
1085	-0.591048
1086	-3.03898
1087	-0.119316
1088	-3.48506
1089	-2.71405
1090	-2.79509
1091	-1.66133
1092	-0.639962
1093	0.469735
1094	-1.99275
1095	-1.44004
1096	-2.24935
1097	-3.58698
1098	-3.2121
1099	-5.60575
1100	-2.74487
1101	-4.7967
1102	-7.45717
1103	-3.87831
1104	-9.51456
1105	-7.88002
1106	-4.23806
1107	-7.08554
1108	-5.03009
1109	-3.45188
1110	-4.42768
1111	-7.11235
1112	-11.0572
1113	-10.4901
1114	-7.21405
1115	-7.6705
1116	-7.2336
1117	-10.3192
1118	-14.1167
1119	-12.9699
1120	1.06972
1121	1.08927
1122	2.69673
1123	-0.202896
1124	5.11658
1125	3.74076
1126	-0.536642
1127	-1.21991
1128	-3.28879
1129	-0.679054
1130	-2.84007
1131	-2.28976
1132	1.48652
1133	2.03129
1134	2.97308
1135	0.370839
1136	-0.601553
1137	-1.0133
1138	-2.20044
1139	-3.20435
1140	-2.80637
1141	-2.2194
1142	-1.32206
1143	-2.34719
1144	-3.65447
1145	-5.77686
1146	-5.30376
1147	-2.88443
1148	0.506174
1149	-2.40987
1150	-4.91199
1151	-4.74181
1152	-3.74505
1153	-7.48
1154	-2.91755
1155	-1.31743
1156	-3.23946
1157	-5.80324
1158	1.95845
1159	0.164527
1160	0.939632
1161	1.29284
1162	-0.782289
1163	-1.34007
1164	1.12078
1165	-0.1129
1166	-0.972932
1167	-1.18856
1168	-1.47185
1169	-2.89395
1170	-1.41879
1171	-3.07738
1172	1.37548
1173	2.91072
1174	3.7526
1175	3.10704
1176	-1.22003
1177	-0.489811
1178	-0.651594
1179	-2.61757
1180	1.09117
1181	-2.98275
1182	-4.90965
1183	-3.68124
1184	-3.59548
1185	-5.43817
1186	-4.47302
1187	-4.296
1188	-2.47457
1189	-1.23169
1190	1.71969
1191	-1.50676
1192	-2.54466
1193	-3.42621
1194	-5.34545
1195	-2.25822
1196	2.15183
1197	-0.66804
1198	-1.15723
1199	1.41114
1200	-1.16835
1201	0.270327
1202	-1.88715
1203	0.0218719
1204	3.3756
1205	1.57774
1206	-1.03469
1207	-1.14186
1208	-1.17867
1209	-2.09895
1210	-3.52213
1211	-2.3928
1212	-1.22084
1213	1.61317
1214	1.28904
1215	0.325331
1216	-0.551615
1217	-1.07058
1218	-3.63514
1219	-3.25995
1220	-4.25463
1221	-7.85289
1222	-2.35107
1223	-2.53771
1224	-3.62028
1225	-5.81648
1226	-6.36507
1227	-3.91515
1228	-1.38242
1229	-0.82319
1230	-1.04797
1231	0.0369941
1232	-4.37902
1233	-3.92292
1234	-0.534955
1235	-3.77028
1236	-1.45723
1237	0.0233888
1238	1.36083
1239	0.532496
1240	-1.76325
1241	-1.02477
1242	-0.363272
1243	-3.28033
1244	1.90246
1245	-0.245302
1246	0.570112
1247	-0.405663
1248	-3.37201
1249	-0.665482
1250	-2.20093
1251	-2.86471
1252	-0.149124
1253	1.8882
1254	0.12165
1255	-0.179985
1256	-0.797692
1257	-0.433049
1258	1.19854
1259	-2.19987
1260	-2.54086
1261	-3.16059
1262	-3.45772
1263	-7.87078
1264	-4.53092
1265	-6.23281
1266	-4.97735
1267	-5.52404
1268	-2.94542
1269	-1.90287
1270	-4.2886
1271	-3.14167
1272	-4.02522
1273	-3.37293
1274	-2.5566
1275	-3.62268
1276	-1.11731
1277	-2.6798
1278	-0.389841
1279	-0.613469
1280	-0.335411
1281	0.605934
1282	1.61662
1283	-2.93285
1284	3.25529
1285	3.32348
1286	2.23615
1287	1.89065
1288	-1.14962
1289	-1.72907
1290	-5.61228
1291	-2.00486
1292	2.12677
1293	2.78316
1294	-0.371329
1295	2.31901
1296	-0.349069
1297	-0.181412
1298	-5.21346
1299	-4.28365
1300	1.84925
1301	1.67274
1302	-0.881623
1303	-0.58104
1304	-2.14785
1305	-0.0369459
1306	-2.03516
1307	-3.4625
1308	-4.01045
1309	-4.73902
1310	-3.52052
1311	-4.83863
1312	-5.30616
1313	-2.21516
1314	-4.83364
1315	-7.49087
1316	-1.77499
1317	-2.47536
1318	-0.732341
1319	-5.15869
1320	-3.67633
1321	-3.5492
1322	-4.58014
1323	-2.97979
1324	-0.90021
1325	-1.754
1326	0.854991
1327	1.21546
1328	-2.23914
1329	-1.94655
1330	0.306831
1331	-2.04515
1332	1.69425
1333	1.18357
1334	0.190602
1335	-0.327374
1336	-5.76463
1337	-5.3283
1338	5.2296
1339	-4.05855
1340	-1.27397
1341	0.575722
1342	0.0674621
1343	0.743832
1344	-3.76293
1345	-0.460419
1346	-1.89282
1347	-3.90664
1348	1.92369
1349	2.73475
1350	-0.0613586
1351	0.864723
1352	-0.865698
1353	-3.24839
1354	-6.10945
1355	-6.24648
1356	-3.14975
1357	-2.38332
1358	-2.517
1359	-3.64227
1360	-7.31152
1361	-7.29739
1362	-4.67115
1363	-4.46841
1364	-5.43887
1365	-4.41535
1366	-2.4748
1367	-1.35843
1368	-2.30772
1369	-3.53251
1370	-2.74424
1371	-3.67354
1372	-3.25951
1373	-2.47697
1374	-0.562922
1375	-2.27184
1376	-0.391713
1377	-0.013597
1378	0.462984
1379	-1.4426
1380	-0.351084
1381	0.537026
1382	-1.74634
1383	-2.78383
1384	-4.19114
1385	-3.25128
1386	-2.40058
1387	6.94253
1388	-1.84961
1389	-0.137717
1390	-1.01146
1391	0.20731
1392	-0.949259
1393	-1.33678
1394	-2.85001
1395	-1.5448
1396	1.7766
1397	1.67206
1398	-0.371668
1399	0.791615
1400	-4.30327
1401	-6.16543
1402	-3.70296
1403	-1.16098
1404	-2.12697
1405	-7.27403
1406	-3.5306
1407	-3.87758
1408	-4.40725
1409	-4.517
1410	-6.467
1411	-6.43254
1412	-2.71193
1413	-2.62954
1414	-5.43735
1415	-7.33163
1416	-5.03725
1417	-4.99667
1418	-4.96246
1419	-4.38502
1420	-2.79341
1421	-3.12964
1422	-0.495037
1423	-0.618499
1424	-1.59096
1425	-0.0673006
1426	-3.15062
1427	-3.01472
1428	-0.00893013
1429	0.894663
1430	0.0574263
1431	-2.34899
1432	-3.08028
1433	-4.62455
1434	5.17735
1435	-10.587
1436	-2.51065
1437	-0.221769
1438	0.00486024
1439	-0.463333
1440	-2.70846
1441	-1.46047
1442	-4.54631
1443	-4.85129
1444	1.05383
1445	0.765853
1446	-0.96267
1447	-0.868456
1448	-3.90862
1449	-2.64889
1450	-2.42618
1451	-4.38294
1452	-1.33759
1453	-4.51518
1454	-7.12429
1455	-4.50753
1456	-4.07349
1457	-3.1379
1458	-6.62366
1459	-7.52811
1460	-6.10489
1461	-3.89961
1462	-2.01476
1463	-3.09031
1464	-4.04242
1465	-5.54089
1466	-6.52803
1467	-7.13928
1468	-3.51978
1469	-2.2894
1470	2.27447
1471	-2.01952
1472	-1.08864
1473	0.533895
1474	1.0139
1475	1.3356
1476	-3.73406
1477	-2.61215
1478	-2.54956
1479	-2.39944
1480	-0.77279
1481	-0.573804
1482	0.295779
1483	0.811603
1484	-1.82808
1485	-2.94219
1486	-2.89076
1487	-4.45364
1488	2.30349
1489	2.67366
1490	-1.17053
1491	-0.816949
1492	-1.33416
1493	-0.439535
1494	6.38138
1495	-1.8309
1496	-0.865531
1497	-2.01644
1498	-5.14808
1499	-2.94159
1500	-9.24167
1501	-7.49979
1502	-4.68127
1503	-4.10911
1504	-1.60173
1505	-0.563769
1506	-4.20086
1507	-2.72947
1508	-5.67602
1509	-4.95581
1510	-3.78545
1511	-5.8975
1512	-2.51621
1513	-1.85142
1514	-3.58875
1515	0.0471736
1516	-3.37472
1517	-4.28371
1518	-7.81121
1519	-4.71217
1520	2.379
1521	1.06449
1522	-0.279155
1523	-0.82947
1524	-8.40137
1525	-3.45714
1526	-1.7358
1527	-3.02107
1528	1.91481
1529	0.00888176
1530	-0.697318
1531	0.289886
1532	-3.48876
1533	-1.08778
1534	-3.90381
1535	-2.4028
1536	1.61656
1537	2.18675
1538	2.59319
1539	0.72746
1540	1.79973
1541	-0.0374323
1542	-3.72953
1543	6.71572
1544	-3.42157
1545	-1.61805
1546	-5.60476
1547	-3.78651
1548	-8.15421
1549	-6.0128
1550	-6.53688
1551	-1.38146
1552	-2.41288
1553	-3.14051
1554	-1.61309
1555	-1.35757
1556	-6.00396
1557	-4.93717
1558	-5.91879
1559	-4.28341
1560	-1.19825
1561	-1.75478
1562	-1.02247
1563	-0.963894
1564	-5.95058
1565	-4.30936
1566	-5.16328
1567	-6.2392
1568	1.23047
1569	1.55825
1570	0.856647
1571	1.51012
1572	-3.22743
1573	-2.39782
1574	-2.61311
1575	-3.43061
1576	1.86819
1577	1.6411
1578	1.15613
1579	3.2577
1580	-1.42042
1581	-3.74572
1582	-2.97867
1583	-0.771567
1584	2.38698
1585	3.85166
1586	0.919461
1587	0.630403
1588	0.363386
1589	-2.8513
1590	6.81528
1591	-7.44599
1592	-1.23051
1593	-1.04285
1594	-5.13996
1595	-7.40648
1596	-8.53946
1597	-5.83614
1598	-5.51821
1599	-7.74542
1600	-2.56072
1601	-2.56731
1602	-1.22183
1603	-3.734
1604	-5.61616
1605	-5.69202
1606	-7.27065
1607	-6.7618
1608	-1.01954
1609	-0.757283
1610	-2.21496
1611	0.119259
1612	-0.947587
1613	-5.45798
1614	-5.8629
1615	-5.02307
1616	1.46526
1617	0.346773
1618	-0.618066
1619	-0.148414
1620	-2.15844
1621	-7.09276
1622	-3.45041
1623	-2.31993
1624	0.143275
1625	0.588055
1626	-1.55151
1627	0.347398
1628	-4.39765
1629	-7.83635
1630	-1.84057
1631	-3.34983
1632	-1.63603
1633	-0.926072
1634	2.49989
1635	-0.884016
1636	-3.28697
1637	-3.45176
1638	-3.13464
1639	-4.17552
1640	3.49128
1641	0.885419
1642	-0.717918
1643	-1.80852
1644	-6.57272
1645	-4.89173
1646	-6.12965
1647	-9.31458
1648	-3.38802
1649	-2.92752
1650	-2.67617
1651	-1.48563
1652	-5.86631
1653	-0.948873
1654	-7.82812
1655	-6.05685
1656	0.087604
1657	-1.25738
1658	-1.54078
1659	-2.39678
1660	-3.94958
1661	-4.05858
1662	-7.29635
1663	-6.556
1664	0.222703
1665	-0.842249
1666	0.0477508
1667	-2.98687
1668	-3.72422
1669	-5.23388
1670	-3.42782
1671	-2.1198
1672	2.79451
1673	2.51107
1674	1.98712
1675	2.92595
1676	-2.07786
1677	-2.34026
1678	-3.37386
1679	-2.39555
1680	1.3488
1681	1.85702
1682	-0.624947
1683	-0.244187
1684	-1.10821
1685	-3.03551
1686	-3.85533
1687	-3.58483
1688	-11.9931
1689	2.774
1690	-1.33916
1691	1.76321
1692	-6.70241
1693	-8.4894
1694	-7.46259
1695	-5.9648
1696	-0.602546
1697	-1.0316
1698	-2.67493
1699	-1.31573
1700	-7.11006
1701	-6.52313
1702	-4.59539
1703	-6.70194
1704	0.713309
1705	-0.346884
1706	0.317462
1707	-1.83283
1708	-5.56652
1709	-3.121
1710	-5.79884
1711	-5.52219
1712	3.2853
1713	1.4497
1714	1.22642
1715	-0.203302
1716	-5.00253
1717	-3.72976
1718	-1.62683
1719	-4.79044
1720	2.0134
1721	0.569217
1722	1.72748
1723	1.43579
1724	-5.04927
1725	-4.28458
1726	-3.42252
1727	-5.75544
1728	2.37101
1729	0.635082
1730	-0.610443
1731	-0.81189
1732	-3.25596
1733	-3.58927
1734	-1.036
1735	-3.19826
1736	0.885931
1737	0.924236
1738	1.33213
1739	1.80068
1740	-7.03676
1741	-7.1414
1742	-7.9254
1743	-3.71082
1744	-2.33433
1745	-1.73728
1746	-3.50401
1747	-2.37758
1748	-6.35276
1749	-6.1437
1750	-5.66966
1751	-4.59878
1752	-2.14747
1753	-1.20408
1754	-3.23525
1755	-3.71496
1756	-6.25665
1757	-6.68002
1758	-5.86806
1759	-5.88434
1760	0.204944
1761	-0.0578409
1762	0.291063
1763	1.32089
1764	-4.13554
1765	-3.10314
1766	-1.40307
1767	-4.69367
1768	3.48584
1769	0.0309792
1770	1.40867
1771	-1.4685
1772	-3.53701
1773	-4.13094
1774	-3.86838
1775	-3.69355
1776	0.630038
1777	-2.16922
1778	-0.444027
1779	-2.80394
1780	-1.21289
1781	-3.12056
1782	-3.41509
1783	-2.70654
1784	2.36851
1785	0.111143
1786	3.5506
1787	1.35157
1788	-7.41301
1789	-7.95603
1790	-7.63882
1791	-4.59628
1792	-2.14148
1793	-0.598411
1794	-6.42038
1795	-3.08831
1796	-7.57315
1797	-5.66385
1798	-4.59375
1799	-7.18612
1800	-1.6854
1801	-1.23077
1802	-2.16554
1803	-1.64118
1804	-6.18586
1805	-5.65719
1806	-8.88873
1807	-7.03561
1808	1.84776
1809	-2.21207
1810	-0.433837
1811	0.401853
1812	-3.08877
1813	-3.92664
1814	-0.760141
1815	-3.50834
1816	-1.63753
1817	-2.70062
1818	-0.638799
1819	-3.28823
1820	-4.76361
1821	-5.43159
1822	-3.38583
1823	-4.55806
1824	-1.38154
1825	0.280028
1826	-1.46812
1827	-3.19483
1828	-4.82993
1829	-4.1593
1830	-6.23267
1831	-4.44031
1832	1.00458
1833	0.68851
1834	1.88788
1835	1.80681
1836	-8.19374
1837	-8.41681
1838	-4.76826
1839	-6.53926
1840	0.454278
1841	-4.38544
1842	-3.05666
1843	-2.75339
1844	-9.69548
1845	-9.44289
1846	-6.29492
1847	-6.34883
1848	-2.18885
1849	-0.597041
1850	-3.27971
1851	-1.70909
1852	-5.33633
1853	-5.241
1854	-7.40512
1855	-4.94852
1856	-2.8988
1857	-4.59599
1858	-1.12033
1859	-1.65696
1860	-0.268818
1861	-1.02566
1862	-2.03336
1863	0.419099
1864	-2.14516
1865	-2.07328
1866	-3.49833
1867	-3.4206
1868	1.59766
1869	4.08995
1870	-1.8321
1871	-0.00305798
1872	-1.98161
1873	0.531666
1874	-5.62712
1875	-5.0185
1876	-2.86445
1877	-1.09044
1878	-3.68842
1879	-2.75611
1880	-2.17863
1881	1.77573
1882	0.0636059
1883	-3.53644
1884	-5.33277
1885	-1.85365
1886	-3.56185
1887	-2.98262
1888	-4.72121
1889	-2.71312
1890	-4.03793
1891	-5.7759
1892	-2.57307
1893	-1.40648
1894	1.03072
1895	0.995229
1896	-6.33201
1897	-4.74755
1898	-6.77247
1899	-6.519
1900	-1.48729
1901	0.172605
1902	-4.99234
1903	2.41429
1904	-0.781294
1905	-0.423419
1906	-2.91169
1907	-3.11353
1908	0.598157
1909	-0.749947
1910	0.967978
1911	-0.829333
1912	-4.1858
1913	-0.883066
1914	-2.596
1915	-2.54105
1916	-2.95703
1917	-2.57561
1918	-0.631275
1919	-3.04735
1920	-3.11183
1921	-1.61758
1922	-3.54489
1923	-4.31305
1924	-7.07952
1925	-5.92885
1926	-1.79338
1927	-5.08913
1928	-2.58337
1929	0.568124
1930	-1.87263
1931	-0.956485
1932	-5.2776
1933	-2.27924
1934	-1.24106
1935	-1.35614
1936	-4.2987
1937	-4.94526
1938	-6.20866
1939	-5.00372
1940	-0.950385
1941	-2.17625
1942	-1.25621
1943	-0.883257
1944	-7.08277
1945	-2.55683
1946	-4.94424
1947	-1.14028
1948	0.987063
1949	-1.6648
1950	-4.67876
1951	-0.368806
1952	-0.217083
1953	-2.3213
1954	-2.22978
1955	-1.82082
1956	0.246122
1957	1.78042
1958	-0.664823
1959	-0.685473
1960	-4.08415
1961	0.0728684
1962	-3.76292
1963	-1.55742
1964	1.65478
1965	-1.84295
1966	-0.282363
1967	-0.917868
1968	-1.18751
1969	-2.56525
1970	-3.16306
1971	-2.70135
1972	-2.91756
1973	0.626898
1974	-3.12293
1975	-2.01664
1976	-2.77812
1977	-4.42727
1978	-3.43002
1979	-4.74249
1980	-0.586119
1981	-1.90438
1982	-2.80012
1983	-2.69543
1984	-6.14206
1985	-4.92893
1986	-4.13797
1987	-3.56719
1988	-3.11465
1989	-4.40955
1990	-1.19332
1991	-1.75933
1992	-5.81627
1993	-6.07639
1994	-6.64731
1995	-2.91991
1996	-2.88165
1997	-2.7671
1998	-2.4997
1999	-2.62075
2000	-3.47377
2001	-3.71785
2002	-3.4335
2003	-2.60047
2004	-0.966319
2005	-0.274915
2006	-4.01615
2007	-3.06029
2008	-2.64975
2009	-3.55804
2010	-3.16523
2011	-2.52457
2012	-1.77276
2013	-3.42953
2014	-2.10401
2015	-1.14563
2016	-6.89356
2017	-3.20925
2018	-4.10543
2019	-6.21193
2020	-2.11149
2021	-0.244605
2022	-2.52894
2023	0.139757
2024	-2.94313
2025	-5.604
2026	-2.20839
2027	-4.35133
2028	-4.30586
2029	-4.79532
2030	-5.71811
2031	-5.87641
2032	-6.69478
2033	-8.98271
2034	-8.21614
2035	-7.87089
2036	-4.93895
2037	-3.06006
2038	-3.05434
2039	-1.89214
2040	-6.60494
2041	-5.00428
2042	-6.48366
2043	-6.24127
2044	-4.9302
2045	-0.79553
2046	-3.90723
2047	-3.14487
2048	-3.82328
2049	-4.4873
2050	-2.77426
2051	-2.43241
2052	0.232505
2053	-1.05553
2054	-0.297798
2055	-0.60749
2056	-1.16702
2057	-1.18046
2058	-1.36364
2059	-3.9262
2060	-4.39737
2061	-0.872946
2062	-0.687081
2063	-1.28992
2064	-3.12496
2065	-0.0492513
2066	-2.32252
2067	-4.59919
2068	-0.34247
2069	-1.36805
2070	-0.71575
2071	0.585971
2072	0.4357
2073	-4.12361
2074	-2.6778
2075	-0.408104
2076	-5.86623
2077	-5.25732
2078	-1.16467
2079	-1.96563
2080	-5.2779
2081	-6.00913
2082	-8.16633
2083	-8.52217
2084	-5.35222
2085	-2.56179
2086	0.741425
2087	-1.11303
2088	-5.90397
2089	-6.67437
2090	-7.04769
2091	-4.70956
2092	-3.47358
2093	-3.10896
2094	-3.31138
2095	-2.37302
2096	-4.84306
2097	-4.53461
2098	-7.25012
2099	-3.44773
2100	0.484276
2101	-2.06433
2102	-1.2172
2103	-1.96375
2104	-0.988421
2105	-4.02002
2106	-4.9754
2107	-1.81743
2108	-1.91266
2109	-2.62621
2110	-1.59811
2111	-3.15377
2112	-4.86841
2113	1.28733
2114	-6.06478
2115	-7.52387
2116	-2.83557
2117	0.0214521
2118	-4.08116
2119	-2.6962
2120	-3.16194
2121	-4.42151
2122	-1.96374
2123	-6.09797
2124	-1.89084
2125	-2.37043
2126	-2.42471
2127	-1.80582
2128	-5.671
2129	-6.645
2130	-9.58076
2131	-6.63343
2132	-4.06558
2133	-2.24971
2134	-1.0658
2135	-2.86512
2136	-7.74431
2137	-5.81872
2138	-7.69167
2139	-5.90286
2140	-3.23792
2141	-2.81556
2142	-6.03244
2143	-2.71334
2144	-4.32934
2145	-0.944506
2146	-4.12782
2147	-4.19045
2148	-1.60133
2149	-1.2079
2150	-2.31409
2151	-2.94318
2152	-5.08298
2153	-3.56508
2154	-3.43859
2155	-3.13536
2156	-2.26353
2157	-0.738307
2158	-3.08804
2159	-3.15166
2160	-3.42378
2161	-5.5369
2162	-5.80087
2163	-6.57659
2164	-2.97901
2165	-2.56749
2166	1.47849
2167	-1.28995
2168	-7.8128
2169	-5.78499
2170	-4.27596
2171	-3.11348
2172	-4.93191
2173	-3.36958
2174	-3.07327
2175	-0.629504
2176	-8.11876
2177	-8.09888
2178	-5.88833
2179	-5.66535
2180	-1.96738
2181	-4.4714
2182	-4.2068
2183	-0.819451
2184	-6.17079
2185	-5.99915
2186	-7.69414
2187	-6.81095
2188	-4.34051
2189	-4.28775
2190	-1.15508
2191	-2.25882
2192	-4.0331
2193	-3.834
2194	-2.49934
2195	-3.77517
2196	-3.47391
2197	-1.8256
2198	5.59289
2199	6.74424
2200	-1.57215
2201	-5.05568
2202	-4.43249
2203	-5.13642
2204	-2.40454
2205	-1.12554
2206	-2.48144
2207	-1.85541
2208	-6.74189
2209	-6.62209
2210	-4.83711
2211	-3.69555
2212	-2.202
2213	-2.15
2214	-2.98505
2215	-1.21795
2216	-5.53259
2217	-5.9452
2218	-1.92404
2219	-2.85953
2220	-3.11509
2221	-7.10672
2222	-1.00038
2223	-1.06908
2224	-7.59919
2225	-9.80687
2226	-6.25055
2227	-8.7432
2228	-5.30281
2229	-5.95386
2230	-0.25541
2231	-3.99287
2232	-5.39894
2233	-3.05119
2234	-7.69505
2235	-7.65933
2236	-2.98823
2237	-4.00156
2238	-3.046
2239	-4.16452
2240	0
2241	0
2242	0
2243	0
2244	0
2245	0
2246	0
2247	0
2248	0
2249	0
2250	0
2251	0
2252	0
2253	0
2254	0
2255	0
2256	0
2257	0
2258	0
2259	0
2260	0
2261	0
2262	0
2263	0
2264	0
2265	0
2266	0
2267	0
2268	0
2269	0
2270	0
2271	0
2272	0
2273	0
2274	0
2275	0
2276	0
2277	0
2278	0
2279	0
2280	0
2281	0
2282	0
2283	0
2284	0
2285	0
2286	0
2287	0
2288	0
2289	0
2290	0
2291	0
2292	0
2293	0
2294	0
2295	0
2296	0
2297	0
2298	0
2299	0
2300	0
2301	0
2302	0
2303	0
2304	0
2305	0
2306	0
2307	0
2308	0
2309	0
2310	0
2311	0
2312	0
2313	0
2314	0
2315	0
2316	0
2317	0
2318	0
2319	0
2320	0
2321	0
2322	0
2323	0
2324	0
2325	0
2326	0
2327	0
2328	0
2329	0
2330	0
2331	0
2332	0
2333	0
2334	0
2335	0
2336	0
2337	0
2338	0
2339	0
2340	0
2341	0
2342	0
2343	0
2344	0
2345	0
2346	0
2347	0
2348	0
2349	0
2350	0
2351	0
2352	0
2353	0
2354	0
2355	0
2356	0
2357	0
2358	0
2359	0
2360	29.7345
2361	24.4544
2362	30.2114
2363	30.3184
2364	26.9651
2365	30.1368
2366	27.3338
2367	30.1281
2368	30.5119
2369	28.4306
2370	25.7968
2371	24.8154
2372	25.8728
2373	25.2869
2374	31.4058
2375	31.439
2376	32.5109
2377	25.6713
2378	29.7125
2379	32.6756
2380	28.1815
2381	30.1733
2382	31.0157
2383	28.5644
2384	36.0751
2385	31.1023
2386	32.5921
2387	24.8802
2388	30.0732
2389	30.4294
2390	28.0054
2391	29.911
2392	34.2927
2393	35.5304
2394	31.5862
2395	35.986
2396	29.8124
2397	25.5776
2398	30.489
2399	24.6722
2400	18.4298
2401	26.4306
2402	33.9374
2403	34.1896
2404	31.9837
2405	34.1276
2406	29.5635
2407	28.638
2408	24.0987
2409	24.7457
2410	24.2494
2411	24.7328
2412	27.2817
2413	26.9362
2414	35.1984
2415	30.2653
2416	30.2749
2417	34.8498
2418	33.4986
2419	30.6142
2420	33.4379
2421	31.2655
2422	29.6136
2423	30.9199
2424	38.2504
2425	33.0514
2426	33.1081
2427	33.0602
2428	30.3679
2429	35.5463
2430	33.8925
2431	27.5203
2432	34.9536
2433	30.3679
2434	27.8577
2435	30.8575
2436	32.5742
2437	34.3238
2438	30.719
2439	32.9877
2440	31.9906
2441	35.9624
2442	31.8497
2443	30.0106
2444	29.3381
2445	25.459
2446	32.0749
2447	26.533
2448	31.1564
2449	34.6203
2450	24.1499
2451	35.344
2452	32.3749
2453	34.2545
2454	28.7985
2455	0
2456	35.7783
2457	30.36
2458	29.3715
2459	30.9493
2460	30.1285
2461	33.5563
2462	35.1069
2463	33.4906
2464	34.6098
2465	35.8728
2466	31.7196
2467	27.7702
2468	28.9079
2469	34.2141
2470	27.6039
2471	27.4783
2472	32.2086
2473	35.7303
2474	35.5649
2475	31.8787
2476	31.7595
2477	31.7658
2478	34.8318
2479	31.2109
2480	33.2835
2481	33.5242
2482	33.9042
2483	30.6903
2484	31.9206
2485	36.7104
2486	35.4284
2487	37.7403
2488	36.7175
2489	37.2111
2490	32.2819
2491	27.8722
2492	36.1021
2493	33.4999
2494	28.8508
2495	30.264
2496	33.5326
2497	31.634
2498	38.2337
2499	36.0294
2500	36.8791
2501	36.7455
2502	33.2158
2503	34.5338
2504	34.264
2505	32.4139
2506	28.2705
2507	34.4778
2508	33.034
2509	38.1177
2510	34.595
2511	35.6752
2512	36.497
2513	36.0935
2514	31.6122
2515	35.3813
2516	34.2579
2517	30.1227
2518	31.6376
2519	29.3279
2520	33.3045
2521	31.3014
2522	35.7361
2523	34.3669
2524	38.4697
2525	35.8712
2526	31.99
2527	33.6806
2528	33.4848
2529	29.9452
2530	32.309
2531	32.35
2532	36.3211
2533	33.5245
2534	36.6684
2535	35.4193
2536	33.9287
2537	34.0781
2538	33.5755
2539	25.2515
2540	33.8143
2541	31.2215
2542	31.9821
2543	29.1685
2544	25.864
2545	27.8764
2546	29.2464
2547	33.8778
2548	31.6044
2549	34.0409
2550	26.8791
2551	36.9026
2552	31.5878
2553	30.1016
2554	30.2531
2555	26.5461
2556	29.5038
2557	30.3919
2558	31.6227
2559	32.8733
2560	30.6611
2561	30.3746
2562	31.6501
2563	35.7379
2564	28.7209
2565	27.98
2566	27.9696
2567	28.7717
2568	30.5037
2569	31.2817
2570	29.7587
2571	29.1429
2572	27.4352
2573	29.6168
2574	27.2812
2575	29.8296
2576	29.4486
2577	26.6575
2578	33.5476
2579	29.1417
2580	31.5881
2581	24.3945
2582	29.3252
2583	24.8774
2584	29.6672
2585	30.1362
2586	26.8666
2587	26.0027
2588	27.3018
2589	30.0067
2590	27.6635
2591	27.6461
2592	32.8245
2593	31.5789
2594	28.0829
2595	30.7649
2596	0
2597	0
2598	0
2599	0
2600	0
2601	0
2602	0
2603	0
2604	0
2605	0
2606	0
2607	0
2608	0
2609	0
2610	0
2611	0
2612	0
2613	0
2614	0
2615	0
2616	0
2617	0
2618	0
2619	0
2620	0
2621	0
2622	0
2623	0
2624	0
2625	0
2626	0
2627	0
2628	0
2629	0
2630	0
2631	0
2632	0
2633	0
2634	0
2635	0
2636	0
2637	0
2638	0
2639	0
2640	0
2641	0
2642	0
2643	0
2644	0
2645	0
2646	0
2647	0
2648	0
2649	0
2650	0
2651	0
2652	0
2653	0
2654	0
2655	0
2656	0
2657	0
2658	0
2659	0
2660	0
2661	0
2662	0
2663	0
2664	0
2665	0
2666	0
2667	0
2668	0
2669	0
2670	0
2671	0
2672	0
2673	0
2674	0
2675	0
2676	0
2677	0
2678	0
2679	0
2680	0
2681	0
2682	0
2683	0
2684	0
2685	0
2686	0
2687	0
2688	0
2689	0
2690	0
2691	0
2692	0
2693	0
2694	0
2695	0
2696	0
2697	0
2698	0
2699	0
2700	0
2701	0
2702	0
2703	0
2704	0
2705	0
2706	0
2707	0
2708	0
2709	0
2710	0
2711	0
2712	0
2713	0
2714	0
2715	0
