0	-1.3876
1	-0.171769
2	-2.95335
3	-2.80239
4	-1.94553
5	-1.48064
6	-5.33511
7	-1.37755
8	-2.23743
9	-6.85799
10	-2.92673
11	-7.63096
12	-2.6541
13	-1.07409
14	-0.824571
15	-2.54015
16	0.784601
17	-3.15453
18	-3.92932
19	-1.49632
20	0.591289
21	-4.11878
22	-1.9964
23	-0.00613378
24	-4.28669
25	-5.03961
26	-3.76058
27	-5.33849
28	-3.12243
29	-5.74008
30	-3.57667
31	-3.43879
32	-10.3685
33	-8.68735
34	-6.7001
35	-7.65124
36	-5.78947
37	-5.44446
38	-5.68422
39	-2.77529
40	-6.82965
41	-5.61379
42	-5.46185
43	-7.65305
44	-12.1287
45	-6.93592
46	-4.58659
47	-5.62825
48	1.69572
49	0.646738
50	-3.86219
51	-2.4341
52	1.51984
53	-1.54203
54	-0.0210333
55	-0.796219
56	-0.504669
57	-1.44955
58	-2.59284
59	0.495047
60	2.48611
61	-0.295352
62	0.508418
63	-1.83165
64	-1.55254
65	-1.73822
66	-1.56018
67	-1.13704
68	1.19014
69	-1.56102
70	-2.75448
71	-1.05583
72	-2.02704
73	-4.44347
74	-6.02094
75	-4.72937
76	-2.7335
77	-3.23324
78	-3.20661
79	-4.02386
80	-7.10695
81	-6.96589
82	-6.37314
83	-6.68019
84	-4.68689
85	-2.53843
86	-3.06936
87	-3.09149
88	-4.77409
89	-5.3639
90	-4.7361
91	-4.82147
92	-8.41464
93	-7.76896
94	-6.44801
95	-9.45916
96	6.16817
97	4.48467
98	-0.75981
99	-0.412026
100	1.41901
101	1.10786
102	0.583049
103	1.51109
104	-0.797171
105	-2.77001
106	1.09902
107	-0.656652
108	1.29808
109	1.08898
110	1.98437
111	2.02768
112	-2.79494
113	-2.7753
114	-3.13467
115	-0.924286
116	-1.59879
117	-1.74077
118	-3.33913
119	-1.08686
120	-5.23725
121	-4.57153
122	-6.26895
123	-4.61652
124	-1.8871
125	-3.51283
126	-3.77602
127	-1.83978
128	-6.0451
129	-3.19524
130	-4.77962
131	-3.12104
132	-0.924095
133	-3.11302
134	-0.737923
135	2.04146
136	-3.27886
137	-4.40796
138	-4.05914
139	-2.44374
140	-5.34013
141	-7.6481
142	-6.03312
143	-8.15278
144	2.64764
145	1.17541
146	-2.66815
147	-1.5033
148	0.716382
149	1.07122
150	1.21668
151	0.98894
152	-4.58715
153	-1.46316
154	-0.725552
155	0.647559
156	0.786284
157	3.51864
158	1.43525
159	1.31123
160	1.70157
161	1.30773
162	-0.257768
163	-2.38573
164	-0.101248
165	-1.2875
166	-3.72877
167	-1.87064
168	-1.70883
169	-4.29953
170	-8.15336
171	-7.68171
172	-2.21431
173	-2.71838
174	-0.761643
175	-4.7366
176	-2.8602
177	-4.77362
178	-1.96547
179	-4.00323
180	-0.699609
181	0.0269361
182	-3.25089
183	-2.07046
184	0.484997
185	-4.43504
186	-3.72453
187	0.521181
188	-6.74267
189	-3.21672
190	-5.97876
191	-8.92726
192	4.15257
193	3.96263
194	-1.57325
195	-0.914094
196	0.370866
197	0.313318
198	-0.783344
199	2.05653
200	-1.03288
201	0.833049
202	-0.70928
203	-3.48024
204	1.73219
205	0.27466
206	0.140409
207	2.44038
208	0.451279
209	-0.837731
210	-20.8813
211	0.28643
212	0.241358
213	-1.30241
214	-4.32103
215	-3.14795
216	-4.37696
217	-4.68251
218	-2.45383
219	-4.90234
220	-1.80824
221	-5.18187
222	-1.8436
223	-0.42006
224	-4.02644
225	-3.11941
226	-6.48985
227	-4.04955
228	-2.47497
229	-1.18274
230	-2.94111
231	-2.71339
232	-0.163119
233	-2.12864
234	-1.9766
235	0.659239
236	-6.30168
237	-5.16702
238	-8.25633
239	-10.5208
240	2.275
241	4.69959
242	-0.413381
243	-1.42576
244	-0.855795
245	-1.95779
246	0.383573
247	-0.156238
248	1.90976
249	-0.692475
250	-0.292598
251	-0.21219
252	2.2647
253	1.27391
254	2.43022
255	-0.346823
256	0.24653
257	0.856313
258	-0.589999
259	-1.27854
260	0.802994
261	-2.44651
262	-5.81281
263	-4.00164
264	-3.17488
265	-2.85358
266	-4.0144
267	-7.51034
268	-0.472945
269	-1.38318
270	-2.52211
271	-1.54308
272	-4.62783
273	-2.50228
274	-0.454388
275	-1.61484
276	-0.783258
277	-1.9887
278	-0.67312
279	-0.955126
280	0.151055
281	0.598094
282	-0.450091
283	-0.147705
284	-4.57951
285	-0.397986
286	-9.1241
287	-6.82409
288	4.63467
289	3.46372
290	0.0617831
291	-0.178507
292	-0.998313
293	1.35076
294	-1.59748
295	3.52024
296	-0.654284
297	0.49604
298	-1.79654
299	-1.11768
300	0.790612
301	4.13597
302	2.32109
303	1.01703
304	1.29836
305	-0.233864
306	-3.19293
307	-0.533003
308	-5.71012
309	-10.0992
310	-7.54947
311	-8.80677
312	-3.60229
313	-3.61905
314	-3.55295
315	-3.40932
316	-1.74058
317	1.98611
318	-2.82812
319	-0.44214
320	-4.66527
321	-5.94731
322	-7.42741
323	-5.99582
324	-5.01535
325	-1.77488
326	-3.45385
327	-7.23352
328	-2.83011
329	-5.88956
330	-5.59679
331	-1.50535
332	-8.86015
333	-7.92124
334	-3.31742
335	-4.71971
336	5.42477
337	3.73661
338	0.731894
339	2.69751
340	2.8544
341	0.124775
342	2.60984
343	2.24304
344	-0.994912
345	-0.271394
346	1.30443
347	-0.334095
348	2.56766
349	0.128761
350	2.6424
351	1.60557
352	-1.00518
353	0.614851
354	1.86755
355	0.542094
356	-2.93177
357	-4.54324
358	-5.84493
359	-9.98961
360	-0.542274
361	-5.1039
362	-3.23322
363	-0.47937
364	-3.10931
365	-1.87873
366	-2.52917
367	-2.17461
368	-3.79318
369	-4.06007
370	-2.03673
371	-5.92175
372	0.469877
373	1.38654
374	-0.929239
375	3.67905
376	-1.31448
377	2.05622
378	-0.516264
379	-1.26838
380	-3.8047
381	-6.03466
382	-8.24828
383	-7.33692
384	-2.07049
385	-2.97691
386	4.34978
387	0.620426
388	-4.2482
389	-5.43132
390	-6.47409
391	-4.25023
392	1.52918
393	2.08234
394	-0.403695
395	0.815028
396	-5.85291
397	-3.90238
398	-5.48966
399	-2.53521
400	-0.584634
401	-1.34461
402	2.27082
403	-1.46635
404	-5.9035
405	-6.5711
406	-7.58544
407	-7.93686
408	0.947904
409	-3.13271
410	0.219237
411	-3.58026
412	-6.3502
413	-7.98491
414	-4.90561
415	-8.00374
416	-3.10341
417	-4.12546
418	-3.37938
419	-2.6735
420	-6.01479
421	-8.01575
422	-7.06151
423	-4.49985
424	-12.5979
425	-13.1807
426	-12.7889
427	-12.9526
428	-10.7431
429	-9.1066
430	-14.5553
431	-13.3484
432	-3.80601
433	-3.44419
434	1.20075
435	-1.21599
436	-3.56539
437	-7.23114
438	-2.69077
439	-5.7288
440	1.31697
441	0.235064
442	0.163268
443	1.81203
444	-0.716474
445	-3.83556
446	-3.03642
447	-4.36469
448	1.04624
449	-0.740905
450	2.33744
451	-2.49321
452	-0.695497
453	-7.03291
454	-8.62856
455	-7.92229
456	-1.00838
457	-1.66105
458	-3.47897
459	-3.38418
460	-6.36416
461	-5.89588
462	-5.09577
463	-8.54698
464	-3.28455
465	-3.18505
466	-5.80626
467	-3.98963
468	-5.20443
469	-4.96127
470	-7.33327
471	-5.00077
472	-11.8723
473	-13.8592
474	-13.5036
475	-12.96
476	-13.7679
477	-13.0589
478	-13.4545
479	-13.0857
480	3.9244
481	1.15656
482	0.261781
483	2.04398
484	-6.08672
485	-4.33349
486	-4.40255
487	-4.62634
488	1.97469
489	2.39044
490	1.14808
491	-0.160783
492	-2.97464
493	-2.42423
494	-1.96241
495	-4.25666
496	0.68353
497	1.03947
498	-0.205432
499	0.0576221
500	-1.11973
501	-7.1195
502	-7.10851
503	-6.5622
504	-0.996089
505	-0.884462
506	-4.17429
507	-1.47458
508	-6.18844
509	-8.38204
510	-6.2482
511	-5.77433
512	-3.33442
513	-4.74421
514	0.255515
515	-3.67215
516	-4.96972
517	-6.3148
518	-6.75652
519	-5.88631
520	-11.8951
521	-14.4621
522	-9.42017
523	-10.9323
524	-10.4048
525	-11.6925
526	-11.274
527	-8.92648
528	2.82292
529	1.83435
530	-1.94189
531	-1.88534
532	-3.1677
533	-2.04414
534	-3.78254
535	-5.79909
536	-1.45605
537	-1.26577
538	1.0249
539	-0.262235
540	-5.77228
541	-5.97217
542	-7.02301
543	-2.07589
544	3.22818
545	2.29496
546	-2.67799
547	-0.431595
548	-5.54078
549	-7.5253
550	-9.05927
551	-9.70487
552	-0.539859
553	1.41764
554	-0.507849
555	0.88417
556	-5.56306
557	-5.62029
558	-5.05889
559	-5.40366
560	-3.77511
561	-0.704706
562	-2.23933
563	-0.123969
564	-6.45456
565	-4.06263
566	-6.51373
567	-5.51514
568	-11.3685
569	-11.8625
570	-10.5418
571	-10.8338
572	-6.67714
573	-6.74626
574	-11.3024
575	-11.8238
576	0.398631
577	0.371966
578	2.29377
579	2.1319
580	-3.26797
581	-2.45802
582	-2.19246
583	-1.54031
584	2.19344
585	1.17465
586	1.99082
587	0.677731
588	-5.9362
589	-4.45326
590	-0.626663
591	-3.14444
592	2.34515
593	-1.93017
594	0.804077
595	0.821585
596	-3.94759
597	-6.9479
598	-5.73803
599	-6.2283
600	1.14434
601	-0.813385
602	-0.0460615
603	1.04045
604	-6.59588
605	-3.91531
606	-4.87955
607	-5.52622
608	-2.42038
609	-4.18173
610	-1.7937
611	-1.26164
612	-5.18774
613	-6.19962
614	-5.82728
615	-5.43571
616	-10.9515
617	-11.9931
618	-10.183
619	-9.34049
620	-11.0752
621	-9.43317
622	-13.3514
623	-11.7447
624	2.3467
625	2.66304
626	3.94545
627	1.98906
628	-1.72826
629	-0.346984
630	-1.56892
631	-4.59597
632	2.70738
633	4.02676
634	0.368722
635	0.517059
636	-2.3945
637	0.00543456
638	-2.01425
639	-0.0962692
640	2.35636
641	1.50243
642	1.81678
643	1.73507
644	-0.762645
645	-5.41168
646	-4.57939
647	1.89227
648	-9.60894
649	-8.80109
650	-10.8355
651	-11.6411
652	-6.13693
653	-8.341
654	-5.10469
655	-5.38345
656	-2.87059
657	-2.51547
658	-2.47954
659	-3.95714
660	-6.86162
661	-4.97875
662	-6.39606
663	-5.17439
664	-10.6509
665	-8.2798
666	-9.43318
667	-9.80426
668	-9.9065
669	-10.2849
670	-8.3257
671	-7.86635
672	3.18906
673	1.5361
674	1.26286
675	1.35196
676	-1.51973
677	-3.84618
678	-2.13646
679	-4.40115
680	2.12716
681	3.88654
682	4.43551
683	2.87934
684	-4.94268
685	-5.52711
686	-3.27801
687	-6.19791
688	2.95813
689	-1.6357
690	0.409717
691	1.24647
692	0.0606063
693	-2.73605
694	3.25516
695	-6.85959
696	-8.43747
697	-9.21478
698	-10.1788
699	-8.6743
700	-6.69558
701	-4.34266
702	-6.57473
703	-4.68387
704	-2.58234
705	-3.94164
706	0.295167
707	-1.44784
708	-6.56979
709	-4.26152
710	-3.81901
711	-6.2826
712	-11.8594
713	-8.2278
714	-10.6695
715	-11.7054
716	-8.49019
717	-8.24583
718	-11.2457
719	-10.9901
720	-3.66365
721	-4.33962
722	1.1259
723	2.65623
724	-2.61644
725	-3.18522
726	-3.88703
727	-2.77254
728	2.98382
729	1.62002
730	0.138684
731	2.80541
732	-5.25572
733	-7.14076
734	-5.72783
735	-4.35975
736	1.06834
737	0.844534
738	-2.46654
739	-2.85854
740	-1.98594
741	-2.04428
742	-4.59318
743	3.56919
744	-7.29131
745	-6.53456
746	-10.1151
747	-7.96278
748	-3.29765
749	-3.9508
750	-6.22876
751	-3.79334
752	-3.13948
753	-2.95078
754	-5.08515
755	-1.21323
756	-7.25791
757	-5.75932
758	-10.2032
759	-9.43613
760	-11.9031
761	-8.61111
762	-10.0009
763	-10.9793
764	-7.16298
765	-10.2395
766	-7.51517
767	-10.659
768	-3.12186
769	-4.99097
770	-3.25021
771	-4.29562
772	-2.4041
773	-0.868212
774	-3.29678
775	-0.658555
776	-4.93789
777	-3.23205
778	-6.12459
779	-4.0543
780	-3.98132
781	-1.29876
782	-4.77354
783	-6.18838
784	-4.86686
785	-6.27595
786	-3.05608
787	-2.82208
788	-1.16482
789	-3.38829
790	-3.13929
791	-4.46907
792	-8.84164
793	-8.51042
794	-9.00802
795	-10.8302
796	-5.31132
797	-4.40039
798	-8.39192
799	-6.1998
800	-8.07787
801	-8.47904
802	-9.38169
803	-8.09027
804	-9.60636
805	-9.15023
806	-7.1064
807	-5.08094
808	-13.8533
809	-12.2547
810	-9.4095
811	-9.00204
812	-13.4387
813	-14.2925
814	-18.1144
815	-13.3633
816	-5.52945
817	-3.03867
818	-5.80254
819	-4.22355
820	-1.57491
821	-1.60623
822	-1.46715
823	-1.73141
824	-6.45317
825	-4.77536
826	-4.98859
827	-7.1121
828	-2.43584
829	-3.70115
830	-3.76991
831	-4.11728
832	-1.01102
833	-6.7778
834	-3.80912
835	-5.30424
836	-2.89352
837	-3.64799
838	-5.35747
839	-3.98426
840	-6.44261
841	-6.98446
842	-10.7567
843	-8.1307
844	-5.08134
845	-4.16334
846	-6.0317
847	-8.27035
848	-7.97856
849	-7.54894
850	-7.8518
851	-6.83069
852	-2.10624
853	-7.78073
854	-6.85889
855	-5.27987
856	-12.4179
857	-11.7346
858	-8.65797
859	-10.0617
860	-22.2795
861	-15.6146
862	-15.4171
863	-13.3929
864	-4.02989
865	-4.19937
866	-3.90667
867	-2.58815
868	-2.36048
869	-4.15453
870	-1.3678
871	-1.72589
872	-5.13263
873	-6.43769
874	-5.43447
875	-5.49098
876	-7.05242
877	-2.09409
878	-5.90945
879	-5.70003
880	-4.13021
881	-7.59173
882	-1.96582
883	-5.65078
884	-3.90454
885	-5.48286
886	-5.35876
887	-2.61908
888	-6.20033
889	-7.39207
890	-12.2256
891	-10.9951
892	-6.2532
893	-7.46621
894	-5.51575
895	-10.2775
896	-8.97514
897	-8.82093
898	-8.48029
899	-6.48713
900	-4.99072
901	-5.93034
902	-5.26979
903	-5.45377
904	-12.2603
905	-12.3769
906	-9.73348
907	-9.56553
908	-11.3418
909	-12.535
910	-16.2149
911	-15.132
912	-3.02526
913	-2.77467
914	-5.1711
915	-3.05771
916	-0.644843
917	-2.14029
918	-1.54236
919	-1.04618
920	-5.08463
921	-4.00077
922	-2.54146
923	-0.91883
924	-0.597111
925	-1.46985
926	-0.894262
927	-0.93133
928	0.279061
929	-2.8029
930	-3.4797
931	-7.10888
932	-4.16138
933	-3.604
934	-2.44333
935	-4.80541
936	-6.76953
937	-5.42668
938	-8.92574
939	-9.10264
940	-5.49372
941	-5.45508
942	-6.96149
943	-4.27131
944	-7.8694
945	-5.67862
946	-5.49619
947	-5.87846
948	-4.81124
949	-5.42666
950	-3.98738
951	-5.56817
952	-10.0209
953	-11.2476
954	-8.53581
955	-6.83393
956	-11.5195
957	-13.8611
958	-13.3481
959	-13.5741
960	-4.11741
961	-5.46629
962	-3.81592
963	-3.7837
964	-0.332252
965	0.146966
966	-3.69687
967	-2.24758
968	-2.061
969	-2.1179
970	-2.46293
971	-4.00513
972	-7.05488
973	-2.3523
974	-4.44051
975	-5.13664
976	-4.04112
977	-5.35342
978	-5.94791
979	-6.03835
980	-3.50061
981	-6.53451
982	-6.41361
983	-4.42725
984	-9.01492
985	-7.82264
986	-5.17039
987	-7.21632
988	-3.35981
989	-1.81489
990	-5.82031
991	-5.18262
992	-11.6207
993	-11.4198
994	-7.53306
995	-9.11511
996	-9.17192
997	-11.5408
998	-12.3274
999	-14.1703
1000	-4.00972
1001	-1.60205
1002	-0.146903
1003	-1.53678
1004	-1.4772
1005	0.983799
1006	0.468513
1007	1.9124
1008	-1.89365
1009	-2.61238
1010	-1.14979
1011	-2.19462
1012	0.764083
1013	-1.66394
1014	-3.21645
1015	-6.01034
1016	-1.81298
1017	-2.33287
1018	-3.79576
1019	-2.96974
1020	-1.66345
1021	-3.35006
1022	-4.74849
1023	-3.34444
1024	-5.56126
1025	-5.60165
1026	-7.1203
1027	-6.11935
1028	-5.52768
1029	-4.5046
1030	-2.29343
1031	-5.64624
1032	-11.9098
1033	-11.0451
1034	-9.24484
1035	-6.17992
1036	-10.4184
1037	-12.4362
1038	-14.1462
1039	-15.2607
1040	-1.79103
1041	-2.49885
1042	-0.00742853
1043	-1.75923
1044	-5.30808
1045	-5.34613
1046	-1.08964
1047	-0.185425
1048	-2.69879
1049	-3.02489
1050	-2.61214
1051	-2.31028
1052	-2.8463
1053	-0.128736
1054	-1.40567
1055	0.517983
1056	-2.26914
1057	-5.12273
1058	-0.990949
1059	-3.68273
1060	-1.78809
1061	-4.70737
1062	-5.64461
1063	-4.16186
1064	-6.74594
1065	-6.15019
1066	-4.07937
1067	-6.75767
1068	-3.91646
1069	-5.24261
1070	-5.91484
1071	-4.52381
1072	-10.3903
1073	-9.36061
1074	-9.50681
1075	-6.72129
1076	-9.88591
1077	-8.79645
1078	-13.1268
1079	-11.8516
1080	1.75041
1081	0.257513
1082	-2.28286
1083	-1.65066
1084	2.20251
1085	-0.638952
1086	-3.08228
1087	-0.194294
1088	-3.56021
1089	-2.75226
1090	-2.87689
1091	-1.75308
1092	-0.732209
1093	0.375906
1094	-2.10199
1095	-1.55787
1096	-2.3497
1097	-3.69444
1098	-3.31987
1099	-5.69388
1100	-2.59846
1101	-4.64427
1102	-7.30018
1103	-3.73735
1104	-9.37657
1105	-7.74519
1106	-4.11936
1107	-6.98722
1108	-4.93572
1109	-3.39805
1110	-4.34736
1111	-7.03381
1112	-11.0027
1113	-10.4342
1114	-7.15048
1115	-7.61979
1116	-7.18028
1117	-10.2478
1118	-14.0769
1119	-12.9193
1120	0.986281
1121	0.999333
1122	2.62356
1123	-0.235302
1124	5.04971
1125	3.67425
1126	-0.596995
1127	-1.28497
1128	-3.37616
1129	-0.74397
1130	-2.9318
1131	-2.39188
1132	1.35338
1133	1.92347
1134	2.84277
1135	0.226252
1136	-0.746557
1137	-1.1649
1138	-2.34143
1139	-3.32884
1140	-2.7092
1141	-2.09982
1142	-1.18363
1143	-2.22286
1144	-3.54762
1145	-5.67347
1146	-5.23944
1147	-2.78909
1148	0.584432
1149	-2.34052
1150	-4.87127
1151	-4.69091
1152	-3.69626
1153	-7.4326
1154	-2.88523
1155	-1.27206
1156	-3.20719
1157	-5.75482
1158	1.98191
1159	0.182746
1160	0.880399
1161	1.28417
1162	-0.840223
1163	-1.40595
1164	1.0581
1165	-0.194517
1166	-1.01094
1167	-1.23717
1168	-1.52475
1169	-2.98631
1170	-1.51298
1171	-3.19281
1172	1.26998
1173	2.77882
1174	3.60267
1175	2.97321
1176	-1.37499
1177	-0.650348
1178	-0.798196
1179	-2.77184
1180	1.17378
1181	-2.89429
1182	-4.79578
1183	-3.59247
1184	-3.5027
1185	-5.34103
1186	-4.38551
1187	-4.22095
1188	-2.43217
1189	-1.17284
1190	1.75431
1191	-1.46229
1192	-2.50165
1193	-3.365
1194	-5.32216
1195	-2.21944
1196	2.1636
1197	-0.640625
1198	-1.13839
1199	1.45618
1200	-1.22585
1201	0.207538
1202	-1.9457
1203	-0.0463845
1204	3.30901
1205	1.51509
1206	-1.10326
1207	-1.19915
1208	-1.25266
1209	-2.19135
1210	-3.62225
1211	-2.50502
1212	-1.34663
1213	1.48235
1214	1.13821
1215	0.175906
1216	-0.704113
1217	-1.2297
1218	-3.80353
1219	-3.4212
1220	-4.20484
1221	-7.7795
1222	-2.28334
1223	-2.43384
1224	-3.55125
1225	-5.75723
1226	-6.27846
1227	-3.8585
1228	-1.34154
1229	-0.764973
1230	-1.03228
1231	0.100055
1232	-4.35091
1233	-3.90114
1234	-0.502752
1235	-3.73041
1236	-1.44462
1237	0.0222318
1238	1.40201
1239	0.519454
1240	-1.7833
1241	-1.07856
1242	-0.445913
1243	-3.36078
1244	1.81975
1245	-0.321481
1246	0.480906
1247	-0.492582
1248	-3.4355
1249	-0.745665
1250	-2.28335
1251	-2.97038
1252	-0.254955
1253	1.75791
1254	-0.0307105
1255	-0.264475
1256	-0.964246
1257	-0.616594
1258	1.02772
1259	-2.37613
1260	-2.50239
1261	-3.11447
1262	-3.40273
1263	-7.81066
1264	-4.46619
1265	-6.16734
1266	-4.91884
1267	-5.48524
1268	-2.91218
1269	-1.88253
1270	-4.26423
1271	-3.12168
1272	-4.02058
1273	-3.33838
1274	-2.5251
1275	-3.60484
1276	-1.06343
1277	-2.61306
1278	-0.344045
1279	-0.569276
1280	-0.363506
1281	0.543584
1282	1.57917
1283	-2.9976
1284	3.2023
1285	3.26162
1286	2.1759
1287	1.8127
1288	-1.23368
1289	-1.81982
1290	-5.70829
1291	-2.08897
1292	2.00373
1293	2.6606
1294	-0.525741
1295	2.17187
1296	-0.526761
1297	-0.348978
1298	-5.38905
1299	-4.47292
1300	1.69171
1301	1.51402
1302	-1.03811
1303	-0.706946
1304	-2.24069
1305	-0.0916534
1306	-2.07515
1307	-3.46871
1308	-3.99728
1309	-4.68922
1310	-3.49479
1311	-4.77594
1312	-5.27349
1313	-2.1498
1314	-4.78434
1315	-7.43722
1316	-1.74435
1317	-2.44709
1318	-0.708383
1319	-5.14536
1320	-3.6504
1321	-3.51099
1322	-4.56372
1323	-2.95754
1324	-0.868965
1325	-1.7331
1326	0.86947
1327	1.21965
1328	-2.31752
1329	-2.03653
1330	0.257981
1331	-2.08169
1332	1.60799
1333	1.1438
1334	0.112833
1335	-0.418507
1336	-5.84567
1337	-5.42323
1338	5.15398
1339	-4.1695
1340	-1.3967
1341	0.473444
1342	-0.0671719
1343	0.602782
1344	-3.93222
1345	-0.621951
1346	-2.04841
1347	-4.0888
1348	1.76104
1349	2.55507
1350	-0.215331
1351	0.752569
1352	-0.970214
1353	-3.32174
1354	-6.15084
1355	-6.27752
1356	-3.15363
1357	-2.37205
1358	-2.49448
1359	-3.63206
1360	-7.2872
1361	-7.26919
1362	-4.6722
1363	-4.46533
1364	-5.38773
1365	-4.41157
1366	-2.4677
1367	-1.35717
1368	-2.26453
1369	-3.48987
1370	-2.70508
1371	-3.66976
1372	-3.22905
1373	-2.45286
1374	-0.519223
1375	-2.28533
1376	-0.455523
1377	-0.0506313
1378	0.363031
1379	-1.50474
1380	-0.395282
1381	0.477934
1382	-1.81783
1383	-2.85768
1384	-4.26381
1385	-3.3598
1386	-2.4796
1387	6.83191
1388	-1.96767
1389	-0.247429
1390	-1.1314
1391	0.0657975
1392	-1.10272
1393	-1.4974
1394	-3.02726
1395	-1.71199
1396	1.61123
1397	1.51742
1398	-0.510315
1399	0.662893
1400	-4.4409
1401	-6.24049
1402	-3.77732
1403	-1.20528
1404	-2.14358
1405	-7.29765
1406	-3.53602
1407	-3.85067
1408	-4.40067
1409	-4.47943
1410	-6.45167
1411	-6.42679
1412	-2.68863
1413	-2.6217
1414	-5.42506
1415	-7.32988
1416	-5.04143
1417	-4.99639
1418	-4.93613
1419	-4.36678
1420	-2.74341
1421	-3.09319
1422	-0.491402
1423	-0.619095
1424	-1.63114
1425	-0.0847455
1426	-3.22223
1427	-3.0703
1428	-0.0663362
1429	0.837996
1430	-0.0425872
1431	-2.42094
1432	-3.14495
1433	-4.71549
1434	5.07127
1435	-10.6933
1436	-2.63376
1437	-0.329537
1438	-0.107771
1439	-0.581096
1440	-2.85164
1441	-1.60929
1442	-4.7097
1443	-5.00493
1444	0.888045
1445	0.629319
1446	-1.09607
1447	-1.00124
1448	-4.02042
1449	-2.73077
1450	-2.50471
1451	-4.43595
1452	-1.37347
1453	-4.50655
1454	-7.11965
1455	-4.50486
1456	-4.05956
1457	-3.12302
1458	-6.61989
1459	-7.5162
1460	-6.07818
1461	-3.89196
1462	-1.97952
1463	-3.05134
1464	-4.02321
1465	-5.55137
1466	-6.53579
1467	-7.12409
1468	-3.51585
1469	-2.26561
1470	2.33059
1471	-2.04615
1472	-1.20644
1473	0.494159
1474	0.979041
1475	1.2587
1476	-3.7838
1477	-2.66717
1478	-2.57312
1479	-2.43672
1480	-0.835368
1481	-0.647265
1482	0.203683
1483	0.726665
1484	-1.91435
1485	-3.03162
1486	-2.97048
1487	-4.56645
1488	2.18246
1489	2.55838
1490	-1.30021
1491	-0.968596
1492	-1.47475
1493	-0.591965
1494	6.25595
1495	-1.96135
1496	-0.976406
1497	-2.08176
1498	-5.22007
1499	-2.99918
1500	-9.26002
1501	-7.52341
1502	-4.68163
1503	-4.15203
1504	-1.63359
1505	-0.598476
1506	-4.17917
1507	-2.73112
1508	-5.6276
1509	-4.93669
1510	-3.77465
1511	-5.89206
1512	-2.48118
1513	-1.86788
1514	-3.56722
1515	0.0399614
1516	-3.37509
1517	-4.26952
1518	-7.75111
1519	-4.72974
1520	2.32035
1521	0.990242
1522	-0.315807
1523	-0.871615
1524	-8.45264
1525	-3.50084
1526	-1.79638
1527	-3.07528
1528	1.86058
1529	-0.0740952
1530	-0.775774
1531	0.204373
1532	-3.57076
1533	-1.1961
1534	-3.99007
1535	-2.47826
1536	1.5259
1537	2.08235
1538	2.47004
1539	0.616192
1540	1.68472
1541	-0.167204
1542	-3.87048
1543	6.58706
1544	-3.54126
1545	-1.68945
1546	-5.68578
1547	-3.82909
1548	-8.17267
1549	-6.0441
1550	-6.54152
1551	-1.38555
1552	-2.42127
1553	-3.12158
1554	-1.61683
1555	-1.34539
1556	-5.96615
1557	-4.93057
1558	-5.90385
1559	-4.25578
1560	-1.15645
1561	-1.72761
1562	-1.01023
1563	-0.934095
1564	-5.94932
1565	-4.31013
1566	-5.1136
1567	-6.20471
1568	1.19649
1569	1.5213
1570	0.819028
1571	1.45958
1572	-3.29856
1573	-2.42957
1574	-2.68483
1575	-3.50625
1576	1.8016
1577	1.58451
1578	1.10681
1579	3.20414
1580	-1.4875
1581	-3.80994
1582	-3.07489
1583	-0.843556
1584	2.29365
1585	3.73857
1586	0.815365
1587	0.525567
1588	0.237468
1589	-2.9811
1590	6.69364
1591	-7.52593
1592	-1.32024
1593	-1.11142
1594	-5.20353
1595	-7.44535
1596	-8.58173
1597	-5.85561
1598	-5.54674
1599	-7.72959
1600	-2.55203
1601	-2.5728
1602	-1.22575
1603	-3.73863
1604	-5.61774
1605	-5.65989
1606	-7.25902
1607	-6.7514
1608	-0.998609
1609	-0.741799
1610	-2.20512
1611	0.125905
1612	-0.960868
1613	-5.45255
1614	-5.79945
1615	-5.02059
1616	1.41181
1617	0.292172
1618	-0.670742
1619	-0.182308
1620	-2.17548
1621	-7.13644
1622	-3.49836
1623	-2.37575
1624	0.0975141
1625	0.509148
1626	-1.60165
1627	0.26317
1628	-4.47172
1629	-7.91577
1630	-1.90824
1631	-3.43112
1632	-1.73659
1633	-1.01185
1634	2.41297
1635	-0.988134
1636	-3.38668
1637	-3.52086
1638	-3.20311
1639	-4.23377
1640	3.43281
1641	0.81297
1642	-0.756923
1643	-1.85682
1644	-6.58746
1645	-4.92268
1646	-6.16369
1647	-9.35498
1648	-3.43814
1649	-2.93131
1650	-2.6971
1651	-1.468
1652	-5.86469
1653	-0.95513
1654	-7.8476
1655	-6.06557
1656	0.0546499
1657	-1.23995
1658	-1.54278
1659	-2.39821
1660	-3.90029
1661	-4.03411
1662	-7.24333
1663	-6.56242
1664	0.151859
1665	-0.890345
1666	0.0434051
1667	-3.01712
1668	-3.75528
1669	-5.27322
1670	-3.49446
1671	-2.15233
1672	2.75466
1673	2.42139
1674	1.94409
1675	2.87347
1676	-2.15295
1677	-2.3961
1678	-3.44429
1679	-2.4656
1680	1.2627
1681	1.76958
1682	-0.701113
1683	-0.315037
1684	-1.19237
1685	-3.13514
1686	-3.93081
1687	-3.65862
1688	-12.043
1689	2.70672
1690	-1.39595
1691	1.71948
1692	-6.74076
1693	-8.52152
1694	-7.48006
1695	-5.9924
1696	-0.58663
1697	-1.03809
1698	-2.6786
1699	-1.34843
1700	-7.12144
1701	-6.53484
1702	-4.58946
1703	-6.69478
1704	0.687811
1705	-0.336927
1706	0.326867
1707	-1.8729
1708	-5.51913
1709	-3.14174
1710	-5.77003
1711	-5.52933
1712	3.19919
1713	1.39584
1714	1.19832
1715	-0.235893
1716	-5.01613
1717	-3.79889
1718	-1.70158
1719	-4.87751
1720	1.95973
1721	0.51286
1722	1.6406
1723	1.38697
1724	-5.10092
1725	-4.3406
1726	-3.49235
1727	-5.84105
1728	2.30599
1729	0.578158
1730	-0.679427
1731	-0.888813
1732	-3.32638
1733	-3.64319
1734	-1.11294
1735	-3.2571
1736	0.822404
1737	0.876015
1738	1.27233
1739	1.75245
1740	-7.09594
1741	-7.15844
1742	-7.97037
1743	-3.72829
1744	-2.37465
1745	-1.76641
1746	-3.53936
1747	-2.36766
1748	-6.3635
1749	-6.14753
1750	-5.66111
1751	-4.58429
1752	-2.14797
1753	-1.16492
1754	-3.19238
1755	-3.69823
1756	-6.28001
1757	-6.69723
1758	-5.88145
1759	-5.9241
1760	0.156094
1761	-0.0740945
1762	0.276953
1763	1.27955
1764	-4.17875
1765	-3.1653
1766	-1.4364
1767	-4.77624
1768	3.42277
1769	-0.0208575
1770	1.37296
1771	-1.5146
1772	-3.60568
1773	-4.17355
1774	-3.94126
1775	-3.73537
1776	0.57337
1777	-2.23616
1778	-0.5238
1779	-2.87616
1780	-1.2741
1781	-3.1817
1782	-3.47143
1783	-2.75631
1784	2.30085
1785	0.0735234
1786	3.49282
1787	1.30358
1788	-7.45532
1789	-7.99929
1790	-7.6741
1791	-4.6067
1792	-2.1457
1793	-0.594353
1794	-6.43535
1795	-3.07025
1796	-7.56756
1797	-5.67336
1798	-4.62674
1799	-7.19755
1800	-1.71248
1801	-1.20912
1802	-2.14996
1803	-1.60181
1804	-6.15522
1805	-5.61954
1806	-8.90129
1807	-7.01317
1808	1.88634
1809	-2.25267
1810	-0.480852
1811	0.32345
1812	-3.13883
1813	-3.97839
1814	-0.785206
1815	-3.56241
1816	-1.71793
1817	-2.7504
1818	-0.682895
1819	-3.36229
1820	-4.80699
1821	-5.4885
1822	-3.44915
1823	-4.62284
1824	-1.44363
1825	0.219969
1826	-1.52868
1827	-3.24106
1828	-4.89686
1829	-4.2328
1830	-6.31134
1831	-4.4802
1832	0.955603
1833	0.630692
1834	1.83269
1835	1.7804
1836	-8.22335
1837	-8.4622
1838	-4.77025
1839	-6.57691
1840	0.43283
1841	-4.39903
1842	-3.07409
1843	-2.73048
1844	-9.72014
1845	-9.513
1846	-6.30155
1847	-6.37504
1848	-2.18192
1849	-0.590762
1850	-3.29501
1851	-1.71302
1852	-5.33862
1853	-5.23243
1854	-7.37044
1855	-4.92116
1856	-2.9669
1857	-4.67409
1858	-1.13897
1859	-1.70287
1860	-0.310337
1861	-1.03115
1862	-2.07093
1863	0.377669
1864	-2.21106
1865	-2.13501
1866	-3.51801
1867	-3.45981
1868	1.53928
1869	4.05597
1870	-1.88135
1871	-0.0635066
1872	-2.03934
1873	0.47819
1874	-5.68633
1875	-5.0631
1876	-2.92361
1877	-1.16066
1878	-3.7448
1879	-2.81342
1880	-2.23673
1881	1.72813
1882	0.0304254
1883	-3.56081
1884	-5.3671
1885	-1.89103
1886	-3.58591
1887	-3.00449
1888	-4.74819
1889	-2.72021
1890	-4.07658
1891	-5.78164
1892	-2.56592
1893	-1.41523
1894	1.02418
1895	1.00222
1896	-6.32487
1897	-4.73731
1898	-6.75056
1899	-6.58652
1900	-1.50764
1901	0.195672
1902	-4.97654
1903	2.41414
1904	-0.78586
1905	-0.474095
1906	-2.96023
1907	-3.14552
1908	0.549281
1909	-0.804359
1910	0.917301
1911	-0.885206
1912	-4.22206
1913	-0.924093
1914	-2.6469
1915	-2.58899
1916	-3.00237
1917	-2.6104
1918	-0.668574
1919	-3.08218
1920	-3.17036
1921	-1.64622
1922	-3.60909
1923	-4.38171
1924	-7.1258
1925	-5.96802
1926	-1.83515
1927	-5.15281
1928	-2.62611
1929	0.524209
1930	-1.91379
1931	-0.964121
1932	-5.31834
1933	-2.31825
1934	-1.26477
1935	-1.39081
1936	-4.30267
1937	-4.96601
1938	-6.21342
1939	-5.03588
1940	-0.981668
1941	-2.1746
1942	-1.26899
1943	-0.911353
1944	-7.05705
1945	-2.57983
1946	-4.95129
1947	-1.12266
1948	0.998639
1949	-1.69803
1950	-4.64996
1951	-0.333743
1952	-0.269274
1953	-2.38704
1954	-2.2795
1955	-1.87968
1956	0.207117
1957	1.72716
1958	-0.717625
1959	-0.726727
1960	-4.09678
1961	0.0381689
1962	-3.80619
1963	-1.59409
1964	1.6345
1965	-1.85128
1966	-0.332593
1967	-0.96237
1968	-1.21624
1969	-2.59776
1970	-3.20855
1971	-2.76576
1972	-3.01233
1973	0.569519
1974	-3.14192
1975	-2.07471
1976	-2.82953
1977	-4.47685
1978	-3.48179
1979	-4.77994
1980	-0.61122
1981	-1.90763
1982	-2.81414
1983	-2.72127
1984	-6.17447
1985	-4.95411
1986	-4.16461
1987	-3.6063
1988	-3.14573
1989	-4.40494
1990	-1.19215
1991	-1.74076
1992	-5.81869
1993	-6.08136
1994	-6.67018
1995	-2.948
1996	-2.90199
1997	-2.78786
1998	-2.46113
1999	-2.59642
2000	-3.50927
2001	-3.7576
2002	-3.47767
2003	-2.62044
2004	-0.996042
2005	-0.298191
2006	-4.03081
2007	-3.0728
2008	-2.7041
2009	-3.60602
2010	-3.20871
2011	-2.58839
2012	-1.81118
2013	-3.44116
2014	-2.14966
2015	-1.19571
2016	-6.936
2017	-3.2218
2018	-4.13353
2019	-6.24381
2020	-2.15739
2021	-0.299879
2022	-2.56679
2023	0.0837681
2024	-2.97639
2025	-5.62134
2026	-2.22959
2027	-4.38004
2028	-4.35367
2029	-4.81598
2030	-5.74397
2031	-5.88423
2032	-6.7302
2033	-9.01755
2034	-8.22884
2035	-7.92032
2036	-4.95109
2037	-3.10022
2038	-3.09181
2039	-1.86344
2040	-6.59065
2041	-5.01511
2042	-6.48058
2043	-6.23945
2044	-4.9604
2045	-0.831102
2046	-3.90471
2047	-3.13926
2048	-3.87865
2049	-4.54148
2050	-2.80453
2051	-2.49351
2052	0.187586
2053	-1.08363
2054	-0.351793
2055	-0.644281
2056	-1.19639
2057	-1.23115
2058	-1.3882
2059	-3.95534
2060	-4.43983
2061	-0.94871
2062	-0.753015
2063	-1.29839
2064	-3.18718
2065	-0.070843
2066	-2.36627
2067	-4.64786
2068	-0.39488
2069	-1.40796
2070	-0.73317
2071	0.535571
2072	0.3978
2073	-4.13752
2074	-2.69388
2075	-0.44041
2076	-5.8726
2077	-5.29447
2078	-1.21268
2079	-2.00377
2080	-5.31634
2081	-6.03723
2082	-8.14048
2083	-8.52718
2084	-5.38935
2085	-2.56462
2086	0.689429
2087	-1.14991
2088	-5.95381
2089	-6.6897
2090	-7.01986
2091	-4.73921
2092	-3.50627
2093	-3.09076
2094	-3.33371
2095	-2.34166
2096	-4.9241
2097	-4.56524
2098	-7.31739
2099	-3.47582
2100	0.465354
2101	-2.04743
2102	-1.3253
2103	-1.98056
2104	-1.04682
2105	-4.11045
2106	-5.02061
2107	-1.85871
2108	-1.96615
2109	-2.70327
2110	-1.61588
2111	-3.21002
2112	-4.91978
2113	1.26066
2114	-6.10977
2115	-7.51836
2116	-2.8966
2117	0.0255132
2118	-4.14442
2119	-2.74534
2120	-3.22409
2121	-4.46429
2122	-1.97732
2123	-6.14576
2124	-1.91325
2125	-2.38286
2126	-2.46558
2127	-1.84702
2128	-5.71963
2129	-6.65032
2130	-9.58961
2131	-6.62592
2132	-4.04316
2133	-2.28645
2134	-1.0964
2135	-2.83439
2136	-7.71478
2137	-5.83091
2138	-7.74181
2139	-5.96429
2140	-3.21551
2141	-2.78931
2142	-6.06731
2143	-2.72511
2144	-4.33243
2145	-0.996478
2146	-4.21502
2147	-4.21578
2148	-1.64108
2149	-1.26267
2150	-2.37623
2151	-2.95297
2152	-5.1346
2153	-3.60691
2154	-3.48595
2155	-3.22161
2156	-2.28544
2157	-0.758711
2158	-3.12296
2159	-3.19957
2160	-3.43835
2161	-5.61682
2162	-5.8325
2163	-6.61199
2164	-3.05591
2165	-2.59063
2166	1.49529
2167	-1.28508
2168	-7.85865
2169	-5.8258
2170	-4.31287
2171	-3.11475
2172	-4.96
2173	-3.39295
2174	-3.1041
2175	-0.655538
2176	-8.15105
2177	-8.11928
2178	-5.90797
2179	-5.70527
2180	-1.9472
2181	-4.43442
2182	-4.19436
2183	-0.847547
2184	-6.20573
2185	-6.00923
2186	-7.71853
2187	-6.80812
2188	-4.36421
2189	-4.28508
2190	-1.17798
2191	-2.26127
2192	-4.17732
2193	-3.8381
2194	-2.58077
2195	-3.85326
2196	-3.52061
2197	-1.88635
2198	5.53702
2199	6.75517
2200	-1.65255
2201	-5.11604
2202	-4.44977
2203	-5.20836
2204	-2.43019
2205	-1.14682
2206	-2.53485
2207	-1.89057
2208	-6.84396
2209	-6.67627
2210	-4.88076
2211	-3.73249
2212	-2.2041
2213	-2.2061
2214	-3.00077
2215	-1.2379
2216	-5.53389
2217	-5.9285
2218	-1.98628
2219	-2.9162
2220	-3.12319
2221	-7.14196
2222	-1.00742
2223	-1.1023
2224	-7.67196
2225	-9.89474
2226	-6.30819
2227	-8.77317
2228	-5.32636
2229	-5.96622
2230	-0.257624
2231	-4.01784
2232	-5.40586
2233	-3.02734
2234	-7.67786
2235	-7.68742
2236	-2.9941
2237	-4.00299
2238	-3.01528
2239	-4.14817
2240	0
2241	0
2242	0
2243	0
2244	0
2245	0
2246	0
2247	0
2248	0
2249	0
2250	0
2251	0
2252	0
2253	0
2254	0
2255	0
2256	0
2257	0
2258	0
2259	0
2260	0
2261	0
2262	0
2263	0
2264	0
2265	0
2266	0
2267	0
2268	0
2269	0
2270	0
2271	0
2272	0
2273	0
2274	0
2275	0
2276	0
2277	0
2278	0
2279	0
2280	0
2281	0
2282	0
2283	0
2284	0
2285	0
2286	0
2287	0
2288	0
2289	0
2290	0
2291	0
2292	0
2293	0
2294	0
2295	0
2296	0
2297	0
2298	0
2299	0
2300	0
2301	0
2302	0
2303	0
2304	0
2305	0
2306	0
2307	0
2308	0
2309	0
2310	0
2311	0
2312	0
2313	0
2314	0
2315	0
2316	0
2317	0
2318	0
2319	0
2320	0
2321	0
2322	0
2323	0
2324	0
2325	0
2326	0
2327	0
2328	0
2329	0
2330	0
2331	0
2332	0
2333	0
2334	0
2335	0
2336	0
2337	0
2338	0
2339	0
2340	0
2341	0
2342	0
2343	0
2344	0
2345	0
2346	0
2347	0
2348	0
2349	0
2350	0
2351	0
2352	0
2353	0
2354	0
2355	0
2356	0
2357	0
2358	0
2359	0
2360	29.727
2361	24.4504
2362	30.2362
2363	30.3693
2364	26.9563
2365	30.1711
2366	27.3446
2367	30.1676
2368	30.5382
2369	28.424
2370	25.8251
2371	24.8121
2372	25.8848
2373	25.299
2374	31.4343
2375	31.4472
2376	32.5271
2377	25.7275
2378	29.7159
2379	32.6868
2380	28.1808
2381	30.1861
2382	31.0353
2383	28.5665
2384	36.1291
2385	31.085
2386	32.5686
2387	24.918
2388	30.0605
2389	30.4247
2390	27.9823
2391	29.9534
2392	34.3342
2393	35.5706
2394	31.5996
2395	35.9787
2396	29.8045
2397	25.5822
2398	30.4848
2399	24.6637
2400	18.4213
2401	26.4609
2402	33.9539
2403	34.1921
2404	32.0139
2405	34.1496
2406	29.5937
2407	28.6175
2408	24.0847
2409	24.7446
2410	24.2355
2411	24.7199
2412	27.3301
2413	26.9549
2414	35.2081
2415	30.276
2416	30.281
2417	34.8453
2418	33.5048
2419	30.6126
2420	33.4336
2421	31.2365
2422	29.6075
2423	30.9042
2424	38.2714
2425	33.0839
2426	33.1342
2427	33.0677
2428	30.3835
2429	35.5504
2430	33.8558
2431	27.5264
2432	34.9246
2433	30.3572
2434	27.8477
2435	30.8316
2436	32.6067
2437	34.3341
2438	30.7238
2439	33.0094
2440	32.0233
2441	36.0054
2442	31.8376
2443	30.0251
2444	29.2927
2445	25.4255
2446	32.0643
2447	26.4949
2448	31.182
2449	34.6493
2450	24.155
2451	35.3596
2452	32.4165
2453	34.2688
2454	28.8218
2455	0
2456	35.7724
2457	30.3469
2458	29.3644
2459	30.9272
2460	30.1495
2461	33.5645
2462	35.122
2463	33.5143
2464	34.6242
2465	35.8719
2466	31.717
2467	27.7817
2468	28.8755
2469	34.1975
2470	27.588
2471	27.4562
2472	32.2422
2473	35.7476
2474	35.5795
2475	31.8825
2476	31.7654
2477	31.7827
2478	34.8397
2479	31.1678
2480	33.2862
2481	33.4921
2482	33.8812
2483	30.6694
2484	31.9532
2485	36.7419
2486	35.4453
2487	37.7796
2488	36.746
2489	37.2382
2490	32.2559
2491	27.8223
2492	36.0679
2493	33.4741
2494	28.8233
2495	30.2326
2496	33.559
2497	31.6638
2498	38.2707
2499	36.0411
2500	36.888
2501	36.7542
2502	33.1655
2503	34.5131
2504	34.2449
2505	32.4161
2506	28.2519
2507	34.46
2508	33.0509
2509	38.1475
2510	34.6089
2511	35.7074
2512	36.5182
2513	36.1475
2514	31.5727
2515	35.3913
2516	34.2391
2517	30.1094
2518	31.6115
2519	29.2977
2520	33.3273
2521	31.31
2522	35.738
2523	34.3573
2524	38.4893
2525	35.8502
2526	31.9777
2527	33.6556
2528	33.4661
2529	29.915
2530	32.2887
2531	32.3121
2532	36.3216
2533	33.5408
2534	36.6445
2535	35.4348
2536	33.9423
2537	34.1013
2538	33.5552
2539	25.2186
2540	33.7851
2541	31.1938
2542	31.9275
2543	29.1416
2544	25.8819
2545	27.9003
2546	29.2576
2547	33.8971
2548	31.5897
2549	34.0535
2550	26.8171
2551	36.8507
2552	31.5747
2553	30.0828
2554	30.2124
2555	26.5542
2556	29.5141
2557	30.3891
2558	31.6349
2559	32.8911
2560	30.6002
2561	30.3614
2562	31.6456
2563	35.7258
2564	28.7045
2565	27.9707
2566	27.9772
2567	28.7798
2568	30.5007
2569	31.2936
2570	29.7267
2571	29.1153
2572	27.4216
2573	29.5688
2574	27.3005
2575	29.8357
2576	29.4618
2577	26.6748
2578	33.5175
2579	29.1137
2580	31.557
2581	24.3559
2582	29.3276
2583	24.8956
2584	29.6498
2585	30.0992
2586	26.8269
2587	25.9917
2588	27.2643
2589	30.0309
2590	27.6438
2591	27.6593
2592	32.7816
2593	31.5481
2594	28.0794
2595	30.7449
2596	0
2597	0
2598	0
2599	0
2600	0
2601	0
2602	0
2603	0
2604	0
2605	0
2606	0
2607	0
2608	0
2609	0
2610	0
2611	0
2612	0
2613	0
2614	0
2615	0
2616	0
2617	0
2618	0
2619	0
2620	0
2621	0
2622	0
2623	0
2624	0
2625	0
2626	0
2627	0
2628	0
2629	0
2630	0
2631	0
2632	0
2633	0
2634	0
2635	0
2636	0
2637	0
2638	0
2639	0
2640	0
2641	0
2642	0
2643	0
2644	0
2645	0
2646	0
2647	0
2648	0
2649	0
2650	0
2651	0
2652	0
2653	0
2654	0
2655	0
2656	0
2657	0
2658	0
2659	0
2660	0
2661	0
2662	0
2663	0
2664	0
2665	0
2666	0
2667	0
2668	0
2669	0
2670	0
2671	0
2672	0
2673	0
2674	0
2675	0
2676	0
2677	0
2678	0
2679	0
2680	0
2681	0
2682	0
2683	0
2684	0
2685	0
2686	0
2687	0
2688	0
2689	0
2690	0
2691	0
2692	0
2693	0
2694	0
2695	0
2696	0
2697	0
2698	0
2699	0
2700	0
2701	0
2702	0
2703	0
2704	0
2705	0
2706	0
2707	0
2708	0
2709	0
2710	0
2711	0
2712	0
2713	0
2714	0
2715	0
