0	-1.31143
1	0.510443
2	-3.2792
3	-2.44147
4	-1.96896
5	-0.990739
6	-4.20213
7	-1.92709
8	-2.75134
9	-6.38456
10	-2.81783
11	-6.65663
12	-2.56717
13	-1.7139
14	-0.838483
15	-3.0611
16	0.762718
17	-3.00902
18	-4.39199
19	-1.55912
20	0.220327
21	-3.60786
22	-1.78443
23	-0.0168092
24	-4.79404
25	-5.67605
26	-4.01053
27	-5.23094
28	-2.84801
29	-6.54436
30	-4.15296
31	-3.61938
32	-10.3906
33	-8.92134
34	-7.29867
35	-7.83658
36	-5.90467
37	-5.73245
38	-5.93695
39	-3.35226
40	-7.33801
41	-5.86578
42	-4.81182
43	-8.49152
44	-12.2274
45	-7.35467
46	-5.14217
47	-5.87134
48	2.1057
49	0.939077
50	-3.63324
51	-2.93867
52	1.74028
53	-1.53958
54	0.451449
55	-0.712195
56	-0.133017
57	-1.43443
58	-2.6953
59	0.885327
60	2.26573
61	-0.28704
62	0.320737
63	-1.89335
64	-1.74778
65	-1.51923
66	-1.70488
67	-1.11674
68	0.465154
69	-1.40531
70	-3.27967
71	-1.49988
72	-2.53476
73	-4.84347
74	-6.25172
75	-5.0441
76	-3.05593
77	-3.85255
78	-3.58069
79	-4.35826
80	-7.35843
81	-7.13052
82	-6.44794
83	-6.78818
84	-4.80816
85	-2.84941
86	-3.55822
87	-2.85728
88	-5.52526
89	-5.72406
90	-4.91467
91	-5.25994
92	-8.66819
93	-8.88031
94	-6.93438
95	-9.71587
96	6.4904
97	5.26595
98	-0.61841
99	-0.60065
100	2.03153
101	1.64232
102	1.19119
103	1.76261
104	-0.494533
105	-2.45292
106	1.16579
107	-0.817464
108	1.15335
109	1.12911
110	1.93516
111	1.87926
112	-2.50191
113	-3.2374
114	-3.33974
115	-1.15168
116	-2.02162
117	-1.83583
118	-3.45467
119	-1.00233
120	-5.64039
121	-5.21987
122	-6.63409
123	-4.7067
124	-2.38394
125	-3.82855
126	-3.97938
127	-2.33493
128	-6.01667
129	-4.0941
130	-4.98884
131	-3.25569
132	-0.844446
133	-3.50092
134	-0.916375
135	1.77977
136	-3.86737
137	-4.73371
138	-4.38645
139	-2.54217
140	-6.00939
141	-7.82867
142	-6.5354
143	-7.82353
144	2.68301
145	1.39978
146	-2.47349
147	-0.834965
148	0.811993
149	0.995327
150	0.748404
151	1.54351
152	-4.52859
153	-0.891285
154	-0.836227
155	1.03914
156	1.09061
157	3.71307
158	1.37804
159	1.01907
160	1.8073
161	1.23699
162	-0.700251
163	-2.41358
164	-0.250037
165	-1.56541
166	-4.09928
167	-2.10088
168	-2.1568
169	-4.64471
170	-8.60244
171	-8.14983
172	-2.65289
173	-2.96058
174	-1.03012
175	-4.86327
176	-3.23035
177	-5.00956
178	-1.84519
179	-4.20225
180	-1.04753
181	-0.00415779
182	-3.68837
183	-2.47467
184	0.087751
185	-4.72186
186	-3.84711
187	0.676823
188	-6.68229
189	-2.56943
190	-6.09886
191	-9.5167
192	4.23199
193	3.58206
194	-1.96308
195	-0.652855
196	0.428272
197	0.620152
198	-0.136069
199	2.3829
200	-0.903764
201	0.730021
202	-0.572266
203	-3.48698
204	1.69734
205	0.261697
206	0.00410537
207	1.98809
208	0.329655
209	-0.990363
210	-20.6784
211	-0.0540154
212	0.107717
213	-1.70347
214	-4.51995
215	-3.67297
216	-4.78134
217	-4.81616
218	-2.61284
219	-5.16936
220	-2.27419
221	-5.52306
222	-1.99013
223	-0.612217
224	-4.29402
225	-3.25936
226	-6.97542
227	-4.20831
228	-2.6629
229	-1.40179
230	-3.71212
231	-3.28184
232	-0.365649
233	-3.45677
234	-2.48342
235	0.461623
236	-6.7064
237	-5.10417
238	-8.18801
239	-11.4092
240	2.39805
241	4.79445
242	-0.0386018
243	-1.31801
244	-0.748137
245	-1.98946
246	0.815879
247	0.058422
248	1.8812
249	-0.392511
250	-0.19344
251	0.0148506
252	2.4936
253	1.13592
254	2.4347
255	-0.409219
256	-0.0990483
257	0.728085
258	-0.825832
259	-1.49801
260	0.211364
261	-2.7587
262	-6.40438
263	-3.99873
264	-3.57702
265	-3.2516
266	-4.11704
267	-8.04229
268	-0.583984
269	-1.70548
270	-2.98729
271	-1.84075
272	-5.00985
273	-2.77392
274	-0.724746
275	-1.76702
276	-0.768219
277	-2.06819
278	-0.574185
279	-1.40747
280	-0.288805
281	0.444143
282	-1.03947
283	-0.464395
284	-5.11746
285	-1.32812
286	-9.73217
287	-6.13649
288	4.95059
289	3.82348
290	-0.037116
291	0.168856
292	-0.642872
293	1.75539
294	-1.89298
295	3.58023
296	-0.0905223
297	0.893291
298	-1.53263
299	-0.826816
300	0.981356
301	4.37174
302	2.515
303	0.991504
304	1.34836
305	-0.314443
306	-3.34944
307	-0.650635
308	-5.82442
309	-10.2574
310	-7.54915
311	-9.17646
312	-3.89138
313	-3.87184
314	-4.05524
315	-3.85183
316	-1.88492
317	1.2581
318	-3.20467
319	-0.550266
320	-4.92232
321	-6.21836
322	-7.27707
323	-6.18195
324	-5.27363
325	-2.01658
326	-3.68585
327	-7.17883
328	-3.25939
329	-6.23509
330	-6.23197
331	-2.00311
332	-9.28025
333	-8.21484
334	-4.01801
335	-5.02134
336	6.48211
337	3.47033
338	0.747123
339	2.9421
340	2.75259
341	0.540242
342	3.30543
343	1.94588
344	-0.868143
345	-0.315026
346	1.50584
347	-0.133192
348	2.69381
349	0.0338982
350	2.56288
351	1.78324
352	-0.838611
353	0.760494
354	1.53427
355	0.494851
356	-2.94281
357	-4.49
358	-6.12952
359	-10.0763
360	-1.23422
361	-5.66831
362	-3.78846
363	-1.16816
364	-3.46714
365	-2.05908
366	-3.07979
367	-2.34097
368	-3.91193
369	-4.17601
370	-2.26287
371	-6.27381
372	0.33327
373	0.992365
374	-0.739035
375	3.07055
376	-1.23174
377	1.84836
378	-0.971541
379	-1.41867
380	-4.00637
381	-6.33073
382	-8.84715
383	-7.90509
384	-1.9835
385	-2.9229
386	4.111
387	0.706971
388	-4.30863
389	-5.40494
390	-6.41827
391	-4.2299
392	1.38467
393	2.40977
394	-0.773873
395	0.973046
396	-5.8752
397	-3.56073
398	-5.59579
399	-2.52745
400	-0.618842
401	-1.48886
402	2.12372
403	-1.7779
404	-6.07034
405	-6.9423
406	-8.0228
407	-8.21336
408	0.205429
409	-3.47618
410	-0.579435
411	-4.14395
412	-6.84199
413	-8.19089
414	-4.95238
415	-8.00623
416	-3.38192
417	-4.4656
418	-3.52495
419	-2.98189
420	-6.29122
421	-8.19506
422	-7.43999
423	-4.9827
424	-12.563
425	-13.5301
426	-13.2157
427	-13.5002
428	-11.1892
429	-9.50967
430	-14.6867
431	-13.2385
432	-3.85042
433	-3.28551
434	1.51281
435	-1.22359
436	-3.53185
437	-6.51626
438	-2.40988
439	-5.58715
440	1.91586
441	0.303935
442	0.68562
443	1.79052
444	-0.416383
445	-3.87822
446	-3.03796
447	-4.57747
448	1.09201
449	-0.654242
450	1.94305
451	-2.70572
452	-0.870237
453	-7.31602
454	-8.8107
455	-8.17494
456	-1.54238
457	-2.34646
458	-4.02638
459	-3.95417
460	-6.83003
461	-6.30867
462	-5.31912
463	-9.00584
464	-3.54291
465	-3.56197
466	-6.0654
467	-4.28492
468	-5.30903
469	-5.25019
470	-7.5704
471	-5.49042
472	-12.0859
473	-14.3181
474	-14.0181
475	-13.2329
476	-14.3684
477	-13.174
478	-13.624
479	-13.635
480	3.91548
481	1.57233
482	0.283495
483	2.0875
484	-5.95257
485	-4.17745
486	-4.22165
487	-4.30492
488	1.88516
489	2.52192
490	1.13676
491	-0.240741
492	-2.80193
493	-2.32554
494	-1.97078
495	-4.38955
496	0.754238
497	0.847135
498	-0.262857
499	0.0364379
500	-1.18728
501	-7.44545
502	-7.12829
503	-6.73052
504	-1.36297
505	-1.50932
506	-4.59329
507	-2.19584
508	-6.55017
509	-9.00794
510	-6.86809
511	-6.24934
512	-3.54476
513	-5.2113
514	0.0699077
515	-3.94257
516	-5.36232
517	-6.50158
518	-7.09717
519	-6.05391
520	-12.3477
521	-14.7067
522	-10.0747
523	-11.2812
524	-10.8664
525	-11.8432
526	-11.3228
527	-9.50388
528	2.45577
529	2.37913
530	-1.65912
531	-2.60636
532	-3.1068
533	-1.87738
534	-3.70756
535	-5.98358
536	-1.08958
537	-1.14842
538	1.10863
539	-0.0155897
540	-5.42465
541	-5.7128
542	-7.05009
543	-2.03962
544	3.34235
545	2.11728
546	-2.87397
547	-0.590388
548	-5.8499
549	-7.99087
550	-9.30746
551	-10.3503
552	-1.24171
553	0.557501
554	-1.19771
555	0.232728
556	-6.34983
557	-6.16319
558	-5.76675
559	-5.68374
560	-4.23703
561	-0.809367
562	-2.62175
563	-0.646785
564	-7.07898
565	-4.40453
566	-6.87358
567	-6.06787
568	-11.9467
569	-12.4416
570	-10.9406
571	-11.2286
572	-7.03835
573	-7.68379
574	-12.2181
575	-12.4079
576	0.284721
577	0.425933
578	2.3189
579	2.59733
580	-2.74651
581	-2.48949
582	-2.14324
583	-1.09589
584	2.4852
585	1.47507
586	2.71418
587	0.601045
588	-5.64563
589	-4.31665
590	-0.602106
591	-3.28801
592	2.24223
593	-2.05415
594	0.834836
595	0.686607
596	-4.19908
597	-7.4356
598	-6.17457
599	-6.79777
600	0.271844
601	-1.81086
602	-0.880196
603	0.357599
604	-7.43475
605	-4.56248
606	-5.4683
607	-6.30211
608	-2.69867
609	-4.43726
610	-2.01347
611	-1.83823
612	-5.36422
613	-6.48644
614	-6.18507
615	-5.48594
616	-11.3621
617	-12.4382
618	-10.7803
619	-9.83582
620	-11.6852
621	-9.3155
622	-13.6357
623	-12.1092
624	2.58453
625	3.21818
626	4.15912
627	2.49328
628	-2.11613
629	0.320882
630	-1.3769
631	-4.04717
632	2.81446
633	4.21897
634	0.821101
635	0.548029
636	-2.39901
637	-0.078438
638	-2.0527
639	-0.055108
640	2.31288
641	1.4807
642	1.41503
643	1.41998
644	-1.04254
645	-5.94321
646	-5.04759
647	1.20452
648	-10.1926
649	-9.39039
650	-11.7206
651	-12.7113
652	-6.96784
653	-9.16661
654	-5.9439
655	-6.15955
656	-3.5252
657	-2.72579
658	-2.76678
659	-4.48433
660	-7.33204
661	-5.08072
662	-6.61305
663	-5.7492
664	-10.9794
665	-8.5311
666	-9.36831
667	-10.2023
668	-10.389
669	-10.628
670	-8.3751
671	-8.09532
672	3.12296
673	1.50902
674	1.47805
675	1.64812
676	-1.51487
677	-3.32599
678	-1.73819
679	-4.17983
680	1.94438
681	4.19426
682	4.65416
683	3.05697
684	-4.9552
685	-5.27355
686	-3.45337
687	-6.2011
688	2.94011
689	-1.73022
690	0.176946
691	1.00218
692	-0.278181
693	-3.21414
694	2.47794
695	-7.47286
696	-9.34354
697	-10.0008
698	-11.2217
699	-9.42682
700	-7.68036
701	-5.28161
702	-7.33656
703	-5.37822
704	-3.17847
705	-4.19606
706	-0.196989
707	-2.07551
708	-6.78208
709	-4.68449
710	-3.92936
711	-6.60566
712	-12.3138
713	-8.57204
714	-10.9112
715	-12.0064
716	-9.16145
717	-8.55363
718	-12.0328
719	-11.5028
720	-3.53975
721	-4.48349
722	1.07571
723	3.14943
724	-2.41057
725	-2.80309
726	-3.51182
727	-2.70608
728	2.98849
729	1.87415
730	0.518105
731	2.79183
732	-5.04479
733	-6.93945
734	-5.81043
735	-4.10703
736	0.872071
737	0.792868
738	-2.77033
739	-3.00893
740	-2.70415
741	-2.66362
742	-5.11994
743	2.84122
744	-7.93599
745	-7.4777
746	-11.0186
747	-8.9419
748	-4.24618
749	-5.05192
750	-6.89105
751	-4.72715
752	-3.67142
753	-3.31989
754	-5.36158
755	-1.95467
756	-7.5899
757	-6.07788
758	-10.5107
759	-9.92918
760	-12.238
761	-8.74169
762	-10.223
763	-11.511
764	-7.81108
765	-10.9926
766	-8.01954
767	-11.2253
768	-2.889
769	-4.58324
770	-3.44721
771	-3.97082
772	-1.99753
773	-0.694379
774	-2.72856
775	-0.513986
776	-4.76632
777	-3.07219
778	-6.03141
779	-3.61265
780	-3.95179
781	-1.31293
782	-4.74164
783	-6.20016
784	-4.68356
785	-6.19384
786	-3.15834
787	-3.12745
788	-1.49704
789	-3.83508
790	-3.87963
791	-5.22296
792	-9.84349
793	-9.41187
794	-9.95221
795	-11.8861
796	-6.67046
797	-5.41419
798	-9.68025
799	-7.30643
800	-9.00365
801	-9.1082
802	-9.91672
803	-8.72983
804	-10.1979
805	-9.92786
806	-7.85313
807	-5.71573
808	-14.6483
809	-13.0102
810	-10.2254
811	-9.46641
812	-14.1635
813	-15.0071
814	-18.6399
815	-13.5152
816	-5.39996
817	-2.55051
818	-5.4733
819	-3.70742
820	-0.926218
821	-1.06803
822	-0.968562
823	-1.27631
824	-6.14071
825	-4.46645
826	-4.64288
827	-6.84361
828	-2.23842
829	-3.44937
830	-3.48026
831	-3.99242
832	-0.844569
833	-6.55313
834	-3.65483
835	-5.58013
836	-3.20885
837	-4.39806
838	-6.05366
839	-4.77627
840	-7.24848
841	-7.60164
842	-11.9469
843	-9.29021
844	-6.14645
845	-5.29625
846	-7.08315
847	-9.18641
848	-8.78866
849	-8.4151
850	-8.71165
851	-7.65406
852	-2.85378
853	-8.44214
854	-7.46301
855	-5.92693
856	-13.3616
857	-12.1755
858	-9.38105
859	-10.6181
860	-22.8971
861	-15.8666
862	-16.0887
863	-13.9664
864	-3.90937
865	-3.37046
866	-3.59087
867	-1.88914
868	-1.94144
869	-3.36132
870	-1.13518
871	-1.34277
872	-4.94846
873	-6.26112
874	-5.15119
875	-5.31881
876	-6.6349
877	-1.73505
878	-5.78488
879	-5.23211
880	-4.00371
881	-7.4416
882	-1.98365
883	-5.73842
884	-4.28345
885	-6.01167
886	-5.74903
887	-3.60425
888	-6.9412
889	-8.28213
890	-13.427
891	-12.1921
892	-7.23697
893	-8.58255
894	-6.44148
895	-11.2996
896	-10.0144
897	-9.89408
898	-9.18369
899	-7.48467
900	-5.78962
901	-6.70178
902	-5.99391
903	-6.19852
904	-13.239
905	-13.0867
906	-10.2851
907	-10.018
908	-11.7223
909	-13.179
910	-17.1044
911	-16.135
912	-2.88956
913	-2.79398
914	-4.76267
915	-2.68398
916	-0.412496
917	-1.97176
918	-1.29183
919	-1.14955
920	-4.71608
921	-3.71078
922	-2.26527
923	-0.630372
924	-0.152689
925	-1.16315
926	-0.576137
927	-0.663825
928	0.566589
929	-2.77347
930	-3.48436
931	-7.18878
932	-4.28352
933	-3.97029
934	-3.07331
935	-5.37257
936	-7.65536
937	-6.58836
938	-9.86514
939	-10.2708
940	-6.74645
941	-6.6032
942	-8.11352
943	-5.16544
944	-8.81811
945	-6.5301
946	-6.33994
947	-6.72809
948	-5.43875
949	-6.07399
950	-4.626
951	-6.68012
952	-10.7241
953	-11.6357
954	-9.14999
955	-7.60631
956	-12.1464
957	-14.0996
958	-13.5587
959	-14.468
960	-4.00053
961	-5.13614
962	-3.00263
963	-3.35756
964	-0.235524
965	0.500478
966	-3.39097
967	-1.96678
968	-1.69372
969	-1.57801
970	-2.24739
971	-3.54379
972	-6.45539
973	-1.86031
974	-4.11102
975	-4.33761
976	-3.69688
977	-4.89788
978	-5.6307
979	-5.56874
980	-4.86959
981	-7.8044
982	-7.43102
983	-5.4854
984	-10.0549
985	-8.69117
986	-5.98019
987	-8.07025
988	-3.98414
989	-2.66739
990	-6.34934
991	-6.26774
992	-12.4215
993	-12.0686
994	-8.03834
995	-9.56933
996	-9.7945
997	-12.0504
998	-12.977
999	-14.6961
1000	-3.9949
1001	-1.22134
1002	0.397081
1003	-1.37557
1004	-0.883355
1005	1.62756
1006	0.645906
1007	2.30587
1008	-1.25492
1009	-1.79458
1010	-0.882845
1011	-1.76
1012	1.34751
1013	-1.34308
1014	-2.54713
1015	-5.39674
1016	-1.3707
1017	-1.7131
1018	-3.34884
1019	-2.55413
1020	-3.07749
1021	-4.59442
1022	-5.98773
1023	-4.45516
1024	-6.64501
1025	-6.46806
1026	-8.11141
1027	-6.6274
1028	-6.41923
1029	-5.1847
1030	-3.00302
1031	-6.25069
1032	-12.4918
1033	-11.3661
1034	-9.75127
1035	-6.82134
1036	-10.9111
1037	-12.9556
1038	-14.4686
1039	-15.736
1040	-1.48364
1041	-2.07658
1042	0.338256
1043	-1.36046
1044	-4.90339
1045	-4.71087
1046	-0.565933
1047	0.353701
1048	-2.24998
1049	-2.28041
1050	-2.22162
1051	-1.62227
1052	-2.20112
1053	0.502069
1054	-0.722743
1055	1.2408
1056	-1.4717
1057	-4.31023
1058	-0.287904
1059	-3.10436
1060	-2.88689
1061	-5.8601
1062	-6.63063
1063	-5.4788
1064	-7.57393
1065	-6.88273
1066	-4.89006
1067	-7.51459
1068	-4.79158
1069	-6.07382
1070	-6.8234
1071	-5.10891
1072	-11.2015
1073	-9.99652
1074	-10.0683
1075	-7.46853
1076	-10.1925
1077	-9.39518
1078	-13.4877
1079	-12.3124
1080	2.09823
1081	0.560353
1082	-1.66695
1083	-1.30702
1084	2.90838
1085	-0.117613
1086	-2.85526
1087	0.323631
1088	-2.64973
1089	-2.22088
1090	-1.98032
1091	-1.14603
1092	0.0132513
1093	0.969103
1094	-1.35531
1095	-0.92719
1096	-1.83425
1097	-2.95555
1098	-2.85247
1099	-5.1248
1100	-3.55579
1101	-5.59675
1102	-8.09464
1103	-4.50705
1104	-10.3606
1105	-8.58154
1106	-4.9146
1107	-7.85174
1108	-5.74911
1109	-3.98366
1110	-4.89725
1111	-7.82766
1112	-11.7329
1113	-11.1136
1114	-7.97065
1115	-8.27918
1116	-7.41839
1117	-11.1069
1118	-14.6263
1119	-13.3624
1120	1.92331
1121	1.66079
1122	3.08195
1123	-0.00812153
1124	5.41676
1125	4.22877
1126	-0.0654259
1127	-0.70413
1128	-2.45364
1129	-0.258857
1130	-2.24874
1131	-1.36653
1132	2.34836
1133	2.54723
1134	3.79388
1135	1.18147
1136	0.235021
1137	-0.117885
1138	-1.36613
1139	-2.61586
1140	-3.30574
1141	-3.07097
1142	-2.05511
1143	-3.10642
1144	-4.28448
1145	-6.26424
1146	-5.62893
1147	-3.81467
1148	0.0680692
1149	-2.9054
1150	-5.16192
1151	-5.06308
1152	-4.19241
1153	-7.83967
1154	-3.33884
1155	-1.65263
1156	-3.68413
1157	-6.21247
1158	1.50222
1159	-0.130463
1160	1.23335
1161	1.54144
1162	-0.383706
1163	-0.654673
1164	1.37007
1165	0.277017
1166	-0.401732
1167	-0.794673
1168	-0.929343
1169	-2.27602
1170	-0.843226
1171	-2.33766
1172	1.98533
1173	3.62849
1174	4.33793
1175	3.80445
1176	-0.314673
1177	0.361046
1178	0.18965
1179	-1.76814
1180	0.497733
1181	-3.59772
1182	-5.49352
1183	-4.01973
1184	-4.04051
1185	-5.97664
1186	-4.70693
1187	-4.65223
1188	-2.48603
1189	-1.65449
1190	1.48219
1191	-1.81079
1192	-2.8209
1193	-4.05788
1194	-5.66186
1195	-2.33345
1196	1.82794
1197	-0.898347
1198	-1.47814
1199	1.20418
1200	-0.525261
1201	0.986143
1202	-1.28801
1203	0.206927
1204	3.58367
1205	1.54996
1206	-0.743959
1207	-0.4555
1208	-0.511282
1209	-1.39534
1210	-2.86867
1211	-1.96539
1212	-0.695973
1213	2.26747
1214	2.27986
1215	1.01071
1216	0.459704
1217	-0.329437
1218	-2.55782
1219	-2.26652
1220	-4.53771
1221	-8.61411
1222	-2.77706
1223	-3.02272
1224	-3.95248
1225	-6.01642
1226	-6.88539
1227	-4.30383
1228	-1.65718
1229	-1.31589
1230	-1.1101
1231	-0.448097
1232	-4.42774
1233	-3.96687
1234	-0.8693
1235	-4.26017
1236	-1.58906
1237	-0.244469
1238	1.35655
1239	0.641026
1240	-1.15927
1241	-0.860819
1242	0.17169
1243	-3.16497
1244	2.24763
1245	0.385396
1246	0.92366
1247	0.0290802
1248	-2.65655
1249	-0.0520888
1250	-1.57922
1251	-2.14649
1252	0.604311
1253	2.73466
1254	1.04128
1255	0.479697
1256	0.185942
1257	0.512625
1258	1.88563
1259	-1.34246
1260	-2.86239
1261	-3.55778
1262	-3.74764
1263	-8.26265
1264	-4.8106
1265	-6.50894
1266	-5.34888
1267	-5.78035
1268	-3.60648
1269	-2.10293
1270	-4.33771
1271	-3.109
1272	-4.13441
1273	-3.74863
1274	-2.7627
1275	-3.88118
1276	-1.61533
1277	-3.02322
1278	-0.903442
1279	-0.922143
1280	-0.133497
1281	1.32488
1282	1.81168
1283	-2.61443
1284	3.5758
1285	3.64663
1286	2.77926
1287	2.21952
1288	-0.389906
1289	-1.28832
1290	-4.8165
1291	-1.71091
1292	2.90642
1293	3.63795
1294	0.391379
1295	2.98529
1296	0.33838
1297	0.697121
1298	-4.28628
1299	-3.44085
1300	2.66161
1301	2.28632
1302	0.068372
1303	0.0265919
1304	-1.57623
1305	0.12187
1306	-1.98056
1307	-3.75188
1308	-4.12896
1309	-4.89186
1310	-3.58907
1311	-5.09538
1312	-5.53757
1313	-2.42882
1314	-5.13776
1315	-7.65276
1316	-1.89222
1317	-2.58794
1318	-1.02801
1319	-5.35467
1320	-3.97742
1321	-3.80494
1322	-4.52845
1323	-3.02778
1324	-1.18251
1325	-2.00867
1326	0.925525
1327	1.1672
1328	-1.47924
1329	-1.59114
1330	0.514195
1331	-1.81628
1332	2.21027
1333	1.51381
1334	0.691078
1335	0.34504
1336	-5.05712
1337	-4.70629
1338	6.02762
1339	-3.46848
1340	-0.448543
1341	1.14224
1342	0.895327
1343	1.37222
1344	-3.02442
1345	0.288578
1346	-1.14652
1347	-3.26432
1348	2.88329
1349	3.55852
1350	0.523457
1351	1.46417
1352	-0.14542
1353	-2.83201
1354	-5.90422
1355	-6.11184
1356	-3.26217
1357	-2.3594
1358	-2.91214
1359	-3.81501
1360	-7.49695
1361	-7.38512
1362	-4.62744
1363	-4.40406
1364	-5.58989
1365	-4.60519
1366	-2.55907
1367	-1.32034
1368	-2.45228
1369	-3.79335
1370	-3.10555
1371	-3.59815
1372	-3.33395
1373	-2.42635
1374	-0.895186
1375	-2.06029
1376	0.491041
1377	0.205103
1378	0.977063
1379	-0.859354
1380	0.154649
1381	0.705105
1382	-1.40416
1383	-2.4403
1384	-3.64153
1385	-2.57478
1386	-2.04733
1387	7.54155
1388	-1.19403
1389	0.362902
1390	-0.537595
1391	0.724397
1392	-0.178586
1393	-0.695543
1394	-1.69766
1395	-0.581837
1396	2.78799
1397	2.44684
1398	0.231154
1399	1.60677
1400	-3.73852
1401	-5.91424
1402	-3.21772
1403	-0.909719
1404	-1.9293
1405	-7.20364
1406	-3.60104
1407	-4.04873
1408	-4.31467
1409	-4.72034
1410	-6.32407
1411	-6.25121
1412	-2.64853
1413	-2.64991
1414	-5.47535
1415	-7.37677
1416	-5.28062
1417	-4.67157
1418	-5.05024
1419	-4.48313
1420	-2.98973
1421	-3.6774
1422	-0.428712
1423	-0.293423
1424	-1.27951
1425	-0.0517147
1426	-2.72041
1427	-2.72339
1428	0.333258
1429	1.37426
1430	0.437108
1431	-1.87427
1432	-2.62324
1433	-3.91976
1434	5.91111
1435	-9.86667
1436	-1.9755
1437	0.260522
1438	0.543952
1439	0.164993
1440	-2.10113
1441	-0.888555
1442	-3.82402
1443	-4.04657
1444	1.8661
1445	1.55807
1446	-0.075357
1447	-0.112993
1448	-3.29173
1449	-1.98108
1450	-2.21728
1451	-4.1032
1452	-1.08115
1453	-4.42517
1454	-7.28314
1455	-4.63474
1456	-4.12719
1457	-3.13814
1458	-6.58251
1459	-7.23973
1460	-6.14731
1461	-4.0768
1462	-2.36205
1463	-3.15527
1464	-4.24928
1465	-5.33592
1466	-6.26518
1467	-6.82109
1468	-3.6107
1469	-2.18864
1470	1.84416
1471	-1.96203
1472	-0.392909
1473	0.860142
1474	0.879143
1475	1.87493
1476	-3.4584
1477	-2.04698
1478	-2.23946
1479	-2.54221
1480	-0.365283
1481	-0.230771
1482	0.767549
1483	1.49765
1484	-1.46344
1485	-2.43888
1486	-2.53987
1487	-3.86099
1488	2.88256
1489	3.22037
1490	-0.627944
1491	-0.317059
1492	-0.694805
1493	0.412627
1494	7.22175
1495	-0.895277
1496	-0.2156
1497	-1.69299
1498	-4.51042
1499	-2.48722
1500	-9.22146
1501	-7.28743
1502	-4.85604
1503	-3.97521
1504	-1.44173
1505	-0.399301
1506	-4.10066
1507	-2.63732
1508	-5.74789
1509	-5.08942
1510	-4.03412
1511	-5.85467
1512	-2.81638
1513	-1.98956
1514	-3.67605
1515	-0.0558781
1516	-3.52299
1517	-4.27696
1518	-8.2789
1519	-4.42986
1520	3.05227
1521	1.42854
1522	-0.0776679
1523	-0.333186
1524	-7.98815
1525	-3.26991
1526	-1.45531
1527	-2.75111
1528	2.41317
1529	0.0822661
1530	-0.201196
1531	0.592695
1532	-3.04866
1533	-0.640071
1534	-3.56975
1535	-2.20203
1536	2.01627
1537	2.65404
1538	3.2409
1539	1.10196
1540	2.3476
1541	0.495234
1542	-2.85708
1543	7.43182
1544	-2.88444
1545	-1.21609
1546	-5.19282
1547	-3.4216
1548	-8.18539
1549	-5.93147
1550	-6.33233
1551	-1.17794
1552	-2.60205
1553	-3.30673
1554	-1.61322
1555	-1.3931
1556	-5.94786
1557	-4.95409
1558	-5.93315
1559	-4.55467
1560	-1.79481
1561	-2.19766
1562	-1.06812
1563	-0.936779
1564	-5.87944
1565	-4.68883
1566	-5.47443
1567	-6.32066
1568	1.96591
1569	1.17272
1570	0.874956
1571	1.94635
1572	-2.70657
1573	-2.4284
1574	-2.34863
1575	-2.95677
1576	2.32798
1577	1.78941
1578	1.37901
1579	3.30736
1580	-1.1488
1581	-3.49285
1582	-2.45012
1583	-0.488261
1584	3.00303
1585	4.33827
1586	1.47624
1587	1.11494
1588	1.06208
1589	-2.14598
1590	7.53314
1591	-7.08335
1592	-0.515394
1593	-0.61872
1594	-4.74637
1595	-7.25248
1596	-8.30922
1597	-5.73742
1598	-5.40238
1599	-7.87336
1600	-2.77718
1601	-2.56598
1602	-1.11012
1603	-3.61441
1604	-5.72705
1605	-5.91661
1606	-7.11084
1607	-6.59482
1608	-1.11576
1609	-0.791249
1610	-2.43571
1611	0.109177
1612	-1.30071
1613	-5.28282
1614	-6.29552
1615	-5.15085
1616	1.72279
1617	0.301953
1618	-0.363612
1619	0.221172
1620	-2.11504
1621	-6.78065
1622	-3.36864
1623	-2.13883
1624	0.384128
1625	0.835056
1626	-1.60139
1627	0.532591
1628	-4.15467
1629	-7.42002
1630	-1.67259
1631	-2.83467
1632	-1.52409
1633	-0.372131
1634	2.94751
1635	-0.539262
1636	-2.75919
1637	-3.11762
1638	-2.64489
1639	-3.62324
1640	3.94829
1641	1.4519
1642	-0.454067
1643	-1.20478
1644	-6.4235
1645	-4.56324
1646	-6.11264
1647	-8.96367
1648	-3.08995
1649	-2.95366
1650	-2.58946
1651	-1.83211
1652	-5.60109
1653	-0.848926
1654	-7.44341
1655	-6.32754
1656	0.400792
1657	-1.42297
1658	-1.62772
1659	-2.61724
1660	-4.26182
1661	-4.02782
1662	-7.94908
1663	-6.94134
1664	0.509449
1665	-0.507173
1666	0.229077
1667	-2.92349
1668	-3.5319
1669	-4.85944
1670	-2.92195
1671	-1.76648
1672	3.0865
1673	2.89787
1674	2.28234
1675	3.09228
1676	-1.84762
1677	-2.22262
1678	-2.96288
1679	-1.95066
1680	1.48173
1681	2.15884
1682	-0.00800659
1683	0.182283
1684	-0.622304
1685	-2.49475
1686	-3.55579
1687	-3.19756
1688	-11.5744
1689	3.03186
1690	-0.880501
1691	1.95675
1692	-6.41345
1693	-8.15109
1694	-7.3019
1695	-5.91658
1696	-0.522361
1697	-0.961321
1698	-2.7856
1699	-1.15928
1700	-7.2127
1701	-6.54853
1702	-5.09492
1703	-6.91866
1704	0.825413
1705	-0.586532
1706	-0.0767886
1707	-1.68282
1708	-6.05136
1709	-3.0282
1710	-6.2311
1711	-5.47848
1712	4.05754
1713	1.9803
1714	1.73613
1715	-0.210853
1716	-5.09574
1717	-3.28801
1718	-1.16801
1719	-4.34955
1720	2.47465
1721	0.738805
1722	2.39371
1723	1.619
1724	-4.68289
1725	-3.9029
1726	-2.83641
1727	-5.59673
1728	2.64408
1729	0.88857
1730	-0.34534
1731	-0.324595
1732	-2.84098
1733	-3.30049
1734	-0.516212
1735	-2.91091
1736	1.22854
1737	1.34009
1738	1.87658
1739	1.9404
1740	-6.4324
1741	-7.1026
1742	-7.66584
1743	-3.69746
1744	-2.31412
1745	-1.55365
1746	-3.49485
1747	-2.48859
1748	-6.37975
1749	-6.15336
1750	-5.79055
1751	-4.81949
1752	-2.11428
1753	-1.36341
1754	-3.66543
1755	-4.01444
1756	-6.28485
1757	-6.9193
1758	-6.16056
1759	-5.80967
1760	0.0924966
1761	0.397958
1762	0.172599
1763	1.48109
1764	-3.94305
1765	-3.025
1766	-1.37038
1767	-4.23552
1768	4.10273
1769	0.189212
1770	1.64256
1771	-1.26657
1772	-3.12569
1773	-4.01381
1774	-3.5679
1775	-3.48507
1776	0.872055
1777	-1.84619
1778	-0.0548705
1779	-2.45405
1780	-0.956439
1781	-2.60691
1782	-3.18979
1783	-2.33872
1784	2.5706
1785	-0.166578
1786	4.07793
1787	1.68805
1788	-6.99985
1789	-7.65638
1790	-7.3497
1791	-4.82484
1792	-1.75892
1793	-0.475574
1794	-6.19467
1795	-3.21698
1796	-7.50226
1797	-5.68553
1798	-4.62733
1799	-7.47684
1800	-1.69205
1801	-1.40848
1802	-2.26387
1803	-1.85106
1804	-6.61621
1805	-6.23859
1806	-9.27312
1807	-7.10999
1808	1.66616
1809	-2.03503
1810	-0.106025
1811	0.649008
1812	-2.79629
1813	-3.51596
1814	-0.698108
1815	-3.20143
1816	-1.2039
1817	-2.63821
1818	-0.440273
1819	-2.64722
1820	-4.57394
1821	-5.22096
1822	-3.09017
1823	-4.02804
1824	-0.905225
1825	0.755829
1826	-1.22338
1827	-3.18165
1828	-4.56896
1829	-3.85376
1830	-5.77582
1831	-4.19126
1832	1.30797
1833	0.92039
1834	1.95806
1835	1.78297
1836	-7.94814
1837	-8.239
1838	-4.69295
1839	-6.26647
1840	0.589925
1841	-4.3124
1842	-3.11467
1843	-2.88823
1844	-9.87151
1845	-9.31965
1846	-6.06454
1847	-6.28203
1848	-2.3897
1849	-0.505715
1850	-3.28374
1851	-1.7936
1852	-5.62725
1853	-5.35467
1854	-7.4992
1855	-5.48072
1856	-2.94827
1857	-4.01134
1858	-0.654673
1859	-1.74508
1860	0.0976757
1861	-0.721905
1862	-1.90625
1863	0.707288
1864	-1.90005
1865	-1.61195
1866	-3.43131
1867	-3.44356
1868	2.05871
1869	4.395
1870	-1.72869
1871	0.0453267
1872	-1.96322
1873	0.638728
1874	-5.28478
1875	-4.92767
1876	-2.71195
1877	-0.824581
1878	-3.3875
1879	-2.08366
1880	-1.7652
1881	1.92555
1882	0.332897
1883	-3.43606
1884	-5.11498
1885	-1.79675
1886	-3.27686
1887	-2.84039
1888	-4.62375
1889	-2.7045
1890	-3.79815
1891	-5.6725
1892	-2.11023
1893	-1.34419
1894	1.12119
1895	1.12515
1896	-6.25312
1897	-4.88628
1898	-6.97379
1899	-6.16781
1900	-1.27467
1901	-0.202735
1902	-5.04085
1903	2.50268
1904	-0.874281
1905	0.0808106
1906	-2.64956
1907	-3.08714
1908	0.834937
1909	-0.484936
1910	1.42812
1911	-0.619488
1912	-3.8312
1913	-0.265018
1914	-2.58538
1915	-2.50178
1916	-3.09122
1917	-2.38149
1918	-0.584735
1919	-3.01057
1920	-2.88262
1921	-1.62079
1922	-3.38856
1923	-3.94228
1924	-6.71945
1925	-5.83594
1926	-1.59783
1927	-4.7951
1928	-1.9938
1929	0.88431
1930	-1.52704
1931	-0.886131
1932	-5.00295
1933	-2.02376
1934	-1.31632
1935	-1.45988
1936	-4.34324
1937	-5.03923
1938	-6.17801
1939	-4.77744
1940	-0.614434
1941	-2.1516
1942	-1.47552
1943	-1.18114
1944	-7.21476
1945	-2.66041
1946	-5.13128
1947	-1.35182
1948	0.896566
1949	-1.37006
1950	-4.84778
1951	-0.717831
1952	0.247736
1953	-1.95232
1954	-1.81774
1955	-1.38684
1956	0.964115
1957	2.47426
1958	-0.398203
1959	-0.457305
1960	-4.51653
1961	0.501931
1962	-3.63203
1963	-1.57277
1964	1.79923
1965	-1.59802
1966	-0.187875
1967	-1.03202
1968	-0.986749
1969	-2.14269
1970	-2.48778
1971	-2.60348
1972	-2.14489
1973	0.940031
1974	-3.06806
1975	-1.62684
1976	-2.56866
1977	-4.06156
1978	-3.03337
1979	-4.61608
1980	-0.51635
1981	-2.02983
1982	-2.67516
1983	-2.68576
1984	-5.68514
1985	-4.67409
1986	-4.24883
1987	-4.00128
1988	-2.97358
1989	-4.42009
1990	-1.45126
1991	-1.63578
1992	-6.02224
1993	-5.95235
1994	-6.53376
1995	-2.82134
1996	-3.02599
1997	-3.03357
1998	-2.86208
1999	-2.77603
2000	-2.65653
2001	-3.48477
2002	-3.56717
2003	-1.87825
2004	-0.82134
2005	-0.122143
2006	-3.92632
2007	-3.23519
2008	-2.19592
2009	-3.77666
2010	-2.8989
2011	-1.95875
2012	-1.41289
2013	-3.17031
2014	-1.79589
2015	-1.25357
2016	-6.42112
2017	-2.77163
2018	-4.07845
2019	-6.44111
2020	-1.61161
2021	0.0111804
2022	-1.90032
2023	0.234051
2024	-2.67536
2025	-5.22896
2026	-2.13398
2027	-4.1484
2028	-4.02721
2029	-4.604
2030	-5.42583
2031	-5.71413
2032	-6.82622
2033	-8.5513
2034	-7.81802
2035	-7.92178
2036	-5.06453
2037	-2.91045
2038	-3.41509
2039	-1.8245
2040	-6.78249
2041	-4.73741
2042	-6.80662
2043	-6.56885
2044	-4.75888
2045	-1.00327
2046	-3.7812
2047	-3.16591
2048	-3.15695
2049	-4.13511
2050	-2.40902
2051	-1.86147
2052	0.462149
2053	-0.951952
2054	-0.0683423
2055	-0.0863503
2056	-0.859132
2057	-1.07332
2058	-1.34526
2059	-3.91717
2060	-4.15025
2061	-0.534984
2062	-0.285484
2063	-1.4014
2064	-2.80169
2065	-0.0847546
2066	-2.31728
2067	-3.96602
2068	-0.046438
2069	-1.12869
2070	-0.63083
2071	0.475067
2072	0.534869
2073	-4.07781
2074	-2.40768
2075	-0.356779
2076	-5.61385
2077	-4.99845
2078	-0.821063
2079	-1.94097
2080	-5.15898
2081	-5.84407
2082	-8.32895
2083	-8.14018
2084	-5.37275
2085	-2.69467
2086	1.17866
2087	-1.15357
2088	-5.83873
2089	-6.57595
2090	-6.89196
2091	-4.58258
2092	-3.27881
2093	-3.69541
2094	-3.26621
2095	-2.43846
2096	-4.41056
2097	-4.43569
2098	-6.67632
2099	-3.45728
2100	0.955418
2101	-2.20134
2102	-0.644273
2103	-1.7208
2104	-0.92437
2105	-3.52091
2106	-4.67553
2107	-1.76786
2108	-1.4097
2109	-2.03592
2110	-1.51899
2111	-2.74691
2112	-4.79605
2113	1.27511
2114	-5.9312
2115	-7.67025
2116	-2.42295
2117	0.126111
2118	-3.72342
2119	-2.26318
2120	-2.86554
2121	-4.2959
2122	-2.02242
2123	-5.90979
2124	-1.43225
2125	-2.34361
2126	-2.46616
2127	-1.72585
2128	-5.41003
2129	-6.58933
2130	-9.76537
2131	-6.78923
2132	-4.38354
2133	-2.18677
2134	-0.937282
2135	-2.98261
2136	-8.0462
2137	-5.90922
2138	-7.46491
2139	-5.42918
2140	-3.32033
2141	-3.58076
2142	-5.4801
2143	-2.93835
2144	-3.99634
2145	-0.396464
2146	-3.5274
2147	-4.07967
2148	-1.64594
2149	-0.794673
2150	-1.60361
2151	-3.03073
2152	-4.52274
2153	-3.30735
2154	-3.45245
2155	-2.38872
2156	-2.3856
2157	-0.419508
2158	-2.8524
2159	-3.12165
2160	-3.60202
2161	-5.19558
2162	-5.51043
2163	-6.10079
2164	-3.05037
2165	-2.43732
2166	1.28614
2167	-0.998629
2168	-7.34
2169	-5.76061
2170	-4.00666
2171	-3.00427
2172	-4.58957
2173	-2.99996
2174	-3.00649
2175	-0.682508
2176	-7.79152
2177	-8.0489
2178	-6.09118
2179	-5.22779
2180	-2.2664
2181	-5.13245
2182	-4.10602
2183	-0.926355
2184	-6.11707
2185	-6.1817
2186	-7.59727
2187	-7.09694
2188	-4.80962
2189	-4.79863
2190	-1.20143
2191	-2.41365
2192	-3.01274
2193	-4.06667
2194	-2.21245
2195	-3.70884
2196	-3.54072
2197	-1.10161
2198	5.08977
2199	6.95752
2200	-0.653135
2201	-5.43532
2202	-4.39521
2203	-4.14097
2204	-2.37662
2205	-1.13876
2206	-2.65847
2207	-1.68644
2208	-6.21769
2209	-6.04815
2210	-4.51023
2211	-3.29981
2212	-2.34667
2213	-2.01867
2214	-3.13944
2215	-0.974583
2216	-5.62478
2217	-6.07307
2218	-1.73354
2219	-2.06445
2220	-2.86922
2221	-7.37967
2222	-1.48625
2223	-0.918776
2224	-7.09935
2225	-9.97536
2226	-5.99104
2227	-8.70234
2228	-5.05922
2229	-6.05804
2230	-0.19232
2231	-3.79217
2232	-5.51703
2233	-3.46376
2234	-8.0792
2235	-7.61467
2236	-3.28801
2237	-3.76801
2238	-3.15467
2239	-5.31764
2240	0
2241	0
2242	0
2243	0
2244	0
2245	0
2246	0
2247	0
2248	0
2249	0
2250	0
2251	0
2252	0
2253	0
2254	0
2255	0
2256	0
2257	0
2258	0
2259	0
2260	0
2261	0
2262	0
2263	0
2264	0
2265	0
2266	0
2267	0
2268	0
2269	0
2270	0
2271	0
2272	0
2273	0
2274	0
2275	0
2276	0
2277	0
2278	0
2279	0
2280	0
2281	0
2282	0
2283	0
2284	0
2285	0
2286	0
2287	0
2288	0
2289	0
2290	0
2291	0
2292	0
2293	0
2294	0
2295	0
2296	0
2297	0
2298	0
2299	0
2300	0
2301	0
2302	0
2303	0
2304	0
2305	0
2306	0
2307	0
2308	0
2309	0
2310	0
2311	0
2312	0
2313	0
2314	0
2315	0
2316	0
2317	0
2318	0
2319	0
2320	0
2321	0
2322	0
2323	0
2324	0
2325	0
2326	0
2327	0
2328	0
2329	0
2330	0
2331	0
2332	0
2333	0
2334	0
2335	0
2336	0
2337	0
2338	0
2339	0
2340	0
2341	0
2342	0
2343	0
2344	0
2345	0
2346	0
2347	0
2348	0
2349	0
2350	0
2351	0
2352	0
2353	0
2354	0
2355	0
2356	0
2357	0
2358	0
2359	0
2360	30.0853
2361	24.7619
2362	29.6574
2363	29.7756
2364	27.2881
2365	30.2281
2366	27.3935
2367	29.7755
2368	30.1847
2369	28.1702
2370	26.1171
2371	24.9292
2372	26.1788
2373	25.606
2374	31.1828
2375	31.0739
2376	32.2699
2377	25.1412
2378	29.5925
2379	32.5508
2380	28.2419
2381	30.1989
2382	30.7082
2383	28.2741
2384	35.5105
2385	31.1175
2386	33.2056
2387	24.5924
2388	30.0864
2389	30.4291
2390	28.334
2391	29.4745
2392	33.7447
2393	35.3435
2394	31.3258
2395	35.6197
2396	29.5581
2397	25.7069
2398	30.4576
2399	25.0135
2400	18.3494
2401	26.293
2402	33.9175
2403	34.0526
2404	31.7484
2405	33.9296
2406	30.2375
2407	28.8692
2408	24.2437
2409	24.717
2410	24.6666
2411	24.8146
2412	26.8367
2413	26.7009
2414	35.0198
2415	30.2547
2416	30.1015
2417	34.8655
2418	33.4476
2419	30.6778
2420	33.6118
2421	31.7242
2422	29.6074
2423	31.0303
2424	37.8825
2425	32.8804
2426	32.7216
2427	32.9558
2428	30.1658
2429	35.8531
2430	33.8732
2431	27.5433
2432	35.0375
2433	30.4702
2434	28.1593
2435	30.9034
2436	32.0088
2437	34.1398
2438	30.4346
2439	32.8778
2440	31.7302
2441	35.6345
2442	31.7128
2443	29.8854
2444	29.7369
2445	25.4435
2446	32.1664
2447	26.8714
2448	30.8354
2449	34.2923
2450	24.1921
2451	35.025
2452	32.2181
2453	33.935
2454	28.5446
2455	0
2456	35.773
2457	30.3037
2458	29.221
2459	31.1032
2460	29.9183
2461	33.4751
2462	35.116
2463	33.3853
2464	34.2479
2465	35.7953
2466	31.4922
2467	27.9845
2468	29.2039
2469	34.3185
2470	27.705
2471	27.5901
2472	32.0199
2473	35.656
2474	35.3957
2475	31.9735
2476	31.5422
2477	31.6047
2478	34.6841
2479	31.4376
2480	33.2647
2481	33.6254
2482	34.1955
2483	30.8567
2484	31.7119
2485	36.2406
2486	35.1158
2487	37.1259
2488	36.5265
2489	36.8398
2490	32.2942
2491	28.251
2492	35.9635
2493	33.4577
2494	28.9131
2495	30.5819
2496	33.0438
2497	31.5153
2498	37.8632
2499	35.7268
2500	36.7385
2501	36.2684
2502	33.0621
2503	34.6787
2504	34.3541
2505	32.4601
2506	28.3624
2507	34.7793
2508	32.6828
2509	38.004
2510	34.2461
2511	34.8668
2512	36.1545
2513	35.9458
2514	31.62
2515	35.3799
2516	34.2653
2517	30.2278
2518	32.0164
2519	29.2734
2520	33.1206
2521	31.313
2522	35.6445
2523	34.1752
2524	38.5598
2525	35.7984
2526	31.8165
2527	33.8132
2528	33.375
2529	30.2005
2530	32.5439
2531	32.3507
2532	36.153
2533	33.2481
2534	36.5822
2535	35.119
2536	33.6147
2537	33.8351
2538	33.6865
2539	25.4981
2540	33.914
2541	31.3763
2542	32.1746
2543	29.1817
2544	25.6338
2545	27.638
2546	29.0778
2547	33.5738
2548	31.6563
2549	34.006
2550	27.2137
2551	37.2722
2552	31.527
2553	30.3441
2554	30.6252
2555	26.4036
2556	29.2512
2557	30.3262
2558	31.2769
2559	32.5574
2560	31.0172
2561	30.1883
2562	31.6867
2563	35.8002
2564	28.8776
2565	27.8642
2566	27.6998
2567	28.4857
2568	30.4097
2569	31.2022
2570	29.7802
2571	29.4942
2572	27.5682
2573	29.9567
2574	26.8794
2575	29.8189
2576	29.1781
2577	26.291
2578	33.582
2579	29.3521
2580	31.9686
2581	24.6205
2582	29.231
2583	24.6448
2584	29.4346
2585	30.5061
2586	26.8958
2587	25.8554
2588	27.4937
2589	29.6722
2590	27.3722
2591	27.6627
2592	33.342
2593	31.5235
2594	27.8235
2595	30.2005
2596	0
2597	0
2598	0
2599	0
2600	0
2601	0
2602	0
2603	0
2604	0
2605	0
2606	0
2607	0
2608	0
2609	0
2610	0
2611	0
2612	0
2613	0
2614	0
2615	0
2616	0
2617	0
2618	0
2619	0
2620	0
2621	0
2622	0
2623	0
2624	0
2625	0
2626	0
2627	0
2628	0
2629	0
2630	0
2631	0
2632	0
2633	0
2634	0
2635	0
2636	0
2637	0
2638	0
2639	0
2640	0
2641	0
2642	0
2643	0
2644	0
2645	0
2646	0
2647	0
2648	0
2649	0
2650	0
2651	0
2652	0
2653	0
2654	0
2655	0
2656	0
2657	0
2658	0
2659	0
2660	0
2661	0
2662	0
2663	0
2664	0
2665	0
2666	0
2667	0
2668	0
2669	0
2670	0
2671	0
2672	0
2673	0
2674	0
2675	0
2676	0
2677	0
2678	0
2679	0
2680	0
2681	0
2682	0
2683	0
2684	0
2685	0
2686	0
2687	0
2688	0
2689	0
2690	0
2691	0
2692	0
2693	0
2694	0
2695	0
2696	0
2697	0
2698	0
2699	0
2700	0
2701	0
2702	0
2703	0
2704	0
2705	0
2706	0
2707	0
2708	0
2709	0
2710	0
2711	0
2712	0
2713	0
2714	0
2715	0
