0	-1.39466
1	-0.166506
2	-2.9501
3	-2.79915
4	-1.94525
5	-1.4628
6	-5.33411
7	-1.35954
8	-2.23952
9	-6.85262
10	-2.93322
11	-7.63207
12	-2.65954
13	-1.0809
14	-0.823338
15	-2.54577
16	0.786124
17	-3.16388
18	-3.93416
19	-1.48176
20	0.590471
21	-4.12336
22	-2.00167
23	-0.0187521
24	-4.29261
25	-5.04574
26	-3.75142
27	-5.3341
28	-3.11953
29	-5.74613
30	-3.56893
31	-3.44383
32	-10.372
33	-8.68747
34	-6.70754
35	-7.66525
36	-5.7999
37	-5.45458
38	-5.6823
39	-2.77277
40	-6.83731
41	-5.6151
42	-5.4432
43	-7.64901
44	-12.1287
45	-6.9359
46	-4.58452
47	-5.63035
48	1.70273
49	0.652971
50	-3.85716
51	-2.43754
52	1.51219
53	-1.54067
54	-0.0370792
55	-0.801122
56	-0.510484
57	-1.4497
58	-2.5939
59	0.494757
60	2.48536
61	-0.296245
62	0.500034
63	-1.83595
64	-1.55521
65	-1.74138
66	-1.56419
67	-1.13799
68	1.18392
69	-1.56418
70	-2.75723
71	-1.05497
72	-2.03146
73	-4.44965
74	-6.02746
75	-4.72782
76	-2.72981
77	-3.2408
78	-3.21236
79	-4.02993
80	-7.1074
81	-6.97064
82	-6.3778
83	-6.68288
84	-4.6886
85	-2.54609
86	-3.0761
87	-3.09779
88	-4.76933
89	-5.36771
90	-4.73754
91	-4.83639
92	-8.42441
93	-7.78004
94	-6.45083
95	-9.46251
96	6.1771
97	4.4848
98	-0.762827
99	-0.406655
100	1.42668
101	1.10137
102	0.584081
103	1.51208
104	-0.793794
105	-2.77181
106	1.10305
107	-0.663015
108	1.29126
109	1.08823
110	1.97775
111	2.03063
112	-2.79314
113	-2.7768
114	-3.145
115	-0.92545
116	-1.6018
117	-1.74432
118	-3.33677
119	-1.08762
120	-5.24373
121	-4.57162
122	-6.27644
123	-4.61671
124	-1.89206
125	-3.50638
126	-3.77303
127	-1.84067
128	-6.04954
129	-3.19894
130	-4.78315
131	-3.12791
132	-0.927711
133	-3.11103
134	-0.744633
135	2.03714
136	-3.2754
137	-4.41113
138	-4.05953
139	-2.44168
140	-5.34821
141	-7.64554
142	-6.03301
143	-8.15461
144	2.64482
145	1.18206
146	-2.66744
147	-1.50333
148	0.715074
149	1.06705
150	1.21278
151	0.984113
152	-4.58888
153	-1.4628
154	-0.722637
155	0.650785
156	0.788585
157	3.51949
158	1.42739
159	1.30958
160	1.69864
161	1.30411
162	-0.256807
163	-2.38623
164	-0.107213
165	-1.2877
166	-3.72859
167	-1.87125
168	-1.71341
169	-4.3049
170	-8.15472
171	-7.68722
172	-2.21896
173	-2.72079
174	-0.765582
175	-4.74313
176	-2.86494
177	-4.77487
178	-1.96643
179	-4.01391
180	-0.708512
181	0.032224
182	-3.26394
183	-2.07165
184	0.482897
185	-4.44077
186	-3.73182
187	0.524724
188	-6.74906
189	-3.21363
190	-5.98977
191	-8.93041
192	4.16904
193	3.95475
194	-1.57886
195	-0.914073
196	0.37613
197	0.32089
198	-0.786219
199	2.05953
200	-1.02196
201	0.830268
202	-0.711381
203	-3.48413
204	1.73421
205	0.272145
206	0.135892
207	2.44283
208	0.450919
209	-0.838653
210	-20.882
211	0.280602
212	0.233183
213	-1.31255
214	-4.32834
215	-3.15495
216	-4.38082
217	-4.68153
218	-2.45561
219	-4.90642
220	-1.80953
221	-5.18929
222	-1.83968
223	-0.426546
224	-4.02488
225	-3.11655
226	-6.4952
227	-4.05953
228	-2.4803
229	-1.18933
230	-2.94676
231	-2.72079
232	-0.168065
233	-2.12946
234	-1.98204
235	0.657508
236	-6.31298
237	-5.17063
238	-8.25732
239	-10.5244
240	2.26776
241	4.70363
242	-0.404172
243	-1.4362
244	-0.854299
245	-1.96387
246	0.38587
247	-0.16191
248	1.91356
249	-0.691963
250	-0.290366
251	-0.215719
252	2.26029
253	1.2739
254	2.42817
255	-0.346942
256	0.243596
257	0.851443
258	-0.591606
259	-1.27786
260	0.801926
261	-2.45321
262	-5.81616
263	-4.00505
264	-3.17861
265	-2.85645
266	-4.01273
267	-7.51511
268	-0.475045
269	-1.38467
270	-2.52415
271	-1.5494
272	-4.63464
273	-2.50558
274	-0.457339
275	-1.62332
276	-0.779847
277	-1.98819
278	-0.674163
279	-0.963008
280	0.15125
281	0.591359
282	-0.462725
283	-0.149806
284	-4.59285
285	-0.401119
286	-9.12954
287	-6.81861
288	4.63871
289	3.4682
290	0.0687158
291	-0.174234
292	-0.992443
293	1.35349
294	-1.59983
295	3.51971
296	-0.652925
297	0.495222
298	-1.79176
299	-1.11811
300	0.791942
301	4.13355
302	2.31824
303	1.02181
304	1.30025
305	-0.236539
306	-3.19407
307	-0.536488
308	-5.71219
309	-10.0988
310	-7.55099
311	-8.80754
312	-3.60741
313	-3.62247
314	-3.55724
315	-3.41066
316	-1.74236
317	1.98344
318	-2.83193
319	-0.444654
320	-4.666
321	-5.95298
322	-7.4286
323	-6.00081
324	-5.01788
325	-1.78571
326	-3.4571
327	-7.23924
328	-2.83125
329	-5.89355
330	-5.59817
331	-1.50485
332	-8.86574
333	-7.91968
334	-3.32118
335	-4.73147
336	5.43704
337	3.7351
338	0.733287
339	2.70175
340	2.84774
341	0.124651
342	2.61613
343	2.24545
344	-0.994223
345	-0.275411
346	1.30345
347	-0.332122
348	2.57347
349	0.129613
350	2.63889
351	1.60476
352	-1.00668
353	0.616562
354	1.86518
355	0.546184
356	-2.93316
357	-4.54361
358	-5.84888
359	-9.98955
360	-0.550435
361	-5.10953
362	-3.23828
363	-0.484159
364	-3.11283
365	-1.88134
366	-2.53295
367	-2.18035
368	-3.79439
369	-4.06258
370	-2.04315
371	-5.92451
372	0.470259
373	1.38368
374	-0.930311
375	3.6747
376	-1.31917
377	2.05362
378	-0.516156
379	-1.26753
380	-3.80647
381	-6.04122
382	-8.24016
383	-7.34054
384	-2.07394
385	-2.98103
386	4.34644
387	0.624033
388	-4.2437
389	-5.4253
390	-6.47242
391	-4.24944
392	1.52899
393	2.08268
394	-0.406729
395	0.813455
396	-5.85026
397	-3.90398
398	-5.48693
399	-2.54176
400	-0.583183
401	-1.34841
402	2.27267
403	-1.47114
404	-5.90363
405	-6.57491
406	-7.58702
407	-7.93855
408	0.944056
409	-3.13428
410	0.211898
411	-3.59036
412	-6.35466
413	-7.98818
414	-4.90365
415	-8.005
416	-3.10889
417	-4.12893
418	-3.37992
419	-2.67314
420	-6.02161
421	-8.01978
422	-7.06791
423	-4.50801
424	-12.5982
425	-13.1918
426	-12.7943
427	-12.9548
428	-10.7486
429	-9.10954
430	-14.552
431	-13.3499
432	-3.81485
433	-3.44458
434	1.20549
435	-1.21899
436	-3.56387
437	-7.2324
438	-2.69599
439	-5.7279
440	1.31904
441	0.232048
442	0.16245
443	1.81664
444	-0.719009
445	-3.84117
446	-3.03723
447	-4.37348
448	1.04591
449	-0.741425
450	2.33264
451	-2.49394
452	-0.700386
453	-7.03766
454	-8.62877
455	-7.92876
456	-1.01225
457	-1.66435
458	-3.48684
459	-3.39234
460	-6.37234
461	-5.89729
462	-5.09842
463	-8.5505
464	-3.28175
465	-3.18946
466	-5.81065
467	-3.99305
468	-5.20668
469	-4.96914
470	-7.33668
471	-5.00882
472	-11.8751
473	-13.8626
474	-13.5041
475	-12.9571
476	-13.767
477	-13.065
478	-13.4517
479	-13.0924
480	3.92552
481	1.16237
482	0.26566
483	2.05613
484	-6.08373
485	-4.32387
486	-4.40359
487	-4.6297
488	1.97056
489	2.38657
490	1.14991
491	-0.157981
492	-2.9738
493	-2.42479
494	-1.96343
495	-4.25953
496	0.681858
497	1.03667
498	-0.212024
499	0.049158
500	-1.11857
501	-7.1255
502	-7.11153
503	-6.56183
504	-0.998535
505	-0.891062
506	-4.18312
507	-1.48084
508	-6.19432
509	-8.38477
510	-6.25622
511	-5.77833
512	-3.34383
513	-4.75076
514	0.252762
515	-3.68228
516	-4.97592
517	-6.31853
518	-6.75794
519	-5.89389
520	-11.8954
521	-14.4626
522	-9.42607
523	-10.9392
524	-10.4137
525	-11.6976
526	-11.2769
527	-8.9262
528	2.8166
529	1.83343
530	-1.94399
531	-1.88987
532	-3.16803
533	-2.04599
534	-3.78842
535	-5.79468
536	-1.45323
537	-1.26162
538	1.02264
539	-0.260606
540	-5.77338
541	-5.97193
542	-7.0282
543	-2.07571
544	3.22628
545	2.29405
546	-2.68041
547	-0.430242
548	-5.54622
549	-7.52793
550	-9.05887
551	-9.71192
552	-0.545022
553	1.40047
554	-0.514379
555	0.878265
556	-5.56964
557	-5.62814
558	-5.06625
559	-5.40633
560	-3.77515
561	-0.709731
562	-2.24588
563	-0.132812
564	-6.45704
565	-4.06296
566	-6.52234
567	-5.51173
568	-11.3745
569	-11.8634
570	-10.543
571	-10.8391
572	-6.69013
573	-6.75068
574	-11.3006
575	-11.8281
576	0.404106
577	0.375622
578	2.29486
579	2.13246
580	-3.26055
581	-2.45683
582	-2.19505
583	-1.53657
584	2.2003
585	1.17086
586	1.99162
587	0.677211
588	-5.9368
589	-4.45483
590	-0.630189
591	-3.14044
592	2.34391
593	-1.93356
594	0.800031
595	0.814391
596	-3.95539
597	-6.95225
598	-5.74016
599	-6.23091
600	1.13553
601	-0.824814
602	-0.0536709
603	1.03546
604	-6.60291
605	-3.92548
606	-4.88595
607	-5.5326
608	-2.42523
609	-4.18986
610	-1.79674
611	-1.26663
612	-5.19134
613	-6.2064
614	-5.83155
615	-5.43972
616	-10.9585
617	-11.995
618	-10.1922
619	-9.34068
620	-11.0806
621	-9.43502
622	-13.3466
623	-11.7482
624	2.35166
625	2.65903
626	3.93703
627	1.99779
628	-1.72203
629	-0.346641
630	-1.56695
631	-4.59141
632	2.7096
633	4.02815
634	0.369204
635	0.518358
636	-2.39656
637	0.00447139
638	-2.0174
639	-0.0930073
640	2.35702
641	1.5031
642	1.81375
643	1.73101
644	-0.768249
645	-5.41792
646	-4.58695
647	1.88441
648	-9.61574
649	-8.80558
650	-10.8402
651	-11.6481
652	-6.14061
653	-8.34813
654	-5.11168
655	-5.39002
656	-2.88058
657	-2.51771
658	-2.48334
659	-3.96165
660	-6.86738
661	-4.98186
662	-6.39594
663	-5.17867
664	-10.6586
665	-8.28167
666	-9.43452
667	-9.80502
668	-9.9086
669	-10.2875
670	-8.32834
671	-7.86856
672	3.19442
673	1.53538
674	1.26772
675	1.35629
676	-1.51682
677	-3.84014
678	-2.13409
679	-4.39916
680	2.12721
681	3.88673
682	4.43969
683	2.87751
684	-4.94068
685	-5.5254
686	-3.27344
687	-6.19842
688	2.95784
689	-1.63941
690	0.405524
691	1.2459
692	0.0583815
693	-2.74203
694	3.24851
695	-6.86812
696	-8.44253
697	-9.22747
698	-10.1886
699	-8.67989
700	-6.69705
701	-4.34197
702	-6.58452
703	-4.68634
704	-2.59043
705	-3.95157
706	0.287777
707	-1.45411
708	-6.57281
709	-4.26277
710	-3.81934
711	-6.28447
712	-11.8595
713	-8.22931
714	-10.6716
715	-11.7088
716	-8.49512
717	-8.24906
718	-11.2477
719	-10.9929
720	-3.6655
721	-4.34201
722	1.12275
723	2.65604
724	-2.61322
725	-3.18891
726	-3.88878
727	-2.76981
728	2.98712
729	1.62283
730	0.137695
731	2.80166
732	-5.25357
733	-7.13978
734	-5.72781
735	-4.35675
736	1.06662
737	0.844495
738	-2.46897
739	-2.86156
740	-1.99159
741	-2.05079
742	-4.59656
743	3.55801
744	-7.30056
745	-6.54302
746	-10.1244
747	-7.97448
748	-3.30817
749	-3.96559
750	-6.23725
751	-3.80115
752	-3.14374
753	-2.95321
754	-5.08821
755	-1.21604
756	-7.2563
757	-5.76121
758	-10.2096
759	-9.43913
760	-11.9128
761	-8.61343
762	-10.0053
763	-10.9841
764	-7.17576
765	-10.2396
766	-7.51683
767	-10.6563
768	-3.12073
769	-4.99198
770	-3.24958
771	-4.30079
772	-2.40168
773	-0.868352
774	-3.29253
775	-0.66123
776	-4.93548
777	-3.22935
778	-6.12239
779	-4.05186
780	-3.9816
781	-1.29557
782	-4.77349
783	-6.18961
784	-4.8656
785	-6.27488
786	-3.05831
787	-2.82529
788	-1.17231
789	-3.3913
790	-3.14306
791	-4.47423
792	-8.84974
793	-8.52284
794	-9.01701
795	-10.8439
796	-5.32319
797	-4.40762
798	-8.3975
799	-6.20776
800	-8.08606
801	-8.49001
802	-9.38492
803	-8.0943
804	-9.61495
805	-9.15765
806	-7.11184
807	-5.08479
808	-13.8522
809	-12.2588
810	-9.41186
811	-9.00448
812	-13.437
813	-14.2915
814	-18.1129
815	-13.3666
816	-5.53376
817	-3.03452
818	-5.79582
819	-4.22217
820	-1.57253
821	-1.60322
822	-1.46022
823	-1.7262
824	-6.45306
825	-4.77132
826	-4.98538
827	-7.10963
828	-2.43656
829	-3.70011
830	-3.76733
831	-4.11469
832	-1.009
833	-6.77991
834	-3.80785
835	-5.30675
836	-2.90007
837	-3.6539
838	-5.35952
839	-3.99004
840	-6.45216
841	-6.99536
842	-10.7652
843	-8.14539
844	-5.09869
845	-4.17413
846	-6.04329
847	-8.28002
848	-7.9851
849	-7.55815
850	-7.85755
851	-6.83844
852	-2.11355
853	-7.78926
854	-6.86148
855	-5.28381
856	-12.422
857	-11.7358
858	-8.66758
859	-10.0709
860	-22.2832
861	-15.6138
862	-15.4218
863	-13.402
864	-4.02748
865	-4.19743
866	-3.90839
867	-2.5838
868	-2.36069
869	-4.15547
870	-1.36394
871	-1.72561
872	-5.12791
873	-6.43558
874	-5.4329
875	-5.48739
876	-7.05116
877	-2.09348
878	-5.90777
879	-5.69792
880	-4.13467
881	-7.58926
882	-1.97004
883	-5.65218
884	-3.90782
885	-5.48887
886	-5.36642
887	-2.62896
888	-6.20739
889	-7.40192
890	-12.2355
891	-11.0037
892	-6.26253
893	-7.47103
894	-5.51613
895	-10.2876
896	-8.98865
897	-8.83015
898	-8.48428
899	-6.493
900	-4.99846
901	-5.93687
902	-5.27628
903	-5.45525
904	-12.2694
905	-12.3795
906	-9.73576
907	-9.56034
908	-11.342
909	-12.5343
910	-16.2135
911	-15.1341
912	-3.02232
913	-2.77628
914	-5.16854
915	-3.05521
916	-0.637759
917	-2.13356
918	-1.53867
919	-1.04414
920	-5.08359
921	-3.99966
922	-2.53835
923	-0.916737
924	-0.594846
925	-1.46448
926	-0.889451
927	-0.930075
928	0.274691
929	-2.80373
930	-3.48108
931	-7.10794
932	-4.16103
933	-3.60504
934	-2.44552
935	-4.80978
936	-6.77801
937	-5.4375
938	-8.94033
939	-9.11802
940	-5.50442
941	-5.46772
942	-6.97245
943	-4.28348
944	-7.87357
945	-5.68334
946	-5.50683
947	-5.88333
948	-4.81408
949	-5.42872
950	-3.99239
951	-5.58023
952	-10.0268
953	-11.2481
954	-8.53531
955	-6.83658
956	-11.5207
957	-13.8631
958	-13.3464
959	-13.5594
960	-4.12068
961	-5.46928
962	-3.81461
963	-3.78452
964	-0.331161
965	0.151229
966	-3.69726
967	-2.2405
968	-2.05601
969	-2.11476
970	-2.4571
971	-4.00185
972	-7.05063
973	-2.349
974	-4.43416
975	-5.12872
976	-4.03774
977	-5.35243
978	-5.94816
979	-6.03784
980	-3.51532
981	-6.5436
982	-6.42133
983	-4.43746
984	-9.0227
985	-7.8285
986	-5.18093
987	-7.2202
988	-3.36489
989	-1.82182
990	-5.82441
991	-5.18397
992	-11.619
993	-11.4204
994	-7.53362
995	-9.12618
996	-9.17121
997	-11.5445
998	-12.332
999	-14.1788
1000	-4.00665
1001	-1.60146
1002	-0.151636
1003	-1.52594
1004	-1.47504
1005	0.987839
1006	0.468005
1007	1.91669
1008	-1.89424
1009	-2.60664
1010	-1.1477
1011	-2.18879
1012	0.767012
1013	-1.65844
1014	-3.2108
1015	-6.0029
1016	-1.8091
1017	-2.32715
1018	-3.79089
1019	-2.96848
1020	-1.67128
1021	-3.35441
1022	-4.75541
1023	-3.35418
1024	-5.56884
1025	-5.60953
1026	-7.12619
1027	-6.12297
1028	-5.53042
1029	-4.50795
1030	-2.30176
1031	-5.64858
1032	-11.9201
1033	-11.0499
1034	-9.24797
1035	-6.18952
1036	-10.424
1037	-12.445
1038	-14.1509
1039	-15.2696
1040	-1.78302
1041	-2.49477
1042	6.70084e-05
1043	-1.75954
1044	-5.30825
1045	-5.34194
1046	-1.08901
1047	-0.17874
1048	-2.69509
1049	-3.01669
1050	-2.61504
1051	-2.30646
1052	-2.84475
1053	-0.122926
1054	-1.40303
1055	0.519719
1056	-2.26511
1057	-5.11589
1058	-0.986275
1059	-3.67427
1060	-1.79285
1061	-4.71452
1062	-5.6544
1063	-4.16967
1064	-6.75359
1065	-6.15898
1066	-4.08063
1067	-6.76826
1068	-3.92694
1069	-5.2472
1070	-5.92086
1071	-4.5245
1072	-10.3949
1073	-9.36236
1074	-9.5034
1075	-6.7217
1076	-9.89102
1077	-8.79707
1078	-13.1326
1079	-11.8545
1080	1.75465
1081	0.255498
1082	-2.28058
1083	-1.65327
1084	2.20487
1085	-0.639082
1086	-3.07882
1087	-0.1907
1088	-3.55882
1089	-2.7524
1090	-2.86714
1091	-1.74636
1092	-0.727077
1093	0.377885
1094	-2.09344
1095	-1.54727
1096	-2.34764
1097	-3.69063
1098	-3.31538
1099	-5.68869
1100	-2.6049
1101	-4.65075
1102	-7.30958
1103	-3.74796
1104	-9.38333
1105	-7.7517
1106	-4.12242
1107	-6.99066
1108	-4.93825
1109	-3.40239
1110	-4.35359
1111	-7.03772
1112	-11.0053
1113	-10.4366
1114	-7.15396
1115	-7.63171
1116	-7.18696
1117	-10.2518
1118	-14.0762
1119	-12.9267
1120	0.992042
1121	1.01003
1122	2.62968
1123	-0.231943
1124	5.04931
1125	3.67888
1126	-0.594794
1127	-1.28128
1128	-3.36932
1129	-0.739027
1130	-2.92633
1131	-2.38305
1132	1.36269
1133	1.9318
1134	2.84916
1135	0.236608
1136	-0.74294
1137	-1.16113
1138	-2.33546
1139	-3.32429
1140	-2.71271
1141	-2.10796
1142	-1.1902
1143	-2.22981
1144	-3.55605
1145	-5.67867
1146	-5.2417
1147	-2.79327
1148	0.579935
1149	-2.34201
1150	-4.86998
1151	-4.69608
1152	-3.69632
1153	-7.43304
1154	-2.88298
1155	-1.26565
1156	-3.21226
1157	-5.75919
1158	1.98136
1159	0.18468
1160	0.891372
1161	1.28514
1162	-0.83372
1163	-1.39954
1164	1.06861
1165	-0.189106
1166	-1.00567
1167	-1.23286
1168	-1.51864
1169	-2.98038
1170	-1.50619
1171	-3.1858
1172	1.27344
1173	2.78737
1174	3.61337
1175	2.97764
1176	-1.37087
1177	-0.639796
1178	-0.792961
1179	-2.76376
1180	1.16454
1181	-2.90092
1182	-4.80711
1183	-3.59628
1184	-3.50769
1185	-5.34974
1186	-4.39317
1187	-4.22876
1188	-2.43134
1189	-1.1758
1190	1.75361
1191	-1.46292
1192	-2.50441
1193	-3.36808
1194	-5.32306
1195	-2.22545
1196	2.16511
1197	-0.639937
1198	-1.13811
1199	1.45474
1200	-1.22422
1201	0.20884
1202	-1.94018
1203	-0.0454729
1204	3.31378
1205	1.51835
1206	-1.1006
1207	-1.19671
1208	-1.24956
1209	-2.18247
1210	-3.61838
1211	-2.49953
1212	-1.33751
1213	1.48966
1214	1.14628
1215	0.18278
1216	-0.692418
1217	-1.22301
1218	-3.80211
1219	-3.41478
1220	-4.21085
1221	-7.78431
1222	-2.28788
1223	-2.44029
1224	-3.55776
1225	-5.75953
1226	-6.27933
1227	-3.86122
1228	-1.34047
1229	-0.770559
1230	-1.03309
1231	0.100563
1232	-4.35039
1233	-3.90142
1234	-0.509082
1235	-3.73396
1236	-1.44899
1237	0.0229205
1238	1.39608
1239	0.522192
1240	-1.78368
1241	-1.0774
1242	-0.438619
1243	-3.35137
1244	1.82585
1245	-0.320157
1246	0.486583
1247	-0.483617
1248	-3.42736
1249	-0.739845
1250	-2.27603
1251	-2.96166
1252	-0.25328
1253	1.76218
1254	-0.0234971
1255	-0.260729
1256	-0.94968
1257	-0.606452
1258	1.03441
1259	-2.36754
1260	-2.50554
1261	-3.11388
1262	-3.40358
1263	-7.81566
1264	-4.46832
1265	-6.17112
1266	-4.91949
1267	-5.4896
1268	-2.90943
1269	-1.88374
1270	-4.26347
1271	-3.12587
1272	-4.02004
1273	-3.33976
1274	-2.5323
1275	-3.60371
1276	-1.0669
1277	-2.61258
1278	-0.349182
1279	-0.571576
1280	-0.363056
1281	0.545995
1282	1.57784
1283	-2.9902
1284	3.20142
1285	3.26125
1286	2.17737
1287	1.81729
1288	-1.22897
1289	-1.8099
1290	-5.70684
1291	-2.08578
1292	2.00857
1293	2.6689
1294	-0.517096
1295	2.18026
1296	-0.517365
1297	-0.340652
1298	-5.376
1299	-4.45805
1300	1.70165
1301	1.52075
1302	-1.02382
1303	-0.704058
1304	-2.23332
1305	-0.0864151
1306	-2.07353
1307	-3.47171
1308	-3.99795
1309	-4.69082
1310	-3.49806
1311	-4.77611
1312	-5.27907
1313	-2.15082
1314	-4.78507
1315	-7.44282
1316	-1.74428
1317	-2.44974
1318	-0.703994
1319	-5.14327
1320	-3.65099
1321	-3.51674
1322	-4.56013
1323	-2.96022
1324	-0.868318
1325	-1.73754
1326	0.867204
1327	1.22589
1328	-2.31437
1329	-2.03411
1330	0.260283
1331	-2.0781
1332	1.61698
1333	1.1498
1334	0.120864
1335	-0.410818
1336	-5.8414
1337	-5.41465
1338	5.15602
1339	-4.16413
1340	-1.38827
1341	0.481101
1342	-0.0587595
1343	0.612166
1344	-3.91799
1345	-0.612907
1346	-2.03928
1347	-4.07393
1348	1.77108
1349	2.56729
1350	-0.206107
1351	0.75844
1352	-0.965499
1353	-3.31699
1354	-6.14654
1355	-6.27151
1356	-3.15144
1357	-2.37859
1358	-2.49888
1359	-3.63445
1360	-7.28574
1361	-7.27001
1362	-4.67096
1363	-4.46512
1364	-5.39162
1365	-4.40984
1366	-2.47194
1367	-1.35305
1368	-2.26479
1369	-3.49465
1370	-2.70629
1371	-3.67186
1372	-3.2334
1373	-2.456
1374	-0.520041
1375	-2.28312
1376	-0.4581
1377	-0.0438864
1378	0.369213
1379	-1.50294
1380	-0.390037
1381	0.483644
1382	-1.81274
1383	-2.85191
1384	-4.25438
1385	-3.35688
1386	-2.4765
1387	6.84226
1388	-1.96113
1389	-0.241752
1390	-1.11987
1391	0.0764282
1392	-1.0954
1393	-1.49013
1394	-3.02162
1395	-1.69891
1396	1.61836
1397	1.52349
1398	-0.507086
1399	0.667741
1400	-4.42986
1401	-6.24085
1402	-3.77505
1403	-1.19866
1404	-2.14653
1405	-7.29651
1406	-3.53703
1407	-3.85138
1408	-4.39953
1409	-4.48186
1410	-6.4549
1411	-6.42452
1412	-2.69417
1413	-2.61883
1414	-5.41963
1415	-7.32913
1416	-5.04028
1417	-4.99196
1418	-4.94308
1419	-4.37091
1420	-2.74478
1421	-3.09317
1422	-0.495105
1423	-0.618279
1424	-1.62194
1425	-0.0760965
1426	-3.21785
1427	-3.06805
1428	-0.064701
1429	0.838642
1430	-0.0382949
1431	-2.42298
1432	-3.13609
1433	-4.70541
1434	5.08266
1435	-10.6851
1436	-2.62657
1437	-0.324415
1438	-0.103515
1439	-0.574197
1440	-2.84968
1441	-1.59769
1442	-4.70195
1443	-5.00283
1444	0.893566
1445	0.635987
1446	-1.09244
1447	-0.991199
1448	-4.01223
1449	-2.72715
1450	-2.50128
1451	-4.43155
1452	-1.37137
1453	-4.50838
1454	-7.12253
1455	-4.50916
1456	-4.0611
1457	-3.11738
1458	-6.61632
1459	-7.51805
1460	-6.07957
1461	-3.89356
1462	-1.97753
1463	-3.05594
1464	-4.01822
1465	-5.55044
1466	-6.53681
1467	-7.1252
1468	-3.51378
1469	-2.26898
1470	2.32878
1471	-2.05218
1472	-1.20218
1473	0.488619
1474	0.98298
1475	1.26286
1476	-3.78192
1477	-2.66722
1478	-2.57732
1479	-2.43265
1480	-0.833534
1481	-0.640015
1482	0.213804
1483	0.736179
1484	-1.90935
1485	-3.02613
1486	-2.96386
1487	-4.5582
1488	2.1901
1489	2.55927
1490	-1.29634
1491	-0.960452
1492	-1.4661
1493	-0.581961
1494	6.26177
1495	-1.95148
1496	-0.972106
1497	-2.07814
1498	-5.21979
1499	-2.99411
1500	-9.257
1501	-7.52539
1502	-4.68007
1503	-4.14886
1504	-1.6299
1505	-0.592587
1506	-4.17978
1507	-2.73144
1508	-5.63337
1509	-4.93486
1510	-3.77897
1511	-5.88707
1512	-2.48576
1513	-1.87192
1514	-3.5641
1515	0.040873
1516	-3.36844
1517	-4.26981
1518	-7.75642
1519	-4.7272
1520	2.32242
1521	0.996415
1522	-0.319423
1523	-0.871925
1524	-8.45094
1525	-3.49669
1526	-1.79456
1527	-3.07317
1528	1.86108
1529	-0.0690276
1530	-0.776076
1531	0.208891
1532	-3.56287
1533	-1.18708
1534	-3.98842
1535	-2.47426
1536	1.53021
1537	2.0882
1538	2.47337
1539	0.618783
1540	1.68846
1541	-0.160087
1542	-3.86234
1543	6.5855
1544	-3.53243
1545	-1.68511
1546	-5.68325
1547	-3.82313
1548	-8.17596
1549	-6.04514
1550	-6.53962
1551	-1.37999
1552	-2.42306
1553	-3.12573
1554	-1.61252
1555	-1.34794
1556	-5.96978
1557	-4.93129
1558	-5.89941
1559	-4.25801
1560	-1.15642
1561	-1.72268
1562	-1.02004
1563	-0.942686
1564	-5.93935
1565	-4.31171
1566	-5.11756
1567	-6.21055
1568	1.19193
1569	1.52575
1570	0.820895
1571	1.46394
1572	-3.29243
1573	-2.42887
1574	-2.681
1575	-3.50707
1576	1.80671
1577	1.59155
1578	1.10918
1579	3.20898
1580	-1.48636
1581	-3.8017
1582	-3.06468
1583	-0.844257
1584	2.30033
1585	3.74519
1586	0.819023
1587	0.530286
1588	0.240309
1589	-2.97333
1590	6.7032
1591	-7.51909
1592	-1.31397
1593	-1.10903
1594	-5.20217
1595	-7.44395
1596	-8.58062
1597	-5.85419
1598	-5.54443
1599	-7.72697
1600	-2.55262
1601	-2.56867
1602	-1.22208
1603	-3.73953
1604	-5.61753
1605	-5.65838
1606	-7.2609
1607	-6.75193
1608	-0.995716
1609	-0.739685
1610	-2.20521
1611	0.119815
1612	-0.959001
1613	-5.45475
1614	-5.80319
1615	-5.02767
1616	1.40806
1617	0.298305
1618	-0.670701
1619	-0.182233
1620	-2.17566
1621	-7.13573
1622	-3.49188
1623	-2.36976
1624	0.101355
1625	0.512363
1626	-1.60441
1627	0.267359
1628	-4.46758
1629	-7.90779
1630	-1.91034
1631	-3.42846
1632	-1.72575
1633	-1.00298
1634	2.41947
1635	-0.9835
1636	-3.38083
1637	-3.52213
1638	-3.19643
1639	-4.23064
1640	3.43633
1641	0.81727
1642	-0.75569
1643	-1.85025
1644	-6.58342
1645	-4.91871
1646	-6.16144
1647	-9.3519
1648	-3.43211
1649	-2.9294
1650	-2.69582
1651	-1.46746
1652	-5.86155
1653	-0.95723
1654	-7.84825
1655	-6.06573
1656	0.0538315
1657	-1.24327
1658	-1.54299
1659	-2.39493
1660	-3.90001
1661	-4.0424
1662	-7.24275
1663	-6.55785
1664	0.14505
1665	-0.883279
1666	0.0404714
1667	-3.01545
1668	-3.75457
1669	-5.27338
1670	-3.48425
1671	-2.14736
1672	2.75353
1673	2.42748
1674	1.94893
1675	2.87827
1676	-2.15091
1677	-2.39014
1678	-3.44095
1679	-2.46264
1680	1.27206
1681	1.77413
1682	-0.696371
1683	-0.313514
1684	-1.1901
1685	-3.12994
1686	-3.92745
1687	-3.65214
1688	-12.0416
1689	2.71189
1690	-1.38932
1691	1.72362
1692	-6.73606
1693	-8.52261
1694	-7.47704
1695	-5.98736
1696	-0.579863
1697	-1.04181
1698	-2.677
1699	-1.34241
1700	-7.11802
1701	-6.53324
1702	-4.58402
1703	-6.69707
1704	0.689389
1705	-0.33829
1706	0.331818
1707	-1.86673
1708	-5.52178
1709	-3.14042
1710	-5.77335
1711	-5.52619
1712	3.20613
1713	1.40305
1714	1.19795
1715	-0.23818
1716	-5.01895
1717	-3.79715
1718	-1.69702
1719	-4.87149
1720	1.9585
1721	0.515108
1722	1.65087
1723	1.38753
1724	-5.09841
1725	-4.34026
1726	-3.48604
1727	-5.83721
1728	2.3106
1729	0.57966
1730	-0.673305
1731	-0.885966
1732	-3.32218
1733	-3.64098
1734	-1.10645
1735	-3.25121
1736	0.82718
1737	0.875487
1738	1.27394
1739	1.75631
1740	-7.09356
1741	-7.15769
1742	-7.96722
1743	-3.73093
1744	-2.37009
1745	-1.76158
1746	-3.54111
1747	-2.3724
1748	-6.36115
1749	-6.14739
1750	-5.65646
1751	-4.58824
1752	-2.14029
1753	-1.16345
1754	-3.20039
1755	-3.69515
1756	-6.27255
1757	-6.69355
1758	-5.87866
1759	-5.91953
1760	0.157453
1761	-0.0687388
1762	0.277533
1763	1.28484
1764	-4.18047
1765	-3.16612
1766	-1.43125
1767	-4.77273
1768	3.42478
1769	-0.012766
1770	1.37368
1771	-1.51482
1772	-3.59922
1773	-4.17241
1774	-3.93891
1775	-3.7365
1776	0.576416
1777	-2.23231
1778	-0.518702
1779	-2.86984
1780	-1.2719
1781	-3.17517
1782	-3.46564
1783	-2.74828
1784	2.2996
1785	0.076661
1786	3.49862
1787	1.30455
1788	-7.45598
1789	-7.99841
1790	-7.67113
1791	-4.60262
1792	-2.14652
1793	-0.598436
1794	-6.43204
1795	-3.07414
1796	-7.56192
1797	-5.67887
1798	-4.62441
1799	-7.19378
1800	-1.71104
1801	-1.20978
1802	-2.15264
1803	-1.60169
1804	-6.15884
1805	-5.61756
1806	-8.90032
1807	-7.01544
1808	1.88424
1809	-2.2506
1810	-0.483853
1811	0.335563
1812	-3.14161
1813	-3.9778
1814	-0.785791
1815	-3.55564
1816	-1.70721
1817	-2.75269
1818	-0.681929
1819	-3.35828
1820	-4.80305
1821	-5.48719
1822	-3.44488
1823	-4.61982
1824	-1.43921
1825	0.223119
1826	-1.52681
1827	-3.23765
1828	-4.89301
1829	-4.22787
1830	-6.30689
1831	-4.48108
1832	0.957641
1833	0.634678
1834	1.83425
1835	1.78542
1836	-8.21884
1837	-8.45736
1838	-4.76755
1839	-6.57302
1840	0.435763
1841	-4.39771
1842	-3.07552
1843	-2.73068
1844	-9.71726
1845	-9.5031
1846	-6.30329
1847	-6.37181
1848	-2.18394
1849	-0.588696
1850	-3.28974
1851	-1.71054
1852	-5.34179
1853	-5.2412
1854	-7.36901
1855	-4.92509
1856	-2.96034
1857	-4.66953
1858	-1.13792
1859	-1.69926
1860	-0.307852
1861	-1.03806
1862	-2.07215
1863	0.379686
1864	-2.20742
1865	-2.13134
1866	-3.51093
1867	-3.45873
1868	1.54679
1869	4.05354
1870	-1.8837
1871	-0.0612932
1872	-2.03445
1873	0.485142
1874	-5.68299
1875	-5.06154
1876	-2.91972
1877	-1.15627
1878	-3.74133
1879	-2.81189
1880	-2.22742
1881	1.72988
1882	0.0353872
1883	-3.56166
1884	-5.36575
1885	-1.88684
1886	-3.5869
1887	-2.99873
1888	-4.7431
1889	-2.72191
1890	-4.07381
1891	-5.78037
1892	-2.56447
1893	-1.40873
1894	1.02237
1895	0.997488
1896	-6.32481
1897	-4.73621
1898	-6.74924
1899	-6.58217
1900	-1.50598
1901	0.193184
1902	-4.96848
1903	2.41106
1904	-0.779136
1905	-0.465981
1906	-2.96026
1907	-3.14653
1908	0.554757
1909	-0.80295
1910	0.925415
1911	-0.879899
1912	-4.21975
1913	-0.918148
1914	-2.64199
1915	-2.58682
1916	-2.99745
1917	-2.60477
1918	-0.668118
1919	-3.07704
1920	-3.16386
1921	-1.64532
1922	-3.60564
1923	-4.37503
1924	-7.11862
1925	-5.96454
1926	-1.82638
1927	-5.15118
1928	-2.62237
1929	0.524651
1930	-1.9128
1931	-0.961321
1932	-5.31642
1933	-2.31771
1934	-1.26336
1935	-1.39378
1936	-4.30208
1937	-4.96247
1938	-6.21019
1939	-5.02945
1940	-0.983834
1941	-2.17747
1942	-1.26209
1943	-0.90659
1944	-7.06131
1945	-2.58183
1946	-4.95543
1947	-1.12381
1948	0.998328
1949	-1.69542
1950	-4.65607
1951	-0.347247
1952	-0.276395
1953	-2.38189
1954	-2.27754
1955	-1.8763
1956	0.213198
1957	1.72916
1958	-0.717176
1959	-0.729267
1960	-4.09458
1961	0.0376409
1962	-3.80394
1963	-1.58904
1964	1.63891
1965	-1.85496
1966	-0.329885
1967	-0.956397
1968	-1.21552
1969	-2.59392
1970	-3.20335
1971	-2.75953
1972	-3.00877
1973	0.575985
1974	-3.14444
1975	-2.06993
1976	-2.82223
1977	-4.4755
1978	-3.47315
1979	-4.78232
1980	-0.609229
1981	-1.90983
1982	-2.81304
1983	-2.72467
1984	-6.17639
1985	-4.95706
1986	-4.16828
1987	-3.60784
1988	-3.14608
1989	-4.40345
1990	-1.19026
1991	-1.73508
1992	-5.82304
1993	-6.08529
1994	-6.66737
1995	-2.94648
1996	-2.90138
1997	-2.78614
1998	-2.47249
1999	-2.60516
2000	-3.51137
2001	-3.75663
2002	-3.46489
2003	-2.61887
2004	-0.999362
2005	-0.298084
2006	-4.03117
2007	-3.07251
2008	-2.70954
2009	-3.60087
2010	-3.1951
2011	-2.57995
2012	-1.8107
2013	-3.43729
2014	-2.14808
2015	-1.1936
2016	-6.93512
2017	-3.21925
2018	-4.13224
2019	-6.2387
2020	-2.14852
2021	-0.295765
2022	-2.56199
2023	0.0834976
2024	-2.98022
2025	-5.62069
2026	-2.23196
2027	-4.37738
2028	-4.35389
2029	-4.81831
2030	-5.74134
2031	-5.87979
2032	-6.72702
2033	-9.01817
2034	-8.22603
2035	-7.91198
2036	-4.9553
2037	-3.10173
2038	-3.09079
2039	-1.86071
2040	-6.58932
2041	-5.00918
2042	-6.48549
2043	-6.23749
2044	-4.95847
2045	-0.825881
2046	-3.89627
2047	-3.14492
2048	-3.87772
2049	-4.5443
2050	-2.80301
2051	-2.4906
2052	0.190937
2053	-1.07859
2054	-0.350176
2055	-0.632199
2056	-1.19328
2057	-1.22902
2058	-1.38893
2059	-3.94911
2060	-4.43851
2061	-0.939325
2062	-0.747098
2063	-1.2969
2064	-3.18768
2065	-0.068472
2066	-2.36735
2067	-4.64748
2068	-0.393647
2069	-1.40835
2070	-0.729279
2071	0.540472
2072	0.400602
2073	-4.13713
2074	-2.69699
2075	-0.439177
2076	-5.87001
2077	-5.29047
2078	-1.21139
2079	-1.99925
2080	-5.31384
2081	-6.03004
2082	-8.15164
2083	-8.52895
2084	-5.39061
2085	-2.56794
2086	0.697707
2087	-1.14742
2088	-5.94939
2089	-6.69073
2090	-7.02394
2091	-4.74325
2092	-3.50319
2093	-3.08917
2094	-3.32491
2095	-2.3406
2096	-4.91249
2097	-4.5684
2098	-7.3255
2099	-3.4682
2100	0.476251
2101	-2.05121
2102	-1.32034
2103	-1.97729
2104	-1.04134
2105	-4.09848
2106	-5.01567
2107	-1.85073
2108	-1.96005
2109	-2.69704
2110	-1.61728
2111	-3.21001
2112	-4.91814
2113	1.26529
2114	-6.10553
2115	-7.52101
2116	-2.88605
2117	0.0267461
2118	-4.13376
2119	-2.73644
2120	-3.22184
2121	-4.46034
2122	-1.97647
2123	-6.14537
2124	-1.91293
2125	-2.39042
2126	-2.45783
2127	-1.84468
2128	-5.71757
2129	-6.64862
2130	-9.59323
2131	-6.61973
2132	-4.04612
2133	-2.27928
2134	-1.09684
2135	-2.836
2136	-7.71208
2137	-5.83679
2138	-7.73355
2139	-5.95757
2140	-3.22317
2141	-2.80518
2142	-6.05274
2143	-2.733
2144	-4.32203
2145	-0.993854
2146	-4.20046
2147	-4.22899
2148	-1.64397
2149	-1.27478
2150	-2.37442
2151	-2.95672
2152	-5.13852
2153	-3.59998
2154	-3.46546
2155	-3.20421
2156	-2.27913
2157	-0.757332
2158	-3.11748
2159	-3.19727
2160	-3.43634
2161	-5.61135
2162	-5.82856
2163	-6.61113
2164	-3.05571
2165	-2.58846
2166	1.47925
2167	-1.28151
2168	-7.85721
2169	-5.82055
2170	-4.31504
2171	-3.11075
2172	-4.95348
2173	-3.39442
2174	-3.09953
2175	-0.651281
2176	-8.15323
2177	-8.1201
2178	-5.91352
2179	-5.70253
2180	-1.94918
2181	-4.43731
2182	-4.19602
2183	-0.847141
2184	-6.20141
2185	-6.00727
2186	-7.72063
2187	-6.81418
2188	-4.36502
2189	-4.2815
2190	-1.15303
2191	-2.25952
2192	-4.14339
2193	-3.84754
2194	-2.58842
2195	-3.8512
2196	-3.52
2197	-1.88403
2198	5.54047
2199	6.74535
2200	-1.65338
2201	-5.09503
2202	-4.44331
2203	-5.20748
2204	-2.42783
2205	-1.15272
2206	-2.5456
2207	-1.89248
2208	-6.83487
2209	-6.65953
2210	-4.87507
2211	-3.72678
2212	-2.20154
2213	-2.19954
2214	-2.99857
2215	-1.23329
2216	-5.52962
2217	-5.92514
2218	-1.98635
2219	-2.91366
2220	-3.12862
2221	-7.14348
2222	-1.01039
2223	-1.10568
2224	-7.67229
2225	-9.89397
2226	-6.30727
2227	-8.76047
2228	-5.32543
2229	-5.96289
2230	-0.259529
2231	-4.01265
2232	-5.39365
2233	-3.02836
2234	-7.67462
2235	-7.69286
2236	-2.99288
2237	-3.99287
2238	-3.01639
2239	-4.14101
2240	0
2241	0
2242	0
2243	0
2244	0
2245	0
2246	0
2247	0
2248	0
2249	0
2250	0
2251	0
2252	0
2253	0
2254	0
2255	0
2256	0
2257	0
2258	0
2259	0
2260	0
2261	0
2262	0
2263	0
2264	0
2265	0
2266	0
2267	0
2268	0
2269	0
2270	0
2271	0
2272	0
2273	0
2274	0
2275	0
2276	0
2277	0
2278	0
2279	0
2280	0
2281	0
2282	0
2283	0
2284	0
2285	0
2286	0
2287	0
2288	0
2289	0
2290	0
2291	0
2292	0
2293	0
2294	0
2295	0
2296	0
2297	0
2298	0
2299	0
2300	0
2301	0
2302	0
2303	0
2304	0
2305	0
2306	0
2307	0
2308	0
2309	0
2310	0
2311	0
2312	0
2313	0
2314	0
2315	0
2316	0
2317	0
2318	0
2319	0
2320	0
2321	0
2322	0
2323	0
2324	0
2325	0
2326	0
2327	0
2328	0
2329	0
2330	0
2331	0
2332	0
2333	0
2334	0
2335	0
2336	0
2337	0
2338	0
2339	0
2340	0
2341	0
2342	0
2343	0
2344	0
2345	0
2346	0
2347	0
2348	0
2349	0
2350	0
2351	0
2352	0
2353	0
2354	0
2355	0
2356	0
2357	0
2358	0
2359	0
2360	29.7279
2361	24.4505
2362	30.2372
2363	30.3734
2364	26.9611
2365	30.1649
2366	27.341
2367	30.163
2368	30.5358
2369	28.4333
2370	25.8209
2371	24.8106
2372	25.8797
2373	25.3003
2374	31.4381
2375	31.4465
2376	32.527
2377	25.7156
2378	29.7192
2379	32.6845
2380	28.1788
2381	30.1835
2382	31.0353
2383	28.5677
2384	36.1304
2385	31.0888
2386	32.5709
2387	24.9134
2388	30.0656
2389	30.424
2390	27.9849
2391	29.9501
2392	34.3293
2393	35.5678
2394	31.5993
2395	35.979
2396	29.8095
2397	25.5832
2398	30.4853
2399	24.6638
2400	18.4237
2401	26.4608
2402	33.9509
2403	34.1911
2404	32.0149
2405	34.1474
2406	29.5861
2407	28.6134
2408	24.0829
2409	24.7416
2410	24.2328
2411	24.7187
2412	27.3263
2413	26.9533
2414	35.2095
2415	30.2745
2416	30.2802
2417	34.8397
2418	33.5033
2419	30.6112
2420	33.4326
2421	31.2378
2422	29.6076
2423	30.9044
2424	38.2697
2425	33.0844
2426	33.1301
2427	33.0666
2428	30.3826
2429	35.5443
2430	33.8534
2431	27.5301
2432	34.9275
2433	30.3562
2434	27.8508
2435	30.8343
2436	32.6038
2437	34.3339
2438	30.7245
2439	33.0103
2440	32.0208
2441	35.9984
2442	31.8448
2443	30.0222
2444	29.2959
2445	25.4287
2446	32.0638
2447	26.495
2448	31.1832
2449	34.6458
2450	24.1524
2451	35.3603
2452	32.4092
2453	34.2731
2454	28.8225
2455	0
2456	35.7716
2457	30.3481
2458	29.3577
2459	30.9294
2460	30.1476
2461	33.5634
2462	35.1204
2463	33.5153
2464	34.6181
2465	35.8681
2466	31.714
2467	27.7742
2468	28.8805
2469	34.2008
2470	27.5901
2471	27.4572
2472	32.2411
2473	35.7442
2474	35.5811
2475	31.8828
2476	31.7621
2477	31.7833
2478	34.8357
2479	31.172
2480	33.2855
2481	33.4951
2482	33.8836
2483	30.6712
2484	31.9504
2485	36.7377
2486	35.4436
2487	37.7752
2488	36.7437
2489	37.2383
2490	32.2538
2491	27.8246
2492	36.0667
2493	33.4756
2494	28.8227
2495	30.233
2496	33.5568
2497	31.6629
2498	38.2689
2499	36.0387
2500	36.8888
2501	36.7503
2502	33.1667
2503	34.5114
2504	34.2459
2505	32.4156
2506	28.2546
2507	34.4599
2508	33.0514
2509	38.144
2510	34.6111
2511	35.7027
2512	36.5194
2513	36.1457
2514	31.5721
2515	35.3896
2516	34.2402
2517	30.1092
2518	31.6096
2519	29.301
2520	33.3249
2521	31.3092
2522	35.738
2523	34.358
2524	38.4876
2525	35.8515
2526	31.9822
2527	33.6556
2528	33.4703
2529	29.915
2530	32.2911
2531	32.3115
2532	36.325
2533	33.5391
2534	36.646
2535	35.4355
2536	33.9399
2537	34.0974
2538	33.556
2539	25.225
2540	33.7882
2541	31.1939
2542	31.9313
2543	29.144
2544	25.8778
2545	27.8985
2546	29.2558
2547	33.8998
2548	31.5934
2549	34.0528
2550	26.8235
2551	36.8571
2552	31.5759
2553	30.0821
2554	30.2113
2555	26.5536
2556	29.5142
2557	30.3887
2558	31.6361
2559	32.8839
2560	30.6114
2561	30.3649
2562	31.6459
2563	35.7236
2564	28.7059
2565	27.9717
2566	27.9762
2567	28.7769
2568	30.5024
2569	31.2882
2570	29.7286
2571	29.1176
2572	27.4188
2573	29.5698
2574	27.2996
2575	29.8317
2576	29.4636
2577	26.6785
2578	33.5202
2579	29.1153
2580	31.5592
2581	24.3552
2582	29.3283
2583	24.89
2584	29.6586
2585	30.0974
2586	26.8316
2587	25.9909
2588	27.2705
2589	30.0281
2590	27.6404
2591	27.6606
2592	32.7781
2593	31.5481
2594	28.077
2595	30.7498
2596	0
2597	0
2598	0
2599	0
2600	0
2601	0
2602	0
2603	0
2604	0
2605	0
2606	0
2607	0
2608	0
2609	0
2610	0
2611	0
2612	0
2613	0
2614	0
2615	0
2616	0
2617	0
2618	0
2619	0
2620	0
2621	0
2622	0
2623	0
2624	0
2625	0
2626	0
2627	0
2628	0
2629	0
2630	0
2631	0
2632	0
2633	0
2634	0
2635	0
2636	0
2637	0
2638	0
2639	0
2640	0
2641	0
2642	0
2643	0
2644	0
2645	0
2646	0
2647	0
2648	0
2649	0
2650	0
2651	0
2652	0
2653	0
2654	0
2655	0
2656	0
2657	0
2658	0
2659	0
2660	0
2661	0
2662	0
2663	0
2664	0
2665	0
2666	0
2667	0
2668	0
2669	0
2670	0
2671	0
2672	0
2673	0
2674	0
2675	0
2676	0
2677	0
2678	0
2679	0
2680	0
2681	0
2682	0
2683	0
2684	0
2685	0
2686	0
2687	0
2688	0
2689	0
2690	0
2691	0
2692	0
2693	0
2694	0
2695	0
2696	0
2697	0
2698	0
2699	0
2700	0
2701	0
2702	0
2703	0
2704	0
2705	0
2706	0
2707	0
2708	0
2709	0
2710	0
2711	0
2712	0
2713	0
2714	0
2715	0
