0	-1.39321
1	-0.177752
2	-2.95222
3	-2.80127
4	-1.9467
5	-1.46436
6	-5.33156
7	-1.35828
8	-2.23573
9	-6.85366
10	-2.93504
11	-7.64514
12	-2.65991
13	-1.08144
14	-0.826212
15	-2.54387
16	0.784989
17	-3.15197
18	-3.93017
19	-1.48686
20	0.58875
21	-4.12283
22	-2.00388
23	-0.00570411
24	-4.29107
25	-5.0431
26	-3.75718
27	-5.33494
28	-3.12407
29	-5.74323
30	-3.56873
31	-3.44317
32	-10.369
33	-8.68924
34	-6.70241
35	-7.66431
36	-5.7997
37	-5.45894
38	-5.68872
39	-2.77275
40	-6.83518
41	-5.61099
42	-5.45995
43	-7.65083
44	-12.1316
45	-6.9315
46	-4.58656
47	-5.63239
48	1.69684
49	0.653013
50	-3.85622
51	-2.43841
52	1.51457
53	-1.53713
54	-0.0354638
55	-0.801872
56	-0.507244
57	-1.44865
58	-2.59802
59	0.495311
60	2.48698
61	-0.29738
62	0.506121
63	-1.83147
64	-1.55395
65	-1.74189
66	-1.5647
67	-1.14017
68	1.18486
69	-1.56638
70	-2.75716
71	-1.05364
72	-2.03126
73	-4.44887
74	-6.0246
75	-4.72793
76	-2.73051
77	-3.23942
78	-3.21247
79	-4.03083
80	-7.10727
81	-6.96888
82	-6.37856
83	-6.68291
84	-4.68938
85	-2.54382
86	-3.07471
87	-3.09545
88	-4.76867
89	-5.36609
90	-4.73841
91	-4.83084
92	-8.41485
93	-7.77727
94	-6.44327
95	-9.46001
96	6.16972
97	4.4877
98	-0.762624
99	-0.409989
100	1.42622
101	1.11083
102	0.581507
103	1.51266
104	-0.79499
105	-2.77539
106	1.09597
107	-0.662634
108	1.29245
109	1.08698
110	1.9786
111	2.03008
112	-2.79346
113	-2.77678
114	-3.13758
115	-0.926227
116	-1.60082
117	-1.74473
118	-3.33769
119	-1.08879
120	-5.24405
121	-4.57215
122	-6.2699
123	-4.6156
124	-1.89054
125	-3.50763
126	-3.77544
127	-1.84337
128	-6.05041
129	-3.19681
130	-4.78341
131	-3.12629
132	-0.926722
133	-3.11063
134	-0.745522
135	2.0376
136	-3.27605
137	-4.4082
138	-4.05904
139	-2.44134
140	-5.34844
141	-7.64641
142	-6.03299
143	-8.15289
144	2.64368
145	1.17998
146	-2.66754
147	-1.50358
148	0.716009
149	1.06761
150	1.21452
151	0.988511
152	-4.58784
153	-1.46436
154	-0.72221
155	0.650591
156	0.787409
157	3.52
158	1.42788
159	1.31026
160	1.6944
161	1.30699
162	-0.255872
163	-2.38513
164	-0.107571
165	-1.2891
166	-3.72916
167	-1.87206
168	-1.71075
169	-4.30406
170	-8.1553
171	-7.68276
172	-2.21941
173	-2.72042
174	-0.762478
175	-4.741
176	-2.86503
177	-4.77402
178	-1.96603
179	-4.01154
180	-0.707917
181	0.0299682
182	-3.26306
183	-2.06968
184	0.481235
185	-4.44021
186	-3.72696
187	0.523109
188	-6.74812
189	-3.21355
190	-5.98939
191	-8.93177
192	4.15664
193	3.96249
194	-1.57905
195	-0.915129
196	0.377287
197	0.321093
198	-0.785838
199	2.05689
200	-1.03574
201	0.829843
202	-0.711107
203	-3.48393
204	1.736
205	0.271691
206	0.135918
207	2.44251
208	0.450433
209	-0.838968
210	-20.8822
211	0.279438
212	0.233924
213	-1.31193
214	-4.32581
215	-3.15233
216	-4.37988
217	-4.68143
218	-2.4543
219	-4.905
220	-1.80679
221	-5.18469
222	-1.84128
223	-0.426613
224	-4.02429
225	-3.11755
226	-6.49442
227	-4.05059
228	-2.4785
229	-1.1872
230	-2.94517
231	-2.7165
232	-0.16411
233	-2.12926
234	-1.98116
235	0.657597
236	-6.31344
237	-5.17027
238	-8.25797
239	-10.5278
240	2.26852
241	4.70356
242	-0.405618
243	-1.43574
244	-0.854298
245	-1.96392
246	0.384468
247	-0.165737
248	1.91356
249	-0.691594
250	-0.293417
251	-0.212879
252	2.26155
253	1.27325
254	2.42955
255	-0.346739
256	0.244472
257	0.85208
258	-0.59103
259	-1.27796
260	0.801963
261	-2.45367
262	-5.81707
263	-4.00445
264	-3.1752
265	-2.85522
266	-4.01195
267	-7.51593
268	-0.475506
269	-1.38455
270	-2.52395
271	-1.55012
272	-4.63299
273	-2.50406
274	-0.457586
275	-1.62274
276	-0.779215
277	-1.98782
278	-0.675086
279	-0.961393
280	0.156519
281	0.593928
282	-0.459199
283	-0.150458
284	-4.58549
285	-0.4001
286	-9.12741
287	-6.81876
288	4.63864
289	3.4697
290	0.0664521
291	-0.17505
292	-0.99482
293	1.35251
294	-1.60032
295	3.51948
296	-0.653158
297	0.499044
298	-1.79219
299	-1.11813
300	0.792597
301	4.13458
302	2.31909
303	1.02065
304	1.29969
305	-0.236425
306	-3.19495
307	-0.534422
308	-5.7122
309	-10.0999
310	-7.55175
311	-8.80764
312	-3.60741
313	-3.62218
314	-3.55669
315	-3.41081
316	-1.74262
317	1.98273
318	-2.83182
319	-0.44301
320	-4.66593
321	-5.95264
322	-7.42845
323	-5.99962
324	-5.01808
325	-1.78557
326	-3.45366
327	-7.23748
328	-2.83056
329	-5.89271
330	-5.59834
331	-1.50585
332	-8.86303
333	-7.91898
334	-3.31739
335	-4.72627
336	5.42451
337	3.73544
338	0.732568
339	2.70275
340	2.84777
341	0.122681
342	2.61035
343	2.2386
344	-0.993016
345	-0.275277
346	1.30428
347	-0.332033
348	2.57383
349	0.129596
350	2.63995
351	1.60551
352	-1.00624
353	0.616053
354	1.86654
355	0.544262
356	-2.93333
357	-4.54459
358	-5.84789
359	-9.98935
360	-0.547173
361	-5.11069
362	-3.23799
363	-0.48328
364	-3.11199
365	-1.88078
366	-2.53312
367	-2.17784
368	-3.79411
369	-4.06228
370	-2.04275
371	-5.9232
372	0.47008
373	1.38833
374	-0.928082
375	3.67525
376	-1.32003
377	2.05196
378	-0.516139
379	-1.26698
380	-3.80553
381	-6.04015
382	-8.25551
383	-7.33779
384	-2.07249
385	-2.97867
386	4.35192
387	0.621707
388	-4.24427
389	-5.42839
390	-6.47364
391	-4.24754
392	1.52907
393	2.08336
394	-0.406403
395	0.812686
396	-5.84996
397	-3.90295
398	-5.48769
399	-2.54186
400	-0.582872
401	-1.34821
402	2.27056
403	-1.47143
404	-5.90426
405	-6.57483
406	-7.58675
407	-7.93908
408	0.943944
409	-3.13457
410	0.211405
411	-3.59098
412	-6.35412
413	-7.98781
414	-4.90332
415	-8.00302
416	-3.10837
417	-4.12885
418	-3.38038
419	-2.67412
420	-6.02242
421	-8.0183
422	-7.06911
423	-4.5074
424	-12.5955
425	-13.1926
426	-12.794
427	-12.9541
428	-10.7489
429	-9.10991
430	-14.556
431	-13.3502
432	-3.80581
433	-3.44596
434	1.20409
435	-1.21754
436	-3.56283
437	-7.23324
438	-2.69595
439	-5.72855
440	1.31938
441	0.231518
442	0.164118
443	1.81761
444	-0.718463
445	-3.84111
446	-3.03703
447	-4.37214
448	1.04537
449	-0.739299
450	2.33235
451	-2.49253
452	-0.700692
453	-7.03743
454	-8.62674
455	-7.92888
456	-1.01219
457	-1.66307
458	-3.4863
459	-3.39097
460	-6.37057
461	-5.89716
462	-5.09852
463	-8.55089
464	-3.28218
465	-3.18776
466	-5.81083
467	-3.99167
468	-5.20523
469	-4.96766
470	-7.33671
471	-5.00862
472	-11.876
473	-13.8683
474	-13.5047
475	-12.9592
476	-13.771
477	-13.0624
478	-13.4517
479	-13.0907
480	3.92653
481	1.16212
482	0.260343
483	2.05253
484	-6.08345
485	-4.32694
486	-4.40353
487	-4.62919
488	1.9737
489	2.38852
490	1.15124
491	-0.161351
492	-2.9725
493	-2.42385
494	-1.96267
495	-4.2587
496	0.68136
497	1.03785
498	-0.211545
499	0.04992
500	-1.11862
501	-7.12497
502	-7.11127
503	-6.56144
504	-0.998173
505	-0.890394
506	-4.18168
507	-1.47829
508	-6.195
509	-8.38381
510	-6.25627
511	-5.77823
512	-3.34356
513	-4.75139
514	0.252234
515	-3.68118
516	-4.97639
517	-6.31751
518	-6.75749
519	-5.89157
520	-11.896
521	-14.4623
522	-9.42615
523	-10.9335
524	-10.4137
525	-11.6975
526	-11.278
527	-8.93161
528	2.81611
529	1.83309
530	-1.94353
531	-1.88915
532	-3.16856
533	-2.04326
534	-3.78596
535	-5.7949
536	-1.45297
537	-1.26088
538	1.02434
539	-0.260569
540	-5.77354
541	-5.97249
542	-7.02818
543	-2.07634
544	3.2288
545	2.29303
546	-2.67974
547	-0.430974
548	-5.54448
549	-7.52649
550	-9.05898
551	-9.71081
552	-0.544492
553	1.39977
554	-0.514047
555	0.879013
556	-5.56917
557	-5.6268
558	-5.06608
559	-5.40556
560	-3.7751
561	-0.70934
562	-2.24619
563	-0.13304
564	-6.45811
565	-4.06263
566	-6.52326
567	-5.51202
568	-11.372
569	-11.8624
570	-10.5427
571	-10.8388
572	-6.68953
573	-6.7495
574	-11.3009
575	-11.8272
576	0.402444
577	0.375172
578	2.29427
579	2.13159
580	-3.26302
581	-2.4556
582	-2.19466
583	-1.53917
584	2.19897
585	1.17267
586	1.99071
587	0.676478
588	-5.93694
589	-4.45583
590	-0.630814
591	-3.14102
592	2.34406
593	-1.93355
594	0.800676
595	0.815677
596	-3.95462
597	-6.95295
598	-5.74012
599	-6.23055
600	1.1367
601	-0.820644
602	-0.0535327
603	1.03668
604	-6.60251
605	-3.92514
606	-4.88513
607	-5.53282
608	-2.42468
609	-4.18945
610	-1.79601
611	-1.2615
612	-5.19149
613	-6.20584
614	-5.83102
615	-5.43876
616	-10.9568
617	-11.9945
618	-10.1912
619	-9.34306
620	-11.0751
621	-9.43482
622	-13.3468
623	-11.7477
624	2.35519
625	2.66044
626	3.94174
627	1.99655
628	-1.72199
629	-0.344182
630	-1.56612
631	-4.59178
632	2.71018
633	4.02791
634	0.36971
635	0.518825
636	-2.3955
637	0.00394996
638	-2.01508
639	-0.0928382
640	2.35832
641	1.50287
642	1.81368
643	1.73149
644	-0.765995
645	-5.41808
646	-4.58682
647	1.88396
648	-9.61523
649	-8.80385
650	-10.8402
651	-11.6478
652	-6.14034
653	-8.34659
654	-5.10826
655	-5.38932
656	-2.88065
657	-2.51817
658	-2.48346
659	-3.96164
660	-6.866
661	-4.98101
662	-6.39511
663	-5.17875
664	-10.6583
665	-8.28097
666	-9.43467
667	-9.80449
668	-9.90893
669	-10.2873
670	-8.32863
671	-7.87143
672	3.19391
673	1.53735
674	1.26606
675	1.35435
676	-1.51736
677	-3.84363
678	-2.13582
679	-4.39939
680	2.12736
681	3.88673
682	4.44045
683	2.8795
684	-4.94104
685	-5.52538
686	-3.27197
687	-6.19709
688	2.95724
689	-1.6403
690	0.405191
691	1.24674
692	0.0586415
693	-2.74207
694	3.24941
695	-6.86646
696	-8.44207
697	-9.22635
698	-10.1871
699	-8.67776
700	-6.6957
701	-4.34158
702	-6.58284
703	-4.68711
704	-2.58931
705	-3.94961
706	0.288655
707	-1.45407
708	-6.57217
709	-4.26313
710	-3.81963
711	-6.28496
712	-11.8592
713	-8.22678
714	-10.6672
715	-11.7078
716	-8.49511
717	-8.24628
718	-11.2463
719	-10.9923
720	-3.66599
721	-4.34172
722	1.12519
723	2.65612
724	-2.61295
725	-3.18877
726	-3.89193
727	-2.77057
728	2.98757
729	1.62172
730	0.13871
731	2.8012
732	-5.25369
733	-7.13961
734	-5.72745
735	-4.35628
736	1.06642
737	0.845317
738	-2.46796
739	-2.86127
740	-1.99216
741	-2.0504
742	-4.59653
743	3.55864
744	-7.29889
745	-6.54253
746	-10.1227
747	-7.97363
748	-3.30711
749	-3.96479
750	-6.23607
751	-3.79999
752	-3.14381
753	-2.95276
754	-5.0888
755	-1.2168
756	-7.25569
757	-5.7613
758	-10.2086
759	-9.43849
760	-11.9119
761	-8.61228
762	-10.0007
763	-10.9842
764	-7.17556
765	-10.2366
766	-7.51646
767	-10.6544
768	-3.12122
769	-4.99148
770	-3.24708
771	-4.29541
772	-2.40098
773	-0.868432
774	-3.29375
775	-0.66284
776	-4.93532
777	-3.22985
778	-6.12249
779	-4.05249
780	-3.98159
781	-1.29435
782	-4.77309
783	-6.18955
784	-4.86322
785	-6.27492
786	-3.05721
787	-2.82434
788	-1.17077
789	-3.39086
790	-3.142
791	-4.47461
792	-8.84949
793	-8.52161
794	-9.01651
795	-10.8438
796	-5.32234
797	-4.40523
798	-8.39712
799	-6.20775
800	-8.08476
801	-8.48831
802	-9.38507
803	-8.09279
804	-9.61132
805	-9.15666
806	-7.11112
807	-5.08451
808	-13.8513
809	-12.2581
810	-9.41089
811	-9.00428
812	-13.4367
813	-14.2901
814	-18.1177
815	-13.3697
816	-5.53336
817	-3.03448
818	-5.79713
819	-4.22197
820	-1.57183
821	-1.60335
822	-1.46504
823	-1.72861
824	-6.45224
825	-4.77189
826	-4.98412
827	-7.10975
828	-2.43668
829	-3.69977
830	-3.76679
831	-4.11379
832	-1.00818
833	-6.77994
834	-3.80965
835	-5.30668
836	-2.89824
837	-3.65402
838	-5.359
839	-3.98897
840	-6.45276
841	-6.99463
842	-10.7651
843	-8.14499
844	-5.09689
845	-4.17341
846	-6.04232
847	-8.279
848	-7.9849
849	-7.55705
850	-7.85732
851	-6.83839
852	-2.11321
853	-7.7883
854	-6.86033
855	-5.28472
856	-12.422
857	-11.7357
858	-8.66664
859	-10.0713
860	-22.2824
861	-15.6147
862	-15.4218
863	-13.4013
864	-4.02991
865	-4.19715
866	-3.90909
867	-2.58497
868	-2.36139
869	-4.1551
870	-1.36291
871	-1.72527
872	-5.1285
873	-6.43633
874	-5.43326
875	-5.48832
876	-7.05084
877	-2.09334
878	-5.90726
879	-5.69824
880	-4.134
881	-7.58893
882	-1.9703
883	-5.65235
884	-3.90797
885	-5.4883
886	-5.36478
887	-2.62891
888	-6.20615
889	-7.4014
890	-12.2341
891	-11.0016
892	-6.26226
893	-7.47057
894	-5.51563
895	-10.2862
896	-8.98501
897	-8.82923
898	-8.48414
899	-6.49153
900	-4.99628
901	-5.93663
902	-5.27523
903	-5.45459
904	-12.2698
905	-12.3798
906	-9.73702
907	-9.56056
908	-11.3423
909	-12.5372
910	-16.216
911	-15.1337
912	-3.02194
913	-2.77661
914	-5.16841
915	-3.05826
916	-0.639545
917	-2.1333
918	-1.53828
919	-1.04394
920	-5.08316
921	-4.00034
922	-2.53834
923	-0.917031
924	-0.595895
925	-1.46474
926	-0.889724
927	-0.930154
928	0.276401
929	-2.80211
930	-3.47988
931	-7.10883
932	-4.16117
933	-3.603
934	-2.446
935	-4.80976
936	-6.77825
937	-5.43713
938	-8.93803
939	-9.11713
940	-5.50344
941	-5.46699
942	-6.97156
943	-4.28205
944	-7.87363
945	-5.68334
946	-5.50567
947	-5.88359
948	-4.81424
949	-5.42788
950	-3.99219
951	-5.57944
952	-10.027
953	-11.2484
954	-8.53397
955	-6.83814
956	-11.5201
957	-13.8634
958	-13.3473
959	-13.5623
960	-4.11999
961	-5.46923
962	-3.81504
963	-3.78432
964	-0.327085
965	0.149567
966	-3.69771
967	-2.23946
968	-2.05546
969	-2.11573
970	-2.45667
971	-4.00214
972	-7.05144
973	-2.35007
974	-4.43651
975	-5.12995
976	-4.03928
977	-5.35216
978	-5.94706
979	-6.03812
980	-3.51527
981	-6.5435
982	-6.41988
983	-4.43572
984	-9.02267
985	-7.82802
986	-5.18199
987	-7.21971
988	-3.365
989	-1.82013
990	-5.82462
991	-5.18525
992	-11.6186
993	-11.4188
994	-7.53299
995	-9.12598
996	-9.17027
997	-11.5448
998	-12.3315
999	-14.1735
1000	-4.00883
1001	-1.60068
1002	-0.150826
1003	-1.52643
1004	-1.47543
1005	0.986017
1006	0.469189
1007	1.91598
1008	-1.8934
1009	-2.60654
1010	-1.14756
1011	-2.18885
1012	0.767047
1013	-1.65849
1014	-3.21223
1015	-6.00247
1016	-1.80977
1017	-2.3276
1018	-3.78982
1019	-2.96826
1020	-1.67048
1021	-3.35389
1022	-4.75465
1023	-3.35453
1024	-5.56869
1025	-5.60839
1026	-7.12596
1027	-6.12382
1028	-5.53346
1029	-4.50637
1030	-2.30199
1031	-5.64907
1032	-11.9203
1033	-11.0508
1034	-9.24703
1035	-6.18656
1036	-10.4227
1037	-12.4446
1038	-14.1509
1039	-15.269
1040	-1.78349
1041	-2.49383
1042	-0.000585136
1043	-1.75927
1044	-5.30997
1045	-5.34147
1046	-1.08856
1047	-0.179447
1048	-2.69401
1049	-3.01565
1050	-2.61442
1051	-2.30647
1052	-2.84502
1053	-0.123208
1054	-1.4038
1055	0.519486
1056	-2.26507
1057	-5.11606
1058	-0.98612
1059	-3.67592
1060	-1.79219
1061	-4.71445
1062	-5.65259
1063	-4.16912
1064	-6.75313
1065	-6.15718
1066	-4.08043
1067	-6.76875
1068	-3.92544
1069	-5.24624
1070	-5.92069
1071	-4.52534
1072	-10.3952
1073	-9.36041
1074	-9.50154
1075	-6.72173
1076	-9.89012
1077	-8.79843
1078	-13.1336
1079	-11.8544
1080	1.75436
1081	0.253867
1082	-2.27977
1083	-1.65349
1084	2.20335
1085	-0.637995
1086	-3.08123
1087	-0.192377
1088	-3.55934
1089	-2.75068
1090	-2.86777
1091	-1.74743
1092	-0.72731
1093	0.377039
1094	-2.09365
1095	-1.54697
1096	-2.34795
1097	-3.68996
1098	-3.31605
1099	-5.68952
1100	-2.60481
1101	-4.64929
1102	-7.30994
1103	-3.74634
1104	-9.38348
1105	-7.75179
1106	-4.12267
1107	-6.99064
1108	-4.93707
1109	-3.40173
1110	-4.3527
1111	-7.03737
1112	-11.0034
1113	-10.4368
1114	-7.15253
1115	-7.63141
1116	-7.1886
1117	-10.2517
1118	-14.0763
1119	-12.927
1120	0.992438
1121	1.00986
1122	2.62981
1123	-0.229817
1124	5.04888
1125	3.67786
1126	-0.595088
1127	-1.28078
1128	-3.37003
1129	-0.740144
1130	-2.92667
1131	-2.38404
1132	1.36264
1133	1.93163
1134	2.84928
1135	0.235137
1136	-0.743431
1137	-1.16079
1138	-2.3357
1139	-3.32429
1140	-2.71218
1141	-2.10826
1142	-1.19002
1143	-2.22693
1144	-3.55548
1145	-5.6787
1146	-5.24213
1147	-2.79302
1148	0.579803
1149	-2.34189
1150	-4.86972
1151	-4.69585
1152	-3.69561
1153	-7.43191
1154	-2.88269
1155	-1.26608
1156	-3.21077
1157	-5.75934
1158	1.98115
1159	0.183911
1160	0.891851
1161	1.28557
1162	-0.834014
1163	-1.40093
1164	1.06845
1165	-0.189445
1166	-1.00656
1167	-1.23317
1168	-1.51961
1169	-2.98191
1170	-1.50768
1171	-3.18731
1172	1.2739
1173	2.78714
1174	3.61338
1175	2.97774
1176	-1.37195
1177	-0.639593
1178	-0.793596
1179	-2.76469
1180	1.16466
1181	-2.89962
1182	-4.80705
1183	-3.59596
1184	-3.50648
1185	-5.34934
1186	-4.39262
1187	-4.22681
1188	-2.43139
1189	-1.1756
1190	1.75404
1191	-1.46259
1192	-2.50462
1193	-3.36796
1194	-5.32273
1195	-2.22614
1196	2.16615
1197	-0.637097
1198	-1.13854
1199	1.45301
1200	-1.22592
1201	0.210455
1202	-1.94207
1203	-0.0454557
1204	3.31015
1205	1.5184
1206	-1.10086
1207	-1.19672
1208	-1.25074
1209	-2.18241
1210	-3.61821
1211	-2.50034
1212	-1.33795
1213	1.48766
1214	1.14614
1215	0.182283
1216	-0.692804
1217	-1.22368
1218	-3.80298
1219	-3.41581
1220	-4.2105
1221	-7.78305
1222	-2.28777
1223	-2.43979
1224	-3.55642
1225	-5.76042
1226	-6.27906
1227	-3.86037
1228	-1.34157
1229	-0.770239
1230	-1.03368
1231	0.101498
1232	-4.35055
1233	-3.90069
1234	-0.509568
1235	-3.73192
1236	-1.44906
1237	0.0241278
1238	1.40491
1239	0.525124
1240	-1.78701
1241	-1.07737
1242	-0.439675
1243	-3.3515
1244	1.82374
1245	-0.319686
1246	0.485375
1247	-0.480441
1248	-3.42691
1249	-0.740652
1250	-2.27697
1251	-2.96329
1252	-0.253107
1253	1.76173
1254	-0.0235773
1255	-0.26098
1256	-0.949785
1257	-0.608315
1258	1.03396
1259	-2.36775
1260	-2.50641
1261	-3.11315
1262	-3.40384
1263	-7.81416
1264	-4.46674
1265	-6.17116
1266	-4.91954
1267	-5.49153
1268	-2.90926
1269	-1.88258
1270	-4.26366
1271	-3.12567
1272	-4.01876
1273	-3.34176
1274	-2.53197
1275	-3.60362
1276	-1.06436
1277	-2.61245
1278	-0.349889
1279	-0.570354
1280	-0.367107
1281	0.545773
1282	1.57646
1283	-2.99196
1284	3.20129
1285	3.26045
1286	2.17711
1287	1.817
1288	-1.22956
1289	-1.8098
1290	-5.70653
1291	-2.08524
1292	2.00787
1293	2.66853
1294	-0.51826
1295	2.17883
1296	-0.517784
1297	-0.341529
1298	-5.37687
1299	-4.45828
1300	1.70144
1301	1.52008
1302	-1.02488
1303	-0.703818
1304	-2.23341
1305	-0.0866557
1306	-2.07302
1307	-3.47143
1308	-3.99892
1309	-4.69059
1310	-3.49832
1311	-4.77604
1312	-5.27706
1313	-2.15033
1314	-4.78469
1315	-7.44222
1316	-1.74411
1317	-2.44933
1318	-0.704363
1319	-5.1432
1320	-3.65206
1321	-3.51288
1322	-4.56044
1323	-2.95965
1324	-0.868848
1325	-1.73541
1326	0.867102
1327	1.22593
1328	-2.31382
1329	-2.03102
1330	0.26005
1331	-2.08114
1332	1.61681
1333	1.14988
1334	0.120212
1335	-0.412775
1336	-5.84173
1337	-5.41383
1338	5.15582
1339	-4.16567
1340	-1.38739
1341	0.479318
1342	-0.0600954
1343	0.611917
1344	-3.91779
1345	-0.613695
1346	-2.0395
1347	-4.07429
1348	1.76804
1349	2.56729
1350	-0.20611
1351	0.757595
1352	-0.965687
1353	-3.31708
1354	-6.14676
1355	-6.27197
1356	-3.15184
1357	-2.37863
1358	-2.49733
1359	-3.63427
1360	-7.28599
1361	-7.2685
1362	-4.67041
1363	-4.4654
1364	-5.3908
1365	-4.41139
1366	-2.47161
1367	-1.35254
1368	-2.2647
1369	-3.49488
1370	-2.70519
1371	-3.673
1372	-3.23195
1373	-2.45587
1374	-0.520864
1375	-2.28577
1376	-0.45526
1377	-0.0438557
1378	0.364902
1379	-1.50241
1380	-0.39003
1381	0.481065
1382	-1.81155
1383	-2.84986
1384	-4.2544
1385	-3.357
1386	-2.47598
1387	6.84065
1388	-1.96111
1389	-0.242606
1390	-1.12054
1391	0.0751996
1392	-1.09472
1393	-1.49231
1394	-3.02215
1395	-1.6991
1396	1.61758
1397	1.52383
1398	-0.507126
1399	0.667437
1400	-4.43027
1401	-6.23993
1402	-3.77523
1403	-1.1989
1404	-2.14675
1405	-7.29546
1406	-3.53503
1407	-3.85032
1408	-4.39897
1409	-4.48007
1410	-6.45429
1411	-6.42432
1412	-2.69377
1413	-2.62049
1414	-5.42183
1415	-7.32935
1416	-5.04187
1417	-4.99186
1418	-4.94127
1419	-4.36696
1420	-2.74415
1421	-3.08877
1422	-0.495864
1423	-0.621153
1424	-1.62267
1425	-0.0758939
1426	-3.21572
1427	-3.0677
1428	-0.0668857
1429	0.838845
1430	-0.0385665
1431	-2.42426
1432	-3.13839
1433	-4.70659
1434	5.08286
1435	-10.6854
1436	-2.62623
1437	-0.326961
1438	-0.103709
1439	-0.575071
1440	-2.84917
1441	-1.59852
1442	-4.70222
1443	-5.0039
1444	0.89364
1445	0.635554
1446	-1.09258
1447	-0.990648
1448	-4.01338
1449	-2.72861
1450	-2.50102
1451	-4.43147
1452	-1.37213
1453	-4.50732
1454	-7.12298
1455	-4.50861
1456	-4.06075
1457	-3.11629
1458	-6.61612
1459	-7.5184
1460	-6.08015
1461	-3.89346
1462	-1.97676
1463	-3.05247
1464	-4.01954
1465	-5.54945
1466	-6.53765
1467	-7.12569
1468	-3.51556
1469	-2.26827
1470	2.32988
1471	-2.05152
1472	-1.20152
1473	0.493787
1474	0.982811
1475	1.26239
1476	-3.78166
1477	-2.66625
1478	-2.57463
1479	-2.43421
1480	-0.833331
1481	-0.641914
1482	0.213596
1483	0.732463
1484	-1.90991
1485	-3.02559
1486	-2.96543
1487	-4.55782
1488	2.19046
1489	2.55981
1490	-1.29689
1491	-0.960391
1492	-1.46628
1493	-0.582022
1494	6.26247
1495	-1.95388
1496	-0.972795
1497	-2.07766
1498	-5.22002
1499	-2.99495
1500	-9.2611
1501	-7.52551
1502	-4.67966
1503	-4.14778
1504	-1.6297
1505	-0.593561
1506	-4.17903
1507	-2.73241
1508	-5.63276
1509	-4.93254
1510	-3.77851
1511	-5.88959
1512	-2.48594
1513	-1.87154
1514	-3.56484
1515	0.0416934
1516	-3.37052
1517	-4.26926
1518	-7.75507
1519	-4.72827
1520	2.32316
1521	0.996618
1522	-0.322511
1523	-0.870006
1524	-8.44763
1525	-3.49614
1526	-1.7945
1527	-3.0726
1528	1.86484
1529	-0.0678914
1530	-0.776169
1531	0.208505
1532	-3.5637
1533	-1.18685
1534	-3.98957
1535	-2.47361
1536	1.52973
1537	2.08623
1538	2.47281
1539	0.617268
1540	1.6881
1541	-0.160056
1542	-3.86232
1543	6.58608
1544	-3.5324
1545	-1.68594
1546	-5.6831
1547	-3.8235
1548	-8.17491
1549	-6.04481
1550	-6.53996
1551	-1.38204
1552	-2.42308
1553	-3.12029
1554	-1.61274
1555	-1.34767
1556	-5.96822
1557	-4.9324
1558	-5.8995
1559	-4.25798
1560	-1.1575
1561	-1.7245
1562	-1.01854
1563	-0.940297
1564	-5.94479
1565	-4.3116
1566	-5.11204
1567	-6.21098
1568	1.19259
1569	1.52566
1570	0.820772
1571	1.46351
1572	-3.29379
1573	-2.42985
1574	-2.68106
1575	-3.50827
1576	1.80686
1577	1.59179
1578	1.10779
1579	3.20972
1580	-1.48638
1581	-3.80279
1582	-3.06518
1583	-0.843849
1584	2.30111
1585	3.74347
1586	0.818694
1587	0.528974
1588	0.241053
1589	-2.97447
1590	6.70326
1591	-7.51954
1592	-1.31612
1593	-1.10892
1594	-5.20203
1595	-7.44467
1596	-8.58095
1597	-5.8555
1598	-5.54389
1599	-7.72769
1600	-2.55472
1601	-2.5672
1602	-1.22221
1603	-3.7392
1604	-5.61665
1605	-5.6591
1606	-7.2598
1607	-6.75103
1608	-0.996411
1609	-0.74038
1610	-2.20481
1611	0.120884
1612	-0.96124
1613	-5.45427
1614	-5.80494
1615	-5.02825
1616	1.40913
1617	0.291093
1618	-0.669553
1619	-0.179504
1620	-2.17595
1621	-7.13566
1622	-3.49049
1623	-2.3692
1624	0.101509
1625	0.51057
1626	-1.60445
1627	0.267598
1628	-4.46771
1629	-7.9083
1630	-1.90988
1631	-3.42878
1632	-1.72523
1633	-1.00403
1634	2.41861
1635	-0.985141
1636	-3.3808
1637	-3.51946
1638	-3.19754
1639	-4.23161
1640	3.43653
1641	0.817188
1642	-0.75816
1643	-1.85102
1644	-6.58322
1645	-4.9202
1646	-6.16245
1647	-9.35264
1648	-3.43409
1649	-2.93076
1650	-2.69849
1651	-1.46777
1652	-5.86157
1653	-0.957116
1654	-7.84927
1655	-6.06535
1656	0.0556535
1657	-1.24257
1658	-1.54326
1659	-2.39575
1660	-3.90265
1661	-4.0407
1662	-7.25094
1663	-6.55739
1664	0.144313
1665	-0.883653
1666	0.041347
1667	-3.01467
1668	-3.75467
1669	-5.27331
1670	-3.48494
1671	-2.15511
1672	2.75353
1673	2.42833
1674	1.94878
1675	2.87857
1676	-2.15055
1677	-2.39053
1678	-3.44158
1679	-2.4623
1680	1.26839
1681	1.77418
1682	-0.696087
1683	-0.313562
1684	-1.19109
1685	-3.13109
1686	-3.92719
1687	-3.65234
1688	-12.0421
1689	2.71187
1690	-1.3899
1691	1.72099
1692	-6.73704
1693	-8.52423
1694	-7.47797
1695	-5.98642
1696	-0.581289
1697	-1.0428
1698	-2.67768
1699	-1.34226
1700	-7.12015
1701	-6.53393
1702	-4.5849
1703	-6.69734
1704	0.688593
1705	-0.338156
1706	0.327213
1707	-1.86505
1708	-5.52677
1709	-3.13976
1710	-5.7759
1711	-5.52335
1712	3.20539
1713	1.39674
1714	1.19806
1715	-0.235212
1716	-5.01912
1717	-3.79695
1718	-1.69323
1719	-4.873
1720	1.95969
1721	0.514697
1722	1.64914
1723	1.38734
1724	-5.10128
1725	-4.33572
1726	-3.48674
1727	-5.83691
1728	2.31013
1729	0.579759
1730	-0.67529
1731	-0.885793
1732	-3.32182
1733	-3.64022
1734	-1.10663
1735	-3.25184
1736	0.826916
1737	0.877141
1738	1.27473
1739	1.75635
1740	-7.09333
1741	-7.15891
1742	-7.96702
1743	-3.72925
1744	-2.36963
1745	-1.76138
1746	-3.53951
1747	-2.37071
1748	-6.36119
1749	-6.14764
1750	-5.65643
1751	-4.58982
1752	-2.141
1753	-1.16231
1754	-3.19531
1755	-3.69619
1756	-6.27471
1757	-6.69398
1758	-5.878
1759	-5.92574
1760	0.159107
1761	-0.067929
1762	0.276337
1763	1.27985
1764	-4.18009
1765	-3.16592
1766	-1.43266
1767	-4.77305
1768	3.42478
1769	-0.0147771
1770	1.3733
1771	-1.51551
1772	-3.60036
1773	-4.17217
1774	-3.94117
1775	-3.73486
1776	0.576583
1777	-2.23286
1778	-0.51771
1779	-2.869
1780	-1.27248
1781	-3.17617
1782	-3.46561
1783	-2.74805
1784	2.29936
1785	0.07712
1786	3.49837
1787	1.30449
1788	-7.45601
1789	-7.99757
1790	-7.67301
1791	-4.60174
1792	-2.14685
1793	-0.598481
1794	-6.43116
1795	-3.07086
1796	-7.56521
1797	-5.67981
1798	-4.62484
1799	-7.19312
1800	-1.71169
1801	-1.2088
1802	-2.15138
1803	-1.60047
1804	-6.15724
1805	-5.61876
1806	-8.89892
1807	-7.01621
1808	1.88428
1809	-2.25383
1810	-0.485106
1811	0.334161
1812	-3.14194
1813	-3.97809
1814	-0.785433
1815	-3.55557
1816	-1.70624
1817	-2.75107
1818	-0.680003
1819	-3.35817
1820	-4.803
1821	-5.48615
1822	-3.44635
1823	-4.61958
1824	-1.43891
1825	0.223076
1826	-1.52592
1827	-3.23959
1828	-4.89222
1829	-4.22781
1830	-6.30655
1831	-4.48119
1832	0.957272
1833	0.634726
1834	1.83441
1835	1.78502
1836	-8.2191
1837	-8.45753
1838	-4.76698
1839	-6.57398
1840	0.43588
1841	-4.3944
1842	-3.07573
1843	-2.73006
1844	-9.71848
1845	-9.50535
1846	-6.3017
1847	-6.37204
1848	-2.18331
1849	-0.591779
1850	-3.29052
1851	-1.70858
1852	-5.34531
1853	-5.24241
1854	-7.3678
1855	-4.92359
1856	-2.96161
1857	-4.6674
1858	-1.14188
1859	-1.70296
1860	-0.308579
1861	-1.03664
1862	-2.07187
1863	0.379949
1864	-2.20761
1865	-2.13331
1866	-3.51231
1867	-3.45938
1868	1.54223
1869	4.05289
1870	-1.88452
1871	-0.0600499
1872	-2.03482
1873	0.484603
1874	-5.68342
1875	-5.06291
1876	-2.91929
1877	-1.15646
1878	-3.7435
1879	-2.81162
1880	-2.22924
1881	1.73124
1882	0.0334168
1883	-3.5606
1884	-5.36567
1885	-1.88731
1886	-3.58701
1887	-2.99881
1888	-4.74285
1889	-2.72139
1890	-4.0706
1891	-5.77998
1892	-2.56521
1893	-1.40822
1894	1.02191
1895	0.996543
1896	-6.3254
1897	-4.73577
1898	-6.74711
1899	-6.58242
1900	-1.50756
1901	0.19279
1902	-4.9694
1903	2.41319
1904	-0.780442
1905	-0.472726
1906	-2.96051
1907	-3.14603
1908	0.555259
1909	-0.806088
1910	0.926197
1911	-0.877773
1912	-4.21915
1913	-0.918609
1914	-2.64206
1915	-2.58821
1916	-2.99688
1917	-2.60139
1918	-0.66952
1919	-3.0787
1920	-3.16624
1921	-1.64524
1922	-3.60518
1923	-4.37565
1924	-7.12047
1925	-5.96551
1926	-1.82768
1927	-5.15168
1928	-2.62221
1929	0.524376
1930	-1.91206
1931	-0.961433
1932	-5.31803
1933	-2.31747
1934	-1.26349
1935	-1.39446
1936	-4.30305
1937	-4.96402
1938	-6.21106
1939	-5.03037
1940	-0.984796
1941	-2.17727
1942	-1.26326
1943	-0.907896
1944	-7.06042
1945	-2.57986
1946	-4.95433
1947	-1.12811
1948	0.999421
1949	-1.69351
1950	-4.65653
1951	-0.343806
1952	-0.273968
1953	-2.38241
1954	-2.2815
1955	-1.8761
1956	0.21396
1957	1.73081
1958	-0.716521
1959	-0.731089
1960	-4.0958
1961	0.0364646
1962	-3.80454
1963	-1.59001
1964	1.63479
1965	-1.85464
1966	-0.328649
1967	-0.95974
1968	-1.21512
1969	-2.59377
1970	-3.20449
1971	-2.75919
1972	-3.00871
1973	0.577098
1974	-3.14367
1975	-2.07109
1976	-2.82282
1977	-4.47441
1978	-3.47886
1979	-4.78005
1980	-0.610546
1981	-1.90972
1982	-2.8142
1983	-2.7247
1984	-6.1774
1985	-4.95731
1986	-4.16488
1987	-3.60699
1988	-3.14657
1989	-4.40203
1990	-1.19021
1991	-1.73573
1992	-5.82294
1993	-6.08331
1994	-6.66737
1995	-2.94617
1996	-2.90022
1997	-2.78608
1998	-2.47314
1999	-2.60376
2000	-3.51017
2001	-3.75329
2002	-3.47705
2003	-2.61817
2004	-0.998659
2005	-0.300476
2006	-4.03016
2007	-3.07201
2008	-2.70866
2009	-3.60018
2010	-3.19682
2011	-2.57935
2012	-1.81151
2013	-3.43671
2014	-2.14805
2015	-1.19413
2016	-6.93422
2017	-3.21986
2018	-4.13344
2019	-6.23918
2020	-2.14826
2021	-0.294598
2022	-2.56152
2023	0.0852523
2024	-2.98068
2025	-5.62015
2026	-2.23195
2027	-4.378
2028	-4.35423
2029	-4.81821
2030	-5.73959
2031	-5.87969
2032	-6.72876
2033	-9.0229
2034	-8.22764
2035	-7.9113
2036	-4.95611
2037	-3.103
2038	-3.09075
2039	-1.86524
2040	-6.59166
2041	-5.00975
2042	-6.48499
2043	-6.23753
2044	-4.96134
2045	-0.82726
2046	-3.8967
2047	-3.1442
2048	-3.87787
2049	-4.54109
2050	-2.80197
2051	-2.49309
2052	0.191427
2053	-1.08038
2054	-0.350748
2055	-0.637061
2056	-1.19259
2057	-1.2276
2058	-1.38945
2059	-3.94803
2060	-4.43763
2061	-0.940956
2062	-0.745648
2063	-1.30202
2064	-3.18754
2065	-0.0677691
2066	-2.36675
2067	-4.64695
2068	-0.394168
2069	-1.40603
2070	-0.729022
2071	0.538787
2072	0.401257
2073	-4.13538
2074	-2.6969
2075	-0.439244
2076	-5.87079
2077	-5.29033
2078	-1.21061
2079	-1.99884
2080	-5.3143
2081	-6.0331
2082	-8.15169
2083	-8.52875
2084	-5.39371
2085	-2.56555
2086	0.696845
2087	-1.14612
2088	-5.94908
2089	-6.6902
2090	-7.02309
2091	-4.73899
2092	-3.50423
2093	-3.08982
2094	-3.33432
2095	-2.33915
2096	-4.91183
2097	-4.56722
2098	-7.32466
2099	-3.46934
2100	0.468973
2101	-2.05075
2102	-1.32321
2103	-1.97758
2104	-1.03846
2105	-4.09798
2106	-5.01234
2107	-1.85273
2108	-1.96017
2109	-2.69804
2110	-1.61621
2111	-3.20958
2112	-4.9186
2113	1.26866
2114	-6.1054
2115	-7.52093
2116	-2.88523
2117	0.027009
2118	-4.1332
2119	-2.74272
2120	-3.22225
2121	-4.45913
2122	-1.97515
2123	-6.1462
2124	-1.9141
2125	-2.39071
2126	-2.459
2127	-1.84441
2128	-5.71812
2129	-6.64971
2130	-9.59418
2131	-6.62323
2132	-4.04528
2133	-2.28117
2134	-1.09596
2135	-2.83534
2136	-7.71123
2137	-5.83694
2138	-7.73359
2139	-5.95888
2140	-3.22887
2141	-2.79979
2142	-6.06714
2143	-2.73138
2144	-4.32407
2145	-1.00031
2146	-4.20288
2147	-4.22686
2148	-1.63481
2149	-1.27194
2150	-2.37602
2151	-2.95706
2152	-5.14039
2153	-3.60224
2154	-3.48759
2155	-3.20226
2156	-2.27932
2157	-0.757129
2158	-3.11649
2159	-3.19656
2160	-3.43651
2161	-5.61332
2162	-5.82931
2163	-6.61163
2164	-3.05418
2165	-2.58819
2166	1.49719
2167	-1.28131
2168	-7.85576
2169	-5.82139
2170	-4.31457
2171	-3.1133
2172	-4.95555
2173	-3.38994
2174	-3.09877
2175	-0.655599
2176	-8.15464
2177	-8.12086
2178	-5.91364
2179	-5.6996
2180	-1.9493
2181	-4.43479
2182	-4.19862
2183	-0.847891
2184	-6.20292
2185	-6.00402
2186	-7.71943
2187	-6.80303
2188	-4.37141
2189	-4.28569
2190	-1.1772
2191	-2.25932
2192	-4.17594
2193	-3.84641
2194	-2.58241
2195	-3.85324
2196	-3.49404
2197	-1.88446
2198	5.52871
2199	6.7493
2200	-1.65625
2201	-5.09855
2202	-4.44997
2203	-5.20433
2204	-2.42875
2205	-1.15059
2206	-2.53177
2207	-1.893
2208	-6.83446
2209	-6.67806
2210	-4.8735
2211	-3.7293
2212	-2.20041
2213	-2.20041
2214	-2.99859
2215	-1.23761
2216	-5.53291
2217	-5.92481
2218	-1.98565
2219	-2.91323
2220	-3.12786
2221	-7.14314
2222	-1.01046
2223	-1.10291
2224	-7.67176
2225	-9.8973
2226	-6.30514
2227	-8.75998
2228	-5.32558
2229	-5.96666
2230	-0.262403
2231	-4.01677
2232	-5.39417
2233	-3.02916
2234	-7.67674
2235	-7.68907
2236	-2.99575
2237	-4.00908
2238	-3.02162
2239	-4.13055
2240	0
2241	0
2242	0
2243	0
2244	0
2245	0
2246	0
2247	0
2248	0
2249	0
2250	0
2251	0
2252	0
2253	0
2254	0
2255	0
2256	0
2257	0
2258	0
2259	0
2260	0
2261	0
2262	0
2263	0
2264	0
2265	0
2266	0
2267	0
2268	0
2269	0
2270	0
2271	0
2272	0
2273	0
2274	0
2275	0
2276	0
2277	0
2278	0
2279	0
2280	0
2281	0
2282	0
2283	0
2284	0
2285	0
2286	0
2287	0
2288	0
2289	0
2290	0
2291	0
2292	0
2293	0
2294	0
2295	0
2296	0
2297	0
2298	0
2299	0
2300	0
2301	0
2302	0
2303	0
2304	0
2305	0
2306	0
2307	0
2308	0
2309	0
2310	0
2311	0
2312	0
2313	0
2314	0
2315	0
2316	0
2317	0
2318	0
2319	0
2320	0
2321	0
2322	0
2323	0
2324	0
2325	0
2326	0
2327	0
2328	0
2329	0
2330	0
2331	0
2332	0
2333	0
2334	0
2335	0
2336	0
2337	0
2338	0
2339	0
2340	0
2341	0
2342	0
2343	0
2344	0
2345	0
2346	0
2347	0
2348	0
2349	0
2350	0
2351	0
2352	0
2353	0
2354	0
2355	0
2356	0
2357	0
2358	0
2359	0
2360	29.7283
2361	24.4513
2362	30.235
2363	30.3597
2364	26.961
2365	30.166
2366	27.3421
2367	30.1648
2368	30.5362
2369	28.4312
2370	25.8211
2371	24.8107
2372	25.8796
2373	25.2993
2374	31.4367
2375	31.4468
2376	32.5284
2377	25.7167
2378	29.7183
2379	32.6847
2380	28.1777
2381	30.1836
2382	31.0372
2383	28.5674
2384	36.1315
2385	31.0889
2386	32.5702
2387	24.9136
2388	30.066
2389	30.4241
2390	27.9845
2391	29.9496
2392	34.3289
2393	35.5683
2394	31.599
2395	35.9777
2396	29.809
2397	25.5834
2398	30.4851
2399	24.6647
2400	18.4242
2401	26.4587
2402	33.9523
2403	34.1908
2404	32.0142
2405	34.1471
2406	29.5861
2407	28.6141
2408	24.0831
2409	24.742
2410	24.2331
2411	24.7194
2412	27.3281
2413	26.9533
2414	35.2089
2415	30.273
2416	30.2797
2417	34.8395
2418	33.5039
2419	30.6099
2420	33.433
2421	31.2386
2422	29.6081
2423	30.9037
2424	38.2701
2425	33.0848
2426	33.1309
2427	33.0665
2428	30.3827
2429	35.5505
2430	33.8543
2431	27.5298
2432	34.9264
2433	30.3562
2434	27.8515
2435	30.834
2436	32.6041
2437	34.335
2438	30.7225
2439	33.0107
2440	32.0222
2441	35.9984
2442	31.8409
2443	30.0239
2444	29.2951
2445	25.4286
2446	32.0644
2447	26.4953
2448	31.184
2449	34.6456
2450	24.1524
2451	35.3595
2452	32.409
2453	34.2702
2454	28.8232
2455	0
2456	35.7726
2457	30.3483
2458	29.3596
2459	30.9299
2460	30.1481
2461	33.5635
2462	35.1207
2463	33.5154
2464	34.62
2465	35.8711
2466	31.7127
2467	27.7761
2468	28.8805
2469	34.2009
2470	27.5896
2471	27.4567
2472	32.242
2473	35.7449
2474	35.5808
2475	31.8828
2476	31.7621
2477	31.7877
2478	34.8358
2479	31.1721
2480	33.2858
2481	33.4951
2482	33.8828
2483	30.6706
2484	31.9512
2485	36.7382
2486	35.4441
2487	37.7759
2488	36.7452
2489	37.2403
2490	32.2547
2491	27.8247
2492	36.0665
2493	33.4752
2494	28.8225
2495	30.2325
2496	33.557
2497	31.6636
2498	38.2687
2499	36.039
2500	36.8885
2501	36.7507
2502	33.1683
2503	34.5119
2504	34.2464
2505	32.4164
2506	28.2549
2507	34.4604
2508	33.0523
2509	38.1435
2510	34.6108
2511	35.7033
2512	36.5195
2513	36.1449
2514	31.5733
2515	35.3901
2516	34.2403
2517	30.1091
2518	31.6091
2519	29.3009
2520	33.3255
2521	31.3104
2522	35.739
2523	34.3586
2524	38.4872
2525	35.8515
2526	31.9802
2527	33.657
2528	33.4701
2529	29.9154
2530	32.2908
2531	32.3131
2532	36.3248
2533	33.5396
2534	36.644
2535	35.4359
2536	33.94
2537	34.0976
2538	33.5488
2539	25.2243
2540	33.786
2541	31.1944
2542	31.9315
2543	29.1431
2544	25.8785
2545	27.8982
2546	29.2582
2547	33.8996
2548	31.5927
2549	34.057
2550	26.8234
2551	36.8573
2552	31.5753
2553	30.0822
2554	30.2113
2555	26.5541
2556	29.5158
2557	30.3887
2558	31.6356
2559	32.8856
2560	30.6066
2561	30.3619
2562	31.6464
2563	35.7234
2564	28.7057
2565	27.9724
2566	27.9774
2567	28.778
2568	30.5023
2569	31.2884
2570	29.7289
2571	29.1175
2572	27.4185
2573	29.5706
2574	27.299
2575	29.8335
2576	29.4642
2577	26.6767
2578	33.5133
2579	29.1153
2580	31.5586
2581	24.3531
2582	29.3289
2583	24.89
2584	29.6574
2585	30.099
2586	26.8311
2587	25.9925
2588	27.2712
2589	30.028
2590	27.6406
2591	27.6604
2592	32.7782
2593	31.5487
2594	28.0745
2595	30.7463
2596	0
2597	0
2598	0
2599	0
2600	0
2601	0
2602	0
2603	0
2604	0
2605	0
2606	0
2607	0
2608	0
2609	0
2610	0
2611	0
2612	0
2613	0
2614	0
2615	0
2616	0
2617	0
2618	0
2619	0
2620	0
2621	0
2622	0
2623	0
2624	0
2625	0
2626	0
2627	0
2628	0
2629	0
2630	0
2631	0
2632	0
2633	0
2634	0
2635	0
2636	0
2637	0
2638	0
2639	0
2640	0
2641	0
2642	0
2643	0
2644	0
2645	0
2646	0
2647	0
2648	0
2649	0
2650	0
2651	0
2652	0
2653	0
2654	0
2655	0
2656	0
2657	0
2658	0
2659	0
2660	0
2661	0
2662	0
2663	0
2664	0
2665	0
2666	0
2667	0
2668	0
2669	0
2670	0
2671	0
2672	0
2673	0
2674	0
2675	0
2676	0
2677	0
2678	0
2679	0
2680	0
2681	0
2682	0
2683	0
2684	0
2685	0
2686	0
2687	0
2688	0
2689	0
2690	0
2691	0
2692	0
2693	0
2694	0
2695	0
2696	0
2697	0
2698	0
2699	0
2700	0
2701	0
2702	0
2703	0
2704	0
2705	0
2706	0
2707	0
2708	0
2709	0
2710	0
2711	0
2712	0
2713	0
2714	0
2715	0
