0	-1.38989
1	-0.127663
2	-2.94583
3	-2.77602
4	-1.91538
5	-1.45377
6	-5.29478
7	-1.35083
8	-2.21726
9	-6.83934
10	-2.91499
11	-7.61257
12	-2.62646
13	-1.06337
14	-0.800133
15	-2.52652
16	0.803885
17	-3.13524
18	-3.90963
19	-1.48395
20	0.606058
21	-4.11841
22	-1.98278
23	0.00848499
24	-4.26913
25	-5.02325
26	-3.75926
27	-5.32021
28	-3.10895
29	-5.73054
30	-3.56188
31	-3.4263
32	-10.3608
33	-8.68034
34	-6.69196
35	-7.64775
36	-5.78241
37	-5.44393
38	-5.6566
39	-2.74996
40	-6.81616
41	-5.59314
42	-5.42353
43	-7.6071
44	-12.0912
45	-6.90576
46	-4.56477
47	-5.58143
48	1.69191
49	0.666475
50	-3.84394
51	-2.42796
52	1.53588
53	-1.52885
54	-0.00516677
55	-0.781995
56	-0.505088
57	-1.44027
58	-2.57675
59	0.503487
60	2.49789
61	-0.28742
62	0.50797
63	-1.82225
64	-1.55515
65	-1.74014
66	-1.55448
67	-1.13274
68	1.18974
69	-1.56292
70	-2.76277
71	-1.05856
72	-2.02041
73	-4.44303
74	-6.01778
75	-4.72524
76	-2.73097
77	-3.23033
78	-3.20899
79	-4.01524
80	-7.09371
81	-6.96472
82	-6.37182
83	-6.67744
84	-4.67418
85	-2.53283
86	-3.06524
87	-3.07699
88	-4.77335
89	-5.34599
90	-4.73796
91	-4.81448
92	-8.41152
93	-7.76958
94	-6.40915
95	-9.43499
96	6.15606
97	4.49008
98	-0.749437
99	-0.395667
100	1.44055
101	1.11996
102	0.578613
103	1.50296
104	-0.7866
105	-2.76792
106	1.10226
107	-0.657896
108	1.29296
109	1.08759
110	1.98147
111	2.02928
112	-2.79714
113	-2.77647
114	-3.1344
115	-0.927092
116	-1.59958
117	-1.74321
118	-3.33255
119	-1.08734
120	-5.25145
121	-4.57141
122	-6.27189
123	-4.62106
124	-1.89517
125	-3.51333
126	-3.77058
127	-1.84395
128	-6.04396
129	-3.18914
130	-4.78664
131	-3.12149
132	-0.92235
133	-3.10466
134	-0.733304
135	2.04273
136	-3.26616
137	-4.40523
138	-4.05515
139	-2.43143
140	-5.35527
141	-7.64596
142	-6.02467
143	-8.14558
144	2.64593
145	1.18378
146	-2.65583
147	-1.4965
148	0.732248
149	1.06855
150	1.22528
151	0.999693
152	-4.58308
153	-1.45487
154	-0.720641
155	0.647809
156	0.794737
157	3.51816
158	1.4355
159	1.3074
160	1.70129
161	1.2962
162	-0.250064
163	-2.38573
164	-0.105531
165	-1.28957
166	-3.73962
167	-1.87498
168	-1.70848
169	-4.30305
170	-8.15904
171	-7.68962
172	-2.22188
173	-2.71626
174	-0.771347
175	-4.73457
176	-2.86634
177	-4.7779
178	-1.96636
179	-3.99541
180	-0.699044
181	0.0354393
182	-3.26492
183	-2.07788
184	0.498484
185	-4.43144
186	-3.72294
187	0.535586
188	-6.74108
189	-3.18984
190	-5.97417
191	-8.93508
192	4.16558
193	3.95606
194	-1.5784
195	-0.902124
196	0.380864
197	0.330882
198	-0.780798
199	2.05895
200	-1.0197
201	0.839731
202	-0.710609
203	-3.48189
204	1.74169
205	0.276344
206	0.134683
207	2.43889
208	0.444864
209	-0.843942
210	-20.8764
211	0.278425
212	0.226612
213	-1.31443
214	-4.32304
215	-3.16288
216	-4.37537
217	-4.69249
218	-2.46223
219	-4.91061
220	-1.81102
221	-5.18962
222	-1.84464
223	-0.422189
224	-4.036
225	-3.11972
226	-6.49789
227	-4.05483
228	-2.47425
229	-1.19106
230	-2.94394
231	-2.70637
232	-0.167113
233	-2.13064
234	-1.97521
235	0.670132
236	-6.30429
237	-5.15505
238	-8.24615
239	-10.5243
240	2.28333
241	4.70693
242	-0.397514
243	-1.41395
244	-0.850478
245	-1.9559
246	0.389187
247	-0.159418
248	1.90762
249	-0.69151
250	-0.287995
251	-0.202991
252	2.26209
253	1.27651
254	2.4265
255	-0.34674
256	0.234808
257	0.849475
258	-0.592729
259	-1.28172
260	0.792176
261	-2.45947
262	-5.82082
263	-4.008
264	-3.17772
265	-2.86343
266	-4.01113
267	-7.51404
268	-0.480149
269	-1.38512
270	-2.52824
271	-1.55407
272	-4.63057
273	-2.50098
274	-0.451241
275	-1.6209
276	-0.776212
277	-1.98016
278	-0.672235
279	-0.964086
280	0.15486
281	0.59511
282	-0.442339
283	-0.139776
284	-4.58348
285	-0.383761
286	-9.11646
287	-6.81212
288	4.64552
289	3.4653
290	0.0736155
291	-0.16747
292	-0.990529
293	1.36079
294	-1.59717
295	3.52586
296	-0.645829
297	0.502664
298	-1.7925
299	-1.11464
300	0.790617
301	4.12776
302	2.31702
303	1.03005
304	1.28885
305	-0.235896
306	-3.20257
307	-0.54133
308	-5.71878
309	-10.1048
310	-7.55953
311	-8.81077
312	-3.6115
313	-3.62542
314	-3.56166
315	-3.42292
316	-1.74585
317	1.97819
318	-2.83762
319	-0.446698
320	-4.67277
321	-5.95406
322	-7.42627
323	-5.99904
324	-5.02758
325	-1.78124
326	-3.45609
327	-7.23621
328	-2.83034
329	-5.88828
330	-5.59242
331	-1.50332
332	-8.8672
333	-7.91711
334	-3.30728
335	-4.72464
336	5.4411
337	3.73285
338	0.740489
339	2.68637
340	2.84992
341	0.133459
342	2.62341
343	2.24115
344	-0.987616
345	-0.272359
346	1.30621
347	-0.325424
348	2.56346
349	0.12863
350	2.63585
351	1.60056
352	-1.01183
353	0.610556
354	1.86055
355	0.536534
356	-2.93923
357	-4.55489
358	-5.85377
359	-9.99672
360	-0.557579
361	-5.11414
362	-3.24284
363	-0.489686
364	-3.11729
365	-1.88755
366	-2.53283
367	-2.18556
368	-3.79815
369	-4.06468
370	-2.03343
371	-5.92192
372	0.467405
373	1.38253
374	-0.932009
375	3.66957
376	-1.31549
377	2.06111
378	-0.509003
379	-1.25879
380	-3.80584
381	-6.01717
382	-8.2332
383	-7.34147
384	-2.06736
385	-2.9804
386	4.35008
387	0.632771
388	-4.2569
389	-5.42363
390	-6.47251
391	-4.24944
392	1.52982
393	2.0814
394	-0.409542
395	0.814303
396	-5.84659
397	-3.9133
398	-5.48444
399	-2.55448
400	-0.584925
401	-1.36062
402	2.26623
403	-1.47448
404	-5.90971
405	-6.58686
406	-7.59461
407	-7.94597
408	0.938664
409	-3.13911
410	0.201772
411	-3.60105
412	-6.36784
413	-7.9953
414	-4.91729
415	-8.00906
416	-3.11695
417	-4.13137
418	-3.37896
419	-2.67471
420	-6.02256
421	-8.02665
422	-7.07192
423	-4.49166
424	-12.5927
425	-13.1814
426	-12.7945
427	-12.9622
428	-10.7463
429	-9.10396
430	-14.5534
431	-13.3438
432	-3.78437
433	-3.42899
434	1.22108
435	-1.2034
436	-3.56134
437	-7.21907
438	-2.6929
439	-5.72172
440	1.31141
441	0.235178
442	0.164849
443	1.82011
444	-0.7116
445	-3.83844
446	-3.045
447	-4.37442
448	1.03453
449	-0.748252
450	2.24632
451	-2.50512
452	-0.707754
453	-7.04646
454	-8.64239
455	-7.93189
456	-1.01936
457	-1.67534
458	-3.49711
459	-3.40152
460	-6.37475
461	-5.90884
462	-5.10117
463	-8.56127
464	-3.29666
465	-3.19673
466	-5.82
467	-3.9949
468	-5.20971
469	-4.96829
470	-7.33832
471	-5.01406
472	-11.8706
473	-13.8589
474	-13.503
475	-12.9541
476	-13.7594
477	-13.0578
478	-13.4401
479	-13.0849
480	3.93367
481	1.16481
482	0.276669
483	2.05607
484	-6.07764
485	-4.33106
486	-4.40634
487	-4.63
488	1.97314
489	2.38869
490	1.14494
491	-0.162207
492	-2.97472
493	-2.42378
494	-1.96706
495	-4.26245
496	0.675267
497	1.0302
498	-0.223183
499	0.0400984
500	-1.12836
501	-7.13331
502	-7.12348
503	-6.57715
504	-1.0095
505	-0.9001
506	-4.19173
507	-1.4856
508	-6.20653
509	-8.39301
510	-6.26701
511	-5.7864
512	-3.34518
513	-4.7545
514	0.247678
515	-3.68365
516	-4.98218
517	-6.32713
518	-6.75704
519	-5.89968
520	-11.8902
521	-14.4719
522	-9.41886
523	-10.9296
524	-10.3916
525	-11.6912
526	-11.273
527	-8.92489
528	2.8277
529	1.8462
530	-1.9295
531	-1.89002
532	-3.16947
533	-2.03815
534	-3.78616
535	-5.80411
536	-1.44865
537	-1.26408
538	1.02745
539	-0.264967
540	-5.78233
541	-5.97561
542	-7.03766
543	-2.0862
544	3.22086
545	2.28759
546	-2.69704
547	-0.443943
548	-5.5644
549	-7.54376
550	-9.07059
551	-9.73112
552	-0.556897
553	1.38823
554	-0.524954
555	0.863935
556	-5.58535
557	-5.64169
558	-5.08152
559	-5.41487
560	-3.78958
561	-0.714553
562	-2.25222
563	-0.143179
564	-6.46399
565	-4.06744
566	-6.52017
567	-5.5237
568	-11.3789
569	-11.8678
570	-10.5496
571	-10.836
572	-6.67354
573	-6.74647
574	-11.3003
575	-11.8238
576	0.404544
577	0.388784
578	2.30424
579	2.14504
580	-3.26231
581	-2.45555
582	-2.19251
583	-1.53178
584	2.1895
585	1.16807
586	1.98754
587	0.671387
588	-5.93735
589	-4.46374
590	-0.636118
591	-3.15429
592	2.33131
593	-1.94342
594	0.786176
595	0.805018
596	-3.96022
597	-6.97107
598	-5.7594
599	-6.24899
600	1.12326
601	-0.837407
602	-0.0690465
603	1.01516
604	-6.61639
605	-3.94459
606	-4.90012
607	-5.54352
608	-2.43936
609	-4.19383
610	-1.80596
611	-1.27238
612	-5.1944
613	-6.20956
614	-5.83543
615	-5.44021
616	-10.9571
617	-11.999
618	-10.1935
619	-9.33821
620	-11.0735
621	-9.42631
622	-13.347
623	-11.7434
624	2.35924
625	2.67176
626	3.94687
627	1.99115
628	-1.72623
629	-0.34972
630	-1.55728
631	-4.5902
632	2.70481
633	4.0254
634	0.36958
635	0.515271
636	-2.39862
637	-0.00582456
638	-2.02938
639	-0.110899
640	2.34448
641	1.49359
642	1.79905
643	1.71545
644	-0.784117
645	-5.44011
646	-4.60765
647	1.86324
648	-9.6336
649	-8.8249
650	-10.8593
651	-11.6641
652	-6.15647
653	-8.3604
654	-5.12929
655	-5.40371
656	-2.89341
657	-2.53187
658	-2.49362
659	-3.96554
660	-6.86842
661	-4.98487
662	-6.4081
663	-5.1789
664	-10.6635
665	-8.27752
666	-9.43864
667	-9.80731
668	-9.9116
669	-10.2811
670	-8.33103
671	-7.8633
672	3.20475
673	1.55734
674	1.27362
675	1.3607
676	-1.51772
677	-3.84781
678	-2.12493
679	-4.40747
680	2.13335
681	3.88692
682	4.42982
683	2.8751
684	-4.95441
685	-5.53431
686	-3.29047
687	-6.21617
688	2.94659
689	-1.65014
690	0.394485
691	1.22976
692	0.0385205
693	-2.76571
694	3.22836
695	-6.88873
696	-8.46392
697	-9.24093
698	-10.2064
699	-8.69892
700	-6.71863
701	-4.36394
702	-6.59793
703	-4.71206
704	-2.60325
705	-3.95686
706	0.277813
707	-1.45895
708	-6.5781
709	-4.27356
710	-3.82211
711	-6.28983
712	-11.8597
713	-8.23752
714	-10.67
715	-11.7027
716	-8.49564
717	-8.24603
718	-11.2428
719	-10.9872
720	-3.66184
721	-4.33773
722	1.13581
723	2.65115
724	-2.60727
725	-3.18918
726	-3.88953
727	-2.77293
728	2.98662
729	1.61959
730	0.136057
731	2.79124
732	-5.25956
733	-7.14683
734	-5.7397
735	-4.36718
736	1.05256
737	0.827594
738	-2.48795
739	-2.88324
740	-2.01154
741	-2.07018
742	-4.61493
743	3.53665
744	-7.3216
745	-6.56594
746	-10.1462
747	-7.98956
748	-3.3285
749	-3.97788
750	-6.25348
751	-3.81568
752	-3.16643
753	-2.97264
754	-5.10025
755	-1.23146
756	-7.27107
757	-5.77009
758	-10.2129
759	-9.44167
760	-11.9149
761	-8.61342
762	-10.0017
763	-10.9909
764	-7.16701
765	-10.2404
766	-7.5153
767	-10.653
768	-3.11559
769	-4.9894
770	-3.23797
771	-4.29507
772	-2.39394
773	-0.869678
774	-3.29481
775	-0.659577
776	-4.93964
777	-3.23423
778	-6.12562
779	-4.05518
780	-3.99117
781	-1.30618
782	-4.77952
783	-6.1992
784	-4.87761
785	-6.29002
786	-3.07601
787	-2.84793
788	-1.18821
789	-3.41287
790	-3.1672
791	-4.49977
792	-8.87487
793	-8.54178
794	-9.03549
795	-10.8617
796	-5.3421
797	-4.42836
798	-8.41836
799	-6.22598
800	-8.10556
801	-8.4988
802	-9.40068
803	-8.10836
804	-9.62391
805	-9.16458
806	-7.1229
807	-5.09342
808	-13.8639
809	-12.2634
810	-9.41236
811	-9.01074
812	-13.4292
813	-14.2994
814	-18.1139
815	-13.3549
816	-5.52821
817	-3.03666
818	-5.78315
819	-4.21538
820	-1.56995
821	-1.59845
822	-1.46685
823	-1.72347
824	-6.45691
825	-4.77577
826	-4.99071
827	-7.12077
828	-2.44432
829	-3.70573
830	-3.77824
831	-4.13287
832	-1.03036
833	-6.79702
834	-3.82556
835	-5.32969
836	-2.91822
837	-3.68062
838	-5.386
839	-4.01985
840	-6.47845
841	-7.02415
842	-10.7912
843	-8.17004
844	-5.11795
845	-4.19032
846	-6.0595
847	-8.29821
848	-8.00101
849	-7.56986
850	-7.87581
851	-6.84596
852	-2.1234
853	-7.79726
854	-6.87238
855	-5.28673
856	-12.4334
857	-11.7432
858	-8.66666
859	-10.0721
860	-22.28
861	-15.6193
862	-15.4217
863	-13.3885
864	-4.03068
865	-4.19553
866	-3.91181
867	-2.58267
868	-2.35988
869	-4.15171
870	-1.3603
871	-1.72846
872	-5.13204
873	-6.44577
874	-5.44478
875	-5.49921
876	-7.05458
877	-2.10281
878	-5.92092
879	-5.71129
880	-4.15267
881	-7.60865
882	-1.98502
883	-5.678
884	-3.93181
885	-5.51308
886	-5.39172
887	-2.65684
888	-6.2365
889	-7.4314
890	-12.2658
891	-11.0321
892	-6.29114
893	-7.49697
894	-5.54506
895	-10.3068
896	-9.00905
897	-8.84729
898	-8.50043
899	-6.50741
900	-5.01024
901	-5.94081
902	-5.28461
903	-5.46586
904	-12.2708
905	-12.3892
906	-9.7414
907	-9.56429
908	-11.3459
909	-12.5324
910	-16.204
911	-15.1352
912	-3.00557
913	-2.78151
914	-5.16596
915	-3.05601
916	-0.622854
917	-2.13434
918	-1.53336
919	-1.04109
920	-5.08505
921	-4.00504
922	-2.54352
923	-0.927384
924	-0.606244
925	-1.47645
926	-0.902481
927	-0.945774
928	0.264696
929	-2.82452
930	-3.5057
931	-7.12759
932	-4.18495
933	-3.63165
934	-2.47063
935	-4.83552
936	-6.8009
937	-5.46294
938	-8.96459
939	-9.14185
940	-5.53209
941	-5.49542
942	-6.9961
943	-4.30123
944	-7.89925
945	-5.70443
946	-5.51835
947	-5.89793
948	-4.82822
949	-5.43711
950	-4.00104
951	-5.58537
952	-10.0313
953	-11.2512
954	-8.54082
955	-6.83
956	-11.5279
957	-13.8686
958	-13.3389
959	-13.5773
960	-4.10381
961	-5.45663
962	-3.81332
963	-3.78337
964	-0.327629
965	0.148762
966	-3.69377
967	-2.24107
968	-2.05301
969	-2.11919
970	-2.46238
971	-4.0125
972	-7.06529
973	-2.35673
974	-4.45066
975	-5.13968
976	-4.05726
977	-5.37541
978	-5.97422
979	-6.06186
980	-3.53732
981	-6.574
982	-6.44697
983	-4.46058
984	-9.04322
985	-7.84848
986	-5.1925
987	-7.24354
988	-3.38189
989	-1.8356
990	-5.83861
991	-5.19452
992	-11.6265
993	-11.4201
994	-7.54435
995	-9.126
996	-9.18593
997	-11.5429
998	-12.3471
999	-14.1732
1000	-3.99682
1001	-1.59555
1002	-0.146574
1003	-1.53723
1004	-1.48348
1005	0.990925
1006	0.461565
1007	1.91551
1008	-1.90019
1009	-2.62073
1010	-1.15319
1011	-2.19756
1012	0.752786
1013	-1.67981
1014	-3.22782
1015	-6.01805
1016	-1.83225
1017	-2.34916
1018	-3.81534
1019	-2.98988
1020	-1.69723
1021	-3.38529
1022	-4.78212
1023	-3.37555
1024	-5.58946
1025	-5.63213
1026	-7.14803
1027	-6.13686
1028	-5.54352
1029	-4.52481
1030	-2.3101
1031	-5.65737
1032	-11.9206
1033	-11.0574
1034	-9.24666
1035	-6.18811
1036	-10.4294
1037	-12.4487
1038	-14.1506
1039	-15.2671
1040	-1.78603
1041	-2.48966
1042	-0.000507746
1043	-1.74972
1044	-5.30292
1045	-5.34309
1046	-1.08307
1047	-0.186306
1048	-2.69875
1049	-3.02526
1050	-2.6194
1051	-2.31154
1052	-2.85092
1053	-0.13396
1054	-1.41482
1055	0.506624
1056	-2.28635
1057	-5.1367
1058	-1.00251
1059	-3.68714
1060	-1.81789
1061	-4.74342
1062	-5.68016
1063	-4.19324
1064	-6.77505
1065	-6.1754
1066	-4.10636
1067	-6.77828
1068	-3.94418
1069	-5.25884
1070	-5.92543
1071	-4.53999
1072	-10.3948
1073	-9.36239
1074	-9.5081
1075	-6.73308
1076	-9.88586
1077	-8.79922
1078	-13.1273
1079	-11.8551
1080	1.76638
1081	0.265903
1082	-2.27464
1083	-1.64864
1084	2.20623
1085	-0.635635
1086	-3.07786
1087	-0.198056
1088	-3.55972
1089	-2.76349
1090	-2.8772
1091	-1.75515
1092	-0.733377
1093	0.368294
1094	-2.10925
1095	-1.56281
1096	-2.36284
1097	-3.71401
1098	-3.33581
1099	-5.71288
1100	-2.62826
1101	-4.6813
1102	-7.33947
1103	-3.77592
1104	-9.40301
1105	-7.77114
1106	-4.14861
1107	-7.00597
1108	-4.95171
1109	-3.41117
1110	-4.36127
1111	-7.04442
1112	-11.0123
1113	-10.4415
1114	-7.16548
1115	-7.63269
1116	-7.18023
1117	-10.2556
1118	-14.082
1119	-12.9239
1120	1.00008
1121	1.0121
1122	2.63869
1123	-0.2267
1124	5.04653
1125	3.67526
1126	-0.591461
1127	-1.27546
1128	-3.37281
1129	-0.749799
1130	-2.93209
1131	-2.40346
1132	1.35
1133	1.92381
1134	2.8334
1135	0.217815
1136	-0.757311
1137	-1.18058
1138	-2.35798
1139	-3.34138
1140	-2.73225
1141	-2.13543
1142	-1.21544
1143	-2.24902
1144	-3.57677
1145	-5.69887
1146	-5.2578
1147	-2.80676
1148	0.566091
1149	-2.34832
1150	-4.88418
1151	-4.70656
1152	-3.70481
1153	-7.43596
1154	-2.88617
1155	-1.2732
1156	-3.21412
1157	-5.75856
1158	1.98629
1159	0.192899
1160	0.903363
1161	1.28906
1162	-0.837492
1163	-1.40319
1164	1.06859
1165	-0.185492
1166	-1.00618
1167	-1.23727
1168	-1.52098
1169	-2.98255
1170	-1.50658
1171	-3.19063
1172	1.2631
1173	2.77489
1174	3.60113
1175	2.96078
1176	-1.38423
1177	-0.656986
1178	-0.812836
1179	-2.78136
1180	1.14698
1181	-2.92243
1182	-4.82646
1183	-3.61534
1184	-3.53475
1185	-5.36832
1186	-4.4046
1187	-4.23871
1188	-2.44876
1189	-1.18311
1190	1.74336
1191	-1.47178
1192	-2.51017
1193	-3.37015
1194	-5.32902
1195	-2.2253
1196	2.15823
1197	-0.639045
1198	-1.1368
1199	1.4532
1200	-1.211
1201	0.2132
1202	-1.93777
1203	-0.0405747
1204	3.32233
1205	1.51982
1206	-1.10882
1207	-1.19106
1208	-1.24943
1209	-2.18958
1210	-3.62379
1211	-2.50951
1212	-1.34877
1213	1.47947
1214	1.13383
1215	0.164798
1216	-0.709313
1217	-1.23697
1218	-3.8248
1219	-3.42738
1220	-4.23227
1221	-7.80978
1222	-2.30723
1223	-2.46376
1224	-3.575
1225	-5.77497
1226	-6.29896
1227	-3.87717
1228	-1.35145
1229	-0.785768
1230	-1.04354
1231	0.0884851
1232	-4.36243
1233	-3.906
1234	-0.506629
1235	-3.73586
1236	-1.44885
1237	0.0287112
1238	1.39313
1239	0.528101
1240	-1.77267
1241	-1.07076
1242	-0.439396
1243	-3.35038
1244	1.82375
1245	-0.321293
1246	0.483837
1247	-0.4854
1248	-3.43752
1249	-0.742551
1250	-2.28498
1251	-2.97339
1252	-0.266208
1253	1.75054
1254	-0.0325477
1255	-0.270201
1256	-0.966411
1257	-0.626876
1258	1.01424
1259	-2.38478
1260	-2.52366
1261	-3.1399
1262	-3.42954
1263	-7.83385
1264	-4.48963
1265	-6.18439
1266	-4.92981
1267	-5.49969
1268	-2.9228
1269	-1.89641
1270	-4.27313
1271	-3.1228
1272	-4.02836
1273	-3.33515
1274	-2.53049
1275	-3.60155
1276	-1.07345
1277	-2.62611
1278	-0.349361
1279	-0.564423
1280	-0.356882
1281	0.557158
1282	1.57568
1283	-2.98976
1284	3.19554
1285	3.26516
1286	2.18286
1287	1.81119
1288	-1.2284
1289	-1.81888
1290	-5.7081
1291	-2.09033
1292	2.0047
1293	2.65384
1294	-0.53177
1295	2.16463
1296	-0.526011
1297	-0.354081
1298	-5.39497
1299	-4.47394
1300	1.68089
1301	1.49894
1302	-1.03837
1303	-0.720825
1304	-2.25302
1305	-0.101556
1306	-2.09518
1307	-3.4928
1308	-4.0141
1309	-4.71215
1310	-3.51815
1311	-4.79905
1312	-5.29554
1313	-2.1698
1314	-4.79906
1315	-7.45333
1316	-1.75992
1317	-2.45529
1318	-0.713756
1319	-5.14995
1320	-3.66195
1321	-3.51078
1322	-4.56771
1323	-2.95705
1324	-0.86665
1325	-1.72496
1326	0.86794
1327	1.2196
1328	-2.30679
1329	-2.03179
1330	0.266435
1331	-2.07096
1332	1.61185
1333	1.14048
1334	0.107692
1335	-0.417009
1336	-5.84049
1337	-5.41499
1338	5.15735
1339	-4.1657
1340	-1.38915
1341	0.469335
1342	-0.0662501
1343	0.596596
1344	-3.93148
1345	-0.62983
1346	-2.05844
1347	-4.09111
1348	1.75011
1349	2.54723
1350	-0.225244
1351	0.730554
1352	-0.986626
1353	-3.34248
1354	-6.1684
1355	-6.29802
1356	-3.17565
1357	-2.39576
1358	-2.51599
1359	-3.65003
1360	-7.3054
1361	-7.27864
1362	-4.68471
1363	-4.47791
1364	-5.40368
1365	-4.4162
1366	-2.47436
1367	-1.35638
1368	-2.27217
1369	-3.49432
1370	-2.70358
1371	-3.66423
1372	-3.23943
1373	-2.45102
1374	-0.52907
1375	-2.27315
1376	-0.448229
1377	-0.0472945
1378	0.376416
1379	-1.50522
1380	-0.382078
1381	0.480782
1382	-1.80869
1383	-2.84512
1384	-4.26681
1385	-3.35981
1386	-2.47834
1387	6.82997
1388	-1.96121
1389	-0.25768
1390	-1.13653
1391	0.0716215
1392	-1.1059
1393	-1.50307
1394	-3.03747
1395	-1.71945
1396	1.59956
1397	1.50628
1398	-0.525516
1399	0.641953
1400	-4.4501
1401	-6.25702
1402	-3.78986
1403	-1.21765
1404	-2.166
1405	-7.32114
1406	-3.54987
1407	-3.87214
1408	-4.41549
1409	-4.49661
1410	-6.466
1411	-6.43665
1412	-2.69495
1413	-2.63009
1414	-5.43241
1415	-7.33455
1416	-5.05093
1417	-4.99597
1418	-4.94393
1419	-4.37078
1420	-2.74353
1421	-3.09485
1422	-0.493942
1423	-0.603942
1424	-1.61441
1425	-0.0758945
1426	-3.21616
1427	-3.05911
1428	-0.0551487
1429	0.83371
1430	-0.0405167
1431	-2.42201
1432	-3.14222
1433	-4.71277
1434	5.07171
1435	-10.6949
1436	-2.62658
1437	-0.332237
1438	-0.115764
1439	-0.586943
1440	-2.85994
1441	-1.61795
1442	-4.71236
1443	-5.01964
1444	0.878336
1445	0.619251
1446	-1.10825
1447	-1.00947
1448	-4.03179
1449	-2.74764
1450	-2.51698
1451	-4.45426
1452	-1.38755
1453	-4.52723
1454	-7.1386
1455	-4.52156
1456	-4.0768
1457	-3.12856
1458	-6.63186
1459	-7.52605
1460	-6.09221
1461	-3.89714
1462	-1.98754
1463	-3.05712
1464	-4.02358
1465	-5.55017
1466	-6.53886
1467	-7.1238
1468	-3.51091
1469	-2.26941
1470	2.3233
1471	-2.04836
1472	-1.18364
1473	0.492566
1474	0.986004
1475	1.26724
1476	-3.77901
1477	-2.66471
1478	-2.57727
1479	-2.43606
1480	-0.837045
1481	-0.649796
1482	0.204502
1483	0.724594
1484	-1.91725
1485	-3.03958
1486	-2.97462
1487	-4.57451
1488	2.17597
1489	2.54169
1490	-1.31344
1491	-0.975131
1492	-1.48704
1493	-0.595654
1494	6.23858
1495	-1.96408
1496	-1.0499
1497	-2.09504
1498	-5.23487
1499	-3.00531
1500	-9.26993
1501	-7.53979
1502	-4.69532
1503	-4.15687
1504	-1.64844
1505	-0.604273
1506	-4.19077
1507	-2.73733
1508	-5.64104
1509	-4.93731
1510	-3.78172
1511	-5.89424
1512	-2.48438
1513	-1.87805
1514	-3.57372
1515	0.0331663
1516	-3.36968
1517	-4.2668
1518	-7.75326
1519	-4.73417
1520	2.33661
1521	1.00081
1522	-0.31453
1523	-0.863777
1524	-8.45253
1525	-3.49598
1526	-1.79681
1527	-3.07183
1528	1.85656
1529	-0.072438
1530	-0.778234
1531	0.206776
1532	-3.56509
1533	-1.1907
1534	-3.99331
1535	-2.48108
1536	1.52324
1537	2.07384
1538	2.46202
1539	0.61075
1540	1.67648
1541	-0.16275
1542	-3.87568
1543	6.57782
1544	-3.54508
1545	-1.69946
1546	-5.69859
1547	-3.84041
1548	-8.18109
1549	-6.06036
1550	-6.5579
1551	-1.39141
1552	-2.43136
1553	-3.13709
1554	-1.61787
1555	-1.35876
1556	-5.97632
1557	-4.93218
1558	-5.90913
1559	-4.26303
1560	-1.15951
1561	-1.7264
1562	-1.01117
1563	-0.935521
1564	-5.94211
1565	-4.31474
1566	-5.11308
1567	-6.20313
1568	1.18546
1569	1.52776
1570	0.836482
1571	1.46627
1572	-3.29288
1573	-2.42497
1574	-2.67816
1575	-3.50618
1576	1.80213
1577	1.59155
1578	1.10619
1579	3.20282
1580	-1.48838
1581	-3.81249
1582	-3.07918
1583	-0.848139
1584	2.29368
1585	3.74014
1586	0.807335
1587	0.519389
1588	0.226412
1589	-2.98232
1590	6.69154
1591	-7.54027
1592	-1.32286
1593	-1.12135
1594	-5.21413
1595	-7.45392
1596	-8.5912
1597	-5.86365
1598	-5.5621
1599	-7.73602
1600	-2.56256
1601	-2.58047
1602	-1.22782
1603	-3.74048
1604	-5.62958
1605	-5.67065
1606	-7.26929
1607	-6.7588
1608	-0.991025
1609	-0.738883
1610	-2.19998
1611	0.125073
1612	-0.958233
1613	-5.44633
1614	-5.8045
1615	-5.01336
1616	1.41661
1617	0.30184
1618	-0.662935
1619	-0.16858
1620	-2.17298
1621	-7.11754
1622	-3.48806
1623	-2.37198
1624	0.0935975
1625	0.517678
1626	-1.59827
1627	0.267379
1628	-4.47332
1629	-7.91674
1630	-1.91311
1631	-3.43329
1632	-1.74048
1633	-1.01055
1634	2.41084
1635	-0.992228
1636	-3.39104
1637	-3.53386
1638	-3.2064
1639	-4.24584
1640	3.42706
1641	0.803288
1642	-0.769599
1643	-1.85616
1644	-6.59617
1645	-4.92989
1646	-6.17049
1647	-9.35614
1648	-3.44079
1649	-2.93813
1650	-2.70176
1651	-1.46648
1652	-5.86178
1653	-0.957734
1654	-7.85189
1655	-6.0664
1656	0.0597013
1657	-1.24232
1658	-1.5448
1659	-2.38753
1660	-3.89515
1661	-4.03595
1662	-7.24254
1663	-6.5606
1664	0.151478
1665	-0.875192
1666	0.0448081
1667	-3.00739
1668	-3.74295
1669	-5.27512
1670	-3.48831
1671	-2.14947
1672	2.75344
1673	2.4216
1674	1.93462
1675	2.87434
1676	-2.14943
1677	-2.40184
1678	-3.44784
1679	-2.4676
1680	1.27084
1681	1.77208
1682	-0.701134
1683	-0.32293
1684	-1.19077
1685	-3.13421
1686	-3.94134
1687	-3.66609
1688	-12.0501
1689	2.703
1690	-1.39935
1691	1.71037
1692	-6.74532
1693	-8.5303
1694	-7.48817
1695	-6.00083
1696	-0.589346
1697	-1.05003
1698	-2.68684
1699	-1.34526
1700	-7.12364
1701	-6.53746
1702	-4.59248
1703	-6.70448
1704	0.69978
1705	-0.347483
1706	0.329135
1707	-1.87506
1708	-5.51414
1709	-3.12923
1710	-5.76427
1711	-5.51251
1712	3.21408
1713	1.399
1714	1.20318
1715	-0.228212
1716	-5.01206
1717	-3.78667
1718	-1.68395
1719	-4.86958
1720	1.96357
1721	0.517652
1722	1.65281
1723	1.38519
1724	-5.1019
1725	-4.34343
1726	-3.49481
1727	-5.83965
1728	2.30128
1729	0.569121
1730	-0.68172
1731	-0.889645
1732	-3.32776
1733	-3.6494
1734	-1.12163
1735	-3.26275
1736	0.824586
1737	0.876398
1738	1.26544
1739	1.75135
1740	-7.10233
1741	-7.16882
1742	-7.97446
1743	-3.73104
1744	-2.37061
1745	-1.76651
1746	-3.54667
1747	-2.37025
1748	-6.3642
1749	-6.15083
1750	-5.65768
1751	-4.5819
1752	-2.15133
1753	-1.16971
1754	-3.19556
1755	-3.68416
1756	-6.26406
1757	-6.70245
1758	-5.86895
1759	-5.90228
1760	0.171153
1761	-0.0649947
1762	0.28333
1763	1.28057
1764	-4.16604
1765	-3.14944
1766	-1.42928
1767	-4.7784
1768	3.42152
1769	-0.0166033
1770	1.37753
1771	-1.50374
1772	-3.60279
1773	-4.17189
1774	-3.9391
1775	-3.74296
1776	0.571727
1777	-2.23189
1778	-0.52836
1779	-2.88229
1780	-1.27705
1781	-3.18145
1782	-3.47409
1783	-2.7556
1784	2.30023
1785	0.0632005
1786	3.49232
1787	1.30314
1788	-7.45359
1789	-8.0009
1790	-7.68262
1791	-4.61465
1792	-2.14952
1793	-0.604071
1794	-6.43958
1795	-3.07932
1796	-7.56678
1797	-5.67815
1798	-4.62272
1799	-7.19454
1800	-1.70757
1801	-1.19928
1802	-2.14393
1803	-1.59816
1804	-6.15302
1805	-5.61177
1806	-8.89249
1807	-7.00558
1808	1.88939
1809	-2.24394
1810	-0.477727
1811	0.345016
1812	-3.13411
1813	-3.98264
1814	-0.786366
1815	-3.55823
1816	-1.70317
1817	-2.73872
1818	-0.668742
1819	-3.36319
1820	-4.8054
1821	-5.48775
1822	-3.45207
1823	-4.62083
1824	-1.44881
1825	0.210396
1826	-1.52487
1827	-3.23836
1828	-4.90732
1829	-4.23385
1830	-6.31061
1831	-4.4919
1832	0.953736
1833	0.630616
1834	1.83465
1835	1.78247
1836	-8.2339
1837	-8.47206
1838	-4.77332
1839	-6.57878
1840	0.434728
1841	-4.39915
1842	-3.08127
1843	-2.73588
1844	-9.72504
1845	-9.50463
1846	-6.30058
1847	-6.3779
1848	-2.17942
1849	-0.590817
1850	-3.29394
1851	-1.70166
1852	-5.33426
1853	-5.2256
1854	-7.36658
1855	-4.90948
1856	-2.94636
1857	-4.65394
1858	-1.13584
1859	-1.68914
1860	-0.307029
1861	-1.02925
1862	-2.06078
1863	0.384294
1864	-2.20781
1865	-2.12213
1866	-3.5103
1867	-3.45109
1868	1.54056
1869	4.05736
1870	-1.88141
1871	-0.0568836
1872	-2.03767
1873	0.483977
1874	-5.68476
1875	-5.05546
1876	-2.91626
1877	-1.15598
1878	-3.74748
1879	-2.81472
1880	-2.23289
1881	1.73098
1882	0.0334586
1883	-3.56256
1884	-5.37273
1885	-1.88329
1886	-3.58629
1887	-3.00687
1888	-4.7459
1889	-2.72259
1890	-4.07501
1891	-5.78292
1892	-2.57162
1893	-1.41169
1894	1.02933
1895	0.992023
1896	-6.32684
1897	-4.73514
1898	-6.741
1899	-6.57825
1900	-1.49168
1901	0.193267
1902	-4.96101
1903	2.42665
1904	-0.767471
1905	-0.456845
1906	-2.95197
1907	-3.13877
1908	0.558654
1909	-0.789995
1910	0.924872
1911	-0.876354
1912	-4.21434
1913	-0.906874
1914	-2.64394
1915	-2.5803
1916	-2.99772
1917	-2.60596
1918	-0.668482
1919	-3.08503
1920	-3.16941
1921	-1.64503
1922	-3.60339
1923	-4.37747
1924	-7.12803
1925	-5.96848
1926	-1.83604
1927	-5.15391
1928	-2.62833
1929	0.518204
1930	-1.90926
1931	-0.974377
1932	-5.31981
1933	-2.31874
1934	-1.26642
1935	-1.3886
1936	-4.30363
1937	-4.96232
1938	-6.21595
1939	-5.04476
1940	-0.980199
1941	-2.16907
1942	-1.25585
1943	-0.902762
1944	-7.05919
1945	-2.57515
1946	-4.95856
1947	-1.11966
1948	1.00399
1949	-1.68667
1950	-4.64912
1951	-0.326398
1952	-0.248762
1953	-2.37335
1954	-2.26918
1955	-1.87752
1956	0.216664
1957	1.746
1958	-0.709824
1959	-0.720259
1960	-4.08827
1961	0.0371904
1962	-3.79997
1963	-1.59442
1964	1.63105
1965	-1.85611
1966	-0.326156
1967	-0.961134
1968	-1.2125
1969	-2.59409
1970	-3.21183
1971	-2.75585
1972	-3.00419
1973	0.574127
1974	-3.13453
1975	-2.07269
1976	-2.82114
1977	-4.47204
1978	-3.47708
1979	-4.7767
1980	-0.606817
1981	-1.90978
1982	-2.81519
1983	-2.72036
1984	-6.1694
1985	-4.94915
1986	-4.15563
1987	-3.60241
1988	-3.14544
1989	-4.39252
1990	-1.18444
1991	-1.74838
1992	-5.83178
1993	-6.074
1994	-6.66093
1995	-2.94828
1996	-2.8951
1997	-2.7577
1998	-2.44765
1999	-2.5915
2000	-3.4921
2001	-3.74492
2002	-3.45286
2003	-2.61143
2004	-0.978902
2005	-0.292134
2006	-4.00962
2007	-3.06991
2008	-2.70021
2009	-3.59472
2010	-3.19683
2011	-2.56945
2012	-1.80827
2013	-3.42831
2014	-2.14776
2015	-1.19705
2016	-6.92798
2017	-3.21284
2018	-4.13345
2019	-6.22816
2020	-2.15141
2021	-0.298995
2022	-2.56241
2023	0.0860282
2024	-2.9744
2025	-5.62203
2026	-2.2314
2027	-4.38313
2028	-4.35521
2029	-4.82096
2030	-5.74271
2031	-5.8865
2032	-6.72768
2033	-9.01863
2034	-8.22945
2035	-7.90706
2036	-4.94535
2037	-3.09318
2038	-3.07832
2039	-1.86642
2040	-6.58303
2041	-5.00365
2042	-6.47382
2043	-6.23135
2044	-4.96606
2045	-0.821511
2046	-3.9072
2047	-3.13609
2048	-3.86667
2049	-4.53742
2050	-2.79394
2051	-2.49639
2052	0.206526
2053	-1.07524
2054	-0.347539
2055	-0.641457
2056	-1.18662
2057	-1.22473
2058	-1.38631
2059	-3.94916
2060	-4.43067
2061	-0.926839
2062	-0.748808
2063	-1.29066
2064	-3.1854
2065	-0.0658935
2066	-2.35785
2067	-4.64182
2068	-0.393747
2069	-1.41324
2070	-0.727927
2071	0.538959
2072	0.40377
2073	-4.13647
2074	-2.69129
2075	-0.433417
2076	-5.8694
2077	-5.2832
2078	-1.20411
2079	-2.00648
2080	-5.30429
2081	-6.01815
2082	-8.14103
2083	-8.53137
2084	-5.38292
2085	-2.56077
2086	0.700712
2087	-1.13515
2088	-5.95264
2089	-6.68081
2090	-7.02022
2091	-4.73076
2092	-3.49222
2093	-3.08283
2094	-3.31894
2095	-2.34124
2096	-4.89983
2097	-4.54268
2098	-7.30167
2099	-3.46654
2100	0.462479
2101	-2.05562
2102	-1.32076
2103	-1.96974
2104	-1.04697
2105	-4.0907
2106	-5.01292
2107	-1.85164
2108	-1.95611
2109	-2.69914
2110	-1.61295
2111	-3.21094
2112	-4.91636
2113	1.28087
2114	-6.10874
2115	-7.51607
2116	-2.87849
2117	0.0329206
2118	-4.12911
2119	-2.73787
2120	-3.21495
2121	-4.4513
2122	-1.97299
2123	-6.13685
2124	-1.90941
2125	-2.37758
2126	-2.46607
2127	-1.84917
2128	-5.71715
2129	-6.64592
2130	-9.59155
2131	-6.60835
2132	-4.04086
2133	-2.28099
2134	-1.08782
2135	-2.82923
2136	-7.70666
2137	-5.82804
2138	-7.73214
2139	-5.95375
2140	-3.20758
2141	-2.7896
2142	-6.04394
2143	-2.71334
2144	-4.31894
2145	-0.996174
2146	-4.20985
2147	-4.21061
2148	-1.61482
2149	-1.25347
2150	-2.36522
2151	-2.93125
2152	-5.12629
2153	-3.5905
2154	-3.46913
2155	-3.19714
2156	-2.28106
2157	-0.740644
2158	-3.12689
2159	-3.19488
2160	-3.43428
2161	-5.60576
2162	-5.83156
2163	-6.60832
2164	-3.04872
2165	-2.57783
2166	1.5132
2167	-1.25712
2168	-7.85398
2169	-5.81345
2170	-4.30209
2171	-3.11062
2172	-4.94461
2173	-3.38828
2174	-3.08303
2175	-0.644973
2176	-8.14886
2177	-8.11894
2178	-5.90745
2179	-5.69986
2180	-1.9474
2181	-4.42807
2182	-4.19664
2183	-0.842173
2184	-6.19779
2185	-5.98989
2186	-7.71061
2187	-6.79858
2188	-4.34944
2189	-4.26811
2190	-1.14524
2191	-2.23882
2192	-4.11491
2193	-3.80796
2194	-2.56395
2195	-3.81478
2196	-3.47649
2197	-1.8521
2198	5.56161
2199	6.77557
2200	-1.62855
2201	-5.09557
2202	-4.42501
2203	-5.16997
2204	-2.40737
2205	-1.13712
2206	-2.51989
2207	-1.86277
2208	-6.78916
2209	-6.64394
2210	-4.86172
2211	-3.70588
2212	-2.18596
2213	-2.18596
2214	-2.99919
2215	-1.23309
2216	-5.53468
2217	-5.91276
2218	-1.9724
2219	-2.89357
2220	-3.11667
2221	-7.1261
2222	-1.00359
2223	-1.07727
2224	-7.65244
2225	-9.88302
2226	-6.28485
2227	-8.74303
2228	-5.30076
2229	-5.95181
2230	-0.248647
2231	-3.99394
2232	-5.38983
2233	-3.00756
2234	-7.63638
2235	-7.67062
2236	-2.98173
2237	-3.98616
2238	-3.0008
2239	-4.11062
2240	0
2241	0
2242	0
2243	0
2244	0
2245	0
2246	0
2247	0
2248	0
2249	0
2250	0
2251	0
2252	0
2253	0
2254	0
2255	0
2256	0
2257	0
2258	0
2259	0
2260	0
2261	0
2262	0
2263	0
2264	0
2265	0
2266	0
2267	0
2268	0
2269	0
2270	0
2271	0
2272	0
2273	0
2274	0
2275	0
2276	0
2277	0
2278	0
2279	0
2280	0
2281	0
2282	0
2283	0
2284	0
2285	0
2286	0
2287	0
2288	0
2289	0
2290	0
2291	0
2292	0
2293	0
2294	0
2295	0
2296	0
2297	0
2298	0
2299	0
2300	0
2301	0
2302	0
2303	0
2304	0
2305	0
2306	0
2307	0
2308	0
2309	0
2310	0
2311	0
2312	0
2313	0
2314	0
2315	0
2316	0
2317	0
2318	0
2319	0
2320	0
2321	0
2322	0
2323	0
2324	0
2325	0
2326	0
2327	0
2328	0
2329	0
2330	0
2331	0
2332	0
2333	0
2334	0
2335	0
2336	0
2337	0
2338	0
2339	0
2340	0
2341	0
2342	0
2343	0
2344	0
2345	0
2346	0
2347	0
2348	0
2349	0
2350	0
2351	0
2352	0
2353	0
2354	0
2355	0
2356	0
2357	0
2358	0
2359	0
2360	29.7672
2361	24.4767
2362	30.2738
2363	30.4048
2364	26.9781
2365	30.1898
2366	27.361
2367	30.1834
2368	30.5637
2369	28.4622
2370	25.8517
2371	24.8399
2372	25.9168
2373	25.3173
2374	31.4573
2375	31.4688
2376	32.5603
2377	25.7495
2378	29.746
2379	32.7102
2380	28.1928
2381	30.2
2382	31.0558
2383	28.5907
2384	36.1474
2385	31.1248
2386	32.6003
2387	24.9443
2388	30.0882
2389	30.4449
2390	28.0026
2391	29.9654
2392	34.3538
2393	35.5786
2394	31.6291
2395	36.0185
2396	29.839
2397	25.6028
2398	30.5164
2399	24.6836
2400	18.441
2401	26.4861
2402	33.977
2403	34.2152
2404	32.0377
2405	34.1824
2406	29.6222
2407	28.64
2408	24.1148
2409	24.76
2410	24.2589
2411	24.7407
2412	27.3448
2413	26.9742
2414	35.2282
2415	30.3017
2416	30.3066
2417	34.8855
2418	33.5389
2419	30.6352
2420	33.4536
2421	31.2595
2422	29.6313
2423	30.9219
2424	38.2864
2425	33.1007
2426	33.1544
2427	33.0983
2428	30.4054
2429	35.5832
2430	33.8906
2431	27.5445
2432	34.9566
2433	30.3782
2434	27.8634
2435	30.8481
2436	32.619
2437	34.3526
2438	30.7393
2439	33.0293
2440	32.0389
2441	36.0368
2442	31.8751
2443	30.0454
2444	29.3196
2445	25.4465
2446	32.0831
2447	26.5101
2448	31.2016
2449	34.6687
2450	24.1724
2451	35.3838
2452	32.4354
2453	34.3062
2454	28.8511
2455	0
2456	35.799
2457	30.3714
2458	29.3805
2459	30.9451
2460	30.1628
2461	33.5785
2462	35.1468
2463	33.5254
2464	34.644
2465	35.9052
2466	31.751
2467	27.8034
2468	28.8968
2469	34.2181
2470	27.5977
2471	27.4726
2472	32.2553
2473	35.7593
2474	35.5951
2475	31.9149
2476	31.7902
2477	31.8181
2478	34.8818
2479	31.1897
2480	33.2981
2481	33.5058
2482	33.8994
2483	30.6905
2484	31.9636
2485	36.7558
2486	35.4616
2487	37.7988
2488	36.7713
2489	37.2699
2490	32.29
2491	27.8536
2492	36.0874
2493	33.4943
2494	28.8406
2495	30.2474
2496	33.5702
2497	31.6811
2498	38.2864
2499	36.074
2500	36.9136
2501	36.7921
2502	33.2096
2503	34.5334
2504	34.2612
2505	32.4395
2506	28.2711
2507	34.4719
2508	33.0642
2509	38.1669
2510	34.6293
2511	35.7237
2512	36.5455
2513	36.1725
2514	31.6091
2515	35.4168
2516	34.26
2517	30.1272
2518	31.6292
2519	29.3107
2520	33.3359
2521	31.3264
2522	35.7601
2523	34.383
2524	38.514
2525	35.8867
2526	32.0021
2527	33.6826
2528	33.4932
2529	29.9372
2530	32.3153
2531	32.3301
2532	36.341
2533	33.563
2534	36.6752
2535	35.4566
2536	33.9661
2537	34.1396
2538	33.5854
2539	25.2458
2540	33.8133
2541	31.2189
2542	31.9523
2543	29.1601
2544	25.8962
2545	27.9265
2546	29.2813
2547	33.9155
2548	31.6218
2549	34.0999
2550	26.8625
2551	36.8809
2552	31.5969
2553	30.1037
2554	30.226
2555	26.5682
2556	29.537
2557	30.4163
2558	31.6608
2559	32.9074
2560	30.6394
2561	30.3979
2562	31.6698
2563	35.7449
2564	28.7247
2565	27.9871
2566	28.0004
2567	28.8066
2568	30.5299
2569	31.3331
2570	29.7576
2571	29.1538
2572	27.4434
2573	29.5926
2574	27.3215
2575	29.8534
2576	29.4877
2577	26.7099
2578	33.5508
2579	29.1443
2580	31.5826
2581	24.3846
2582	29.3485
2583	24.9126
2584	29.6864
2585	30.1354
2586	26.861
2587	26.02
2588	27.2948
2589	30.0535
2590	27.6738
2591	27.6895
2592	32.8019
2593	31.5798
2594	28.1152
2595	30.7966
2596	0
2597	0
2598	0
2599	0
2600	0
2601	0
2602	0
2603	0
2604	0
2605	0
2606	0
2607	0
2608	0
2609	0
2610	0
2611	0
2612	0
2613	0
2614	0
2615	0
2616	0
2617	0
2618	0
2619	0
2620	0
2621	0
2622	0
2623	0
2624	0
2625	0
2626	0
2627	0
2628	0
2629	0
2630	0
2631	0
2632	0
2633	0
2634	0
2635	0
2636	0
2637	0
2638	0
2639	0
2640	0
2641	0
2642	0
2643	0
2644	0
2645	0
2646	0
2647	0
2648	0
2649	0
2650	0
2651	0
2652	0
2653	0
2654	0
2655	0
2656	0
2657	0
2658	0
2659	0
2660	0
2661	0
2662	0
2663	0
2664	0
2665	0
2666	0
2667	0
2668	0
2669	0
2670	0
2671	0
2672	0
2673	0
2674	0
2675	0
2676	0
2677	0
2678	0
2679	0
2680	0
2681	0
2682	0
2683	0
2684	0
2685	0
2686	0
2687	0
2688	0
2689	0
2690	0
2691	0
2692	0
2693	0
2694	0
2695	0
2696	0
2697	0
2698	0
2699	0
2700	0
2701	0
2702	0
2703	0
2704	0
2705	0
2706	0
2707	0
2708	0
2709	0
2710	0
2711	0
2712	0
2713	0
2714	0
2715	0
