0	-1.38595
1	-0.134034
2	-2.96168
3	-2.77678
4	-1.93055
5	-1.41661
6	-5.22122
7	-1.384
8	-2.29054
9	-6.79434
10	-2.92002
11	-7.53348
12	-2.61805
13	-1.10482
14	-0.843403
15	-2.53284
16	0.793368
17	-3.16967
18	-3.93876
19	-1.52055
20	0.546378
21	-4.11671
22	-2.02517
23	-0.00578819
24	-4.33172
25	-5.05641
26	-3.77694
27	-5.31275
28	-3.09888
29	-5.77435
30	-3.61815
31	-3.46682
32	-10.4187
33	-8.7252
34	-6.76055
35	-7.69864
36	-5.80747
37	-5.48178
38	-5.72232
39	-2.77814
40	-6.85555
41	-5.67578
42	-5.39279
43	-7.68581
44	-12.1369
45	-6.926
46	-4.59304
47	-5.64721
48	1.71379
49	0.663205
50	-3.84959
51	-2.46455
52	1.51037
53	-1.5447
54	-0.0336068
55	-0.808864
56	-0.577997
57	-1.43945
58	-2.58523
59	0.497169
60	2.46129
61	-0.312912
62	0.464263
63	-1.86356
64	-1.57365
65	-1.75691
66	-1.60164
67	-1.14176
68	1.16396
69	-1.55607
70	-2.818
71	-1.10475
72	-2.05747
73	-4.49914
74	-6.06325
75	-4.77079
76	-2.75377
77	-3.28353
78	-3.26673
79	-4.06126
80	-7.12515
81	-7.02112
82	-6.4142
83	-6.72268
84	-4.71543
85	-2.60627
86	-3.10953
87	-3.09881
88	-4.84721
89	-5.38667
90	-4.80455
91	-4.90265
92	-8.43731
93	-7.81131
94	-6.50518
95	-9.46115
96	6.19974
97	4.49162
98	-0.729996
99	-0.433419
100	1.44532
101	1.09765
102	0.601408
103	1.5034
104	-0.758168
105	-2.75598
106	1.10249
107	-0.694499
108	1.25261
109	1.08072
110	1.94149
111	2.0141
112	-2.80097
113	-2.80946
114	-3.15731
115	-0.953582
116	-1.63159
117	-1.78272
118	-3.34883
119	-1.1099
120	-5.27603
121	-4.62303
122	-6.31879
123	-4.6418
124	-1.93258
125	-3.54902
126	-3.82919
127	-1.90673
128	-6.08355
129	-3.26516
130	-4.8117
131	-3.13564
132	-0.952136
133	-3.13182
134	-0.7309
135	1.98501
136	-3.34403
137	-4.45152
138	-4.12073
139	-2.43768
140	-5.42206
141	-7.68855
142	-6.08899
143	-8.12481
144	2.61077
145	1.18777
146	-2.67164
147	-1.47981
148	0.728978
149	1.03508
150	1.16253
151	1.01218
152	-4.59903
153	-1.45377
154	-0.747536
155	0.663783
156	0.791153
157	3.50413
158	1.39609
159	1.26887
160	1.69702
161	1.28157
162	-0.280545
163	-2.38466
164	-0.158691
165	-1.34363
166	-3.78558
167	-1.89986
168	-1.72593
169	-4.34893
170	-8.19883
171	-7.74733
172	-2.27307
173	-2.75619
174	-0.816135
175	-4.75555
176	-2.918
177	-4.83264
178	-1.99865
179	-4.03978
180	-0.762178
181	0.0112071
182	-3.33744
183	-2.07872
184	0.445213
185	-4.49305
186	-3.74861
187	0.50292
188	-6.7653
189	-3.19039
190	-5.99217
191	-8.9527
192	4.15469
193	3.92353
194	-1.62089
195	-0.911454
196	0.393098
197	0.366308
198	-0.758099
199	2.03449
200	-1.02297
201	0.789863
202	-0.707397
203	-3.53336
204	1.7181
205	0.252195
206	0.103424
207	2.38915
208	0.449305
209	-0.872801
210	-20.877
211	0.258928
212	0.182137
213	-1.35706
214	-4.34968
215	-3.2106
216	-4.4053
217	-4.70805
218	-2.47073
219	-4.95625
220	-1.85433
221	-5.24857
222	-1.89189
223	-0.459844
224	-4.06646
225	-3.16414
226	-6.54486
227	-4.10054
228	-2.52081
229	-1.22863
230	-2.99756
231	-2.76898
232	-0.228107
233	-2.20572
234	-2.0543
235	0.655011
236	-6.36158
237	-5.19873
238	-8.2361
239	-10.5649
240	2.24491
241	4.69665
242	-0.36626
243	-1.42055
244	-0.840676
245	-1.9425
246	0.410866
247	-0.149593
248	1.90017
249	-0.690816
250	-0.28451
251	-0.197688
252	2.27462
253	1.23019
254	2.42478
255	-0.355371
256	0.214455
257	0.818201
258	-0.610734
259	-1.31666
260	0.750991
261	-2.49377
262	-5.87938
263	-4.04315
264	-3.21032
265	-2.9026
266	-4.04398
267	-7.56545
268	-0.520201
269	-1.449
270	-2.58977
271	-1.61219
272	-4.67283
273	-2.55924
274	-0.501713
275	-1.6612
276	-0.822776
277	-2.01622
278	-0.701521
279	-0.981301
280	0.114065
281	0.548448
282	-0.502142
283	-0.179156
284	-4.65341
285	-0.433638
286	-9.15805
287	-6.83963
288	4.69489
289	3.47828
290	0.0637298
291	-0.170251
292	-0.950732
293	1.38632
294	-1.6283
295	3.51379
296	-0.627715
297	0.499998
298	-1.78136
299	-1.08197
300	0.808425
301	4.14398
302	2.29513
303	1.017
304	1.27786
305	-0.247212
306	-3.24285
307	-0.569619
308	-5.75006
309	-10.1355
310	-7.58608
311	-8.8355
312	-3.66672
313	-3.66883
314	-3.62111
315	-3.46861
316	-1.79799
317	1.90809
318	-2.88917
319	-0.500656
320	-4.72937
321	-5.999
322	-7.45499
323	-6.06421
324	-5.06232
325	-1.83293
326	-3.51577
327	-7.26267
328	-2.87793
329	-5.96715
330	-5.62104
331	-1.52898
332	-8.89992
333	-7.95453
334	-3.36055
335	-4.7437
336	5.47462
337	3.7141
338	0.759574
339	2.68268
340	2.81722
341	0.148268
342	2.63292
343	2.19736
344	-0.987893
345	-0.287723
346	1.31479
347	-0.327213
348	2.55682
349	0.118884
350	2.61201
351	1.59803
352	-1.03029
353	0.616884
354	1.82652
355	0.502313
356	-2.96827
357	-4.56164
358	-5.88708
359	-10.0327
360	-0.637365
361	-5.18257
362	-3.31188
363	-0.588753
364	-3.17419
365	-1.92346
366	-2.58682
367	-2.22369
368	-3.84671
369	-4.1025
370	-2.0848
371	-5.97188
372	0.421582
373	1.30586
374	-0.946801
375	3.61134
376	-1.39064
377	1.9841
378	-0.546811
379	-1.31083
380	-3.84449
381	-6.04674
382	-8.29238
383	-7.37725
384	-2.05442
385	-3.03663
386	4.35975
387	0.619455
388	-4.26976
389	-5.39552
390	-6.45059
391	-4.25394
392	1.52355
393	2.10656
394	-0.446945
395	0.810332
396	-5.87922
397	-3.90378
398	-5.50203
399	-2.58276
400	-0.595533
401	-1.38354
402	2.24107
403	-1.51517
404	-5.9554
405	-6.63484
406	-7.64475
407	-7.97241
408	0.853723
409	-3.19614
410	0.126597
411	-3.6792
412	-6.43176
413	-8.06055
414	-4.98054
415	-8.0903
416	-3.17746
417	-4.16196
418	-3.40372
419	-2.7196
420	-6.06606
421	-8.06453
422	-7.1302
423	-4.54266
424	-12.6205
425	-13.236
426	-12.8174
427	-13.0025
428	-10.821
429	-9.17305
430	-14.5673
431	-13.3466
432	-3.78055
433	-3.42166
434	1.25503
435	-1.22109
436	-3.56968
437	-7.22574
438	-2.69617
439	-5.72071
440	1.36231
441	0.237037
442	0.163777
443	1.8102
444	-0.714374
445	-3.85455
446	-3.07179
447	-4.40733
448	1.01664
449	-0.752097
450	2.28168
451	-2.5446
452	-0.750973
453	-7.08264
454	-8.68171
455	-7.98283
456	-1.077
457	-1.76025
458	-3.59957
459	-3.48661
460	-6.45875
461	-5.98007
462	-5.16777
463	-8.63843
464	-3.34699
465	-3.27251
466	-5.86932
467	-4.0503
468	-5.25562
469	-5.03375
470	-7.38504
471	-5.07194
472	-11.9072
473	-13.9112
474	-13.5502
475	-12.9786
476	-13.8092
477	-13.1158
478	-13.4943
479	-13.1592
480	3.92692
481	1.17128
482	0.240829
483	2.08693
484	-6.04792
485	-4.31718
486	-4.3989
487	-4.65517
488	1.94791
489	2.38825
490	1.17203
491	-0.169399
492	-2.97725
493	-2.41416
494	-1.97223
495	-4.28517
496	0.657871
497	0.996306
498	-0.252402
499	-0.00236355
500	-1.1425
501	-7.18906
502	-7.16907
503	-6.62424
504	-1.08054
505	-0.988756
506	-4.29393
507	-1.60137
508	-6.3147
509	-8.49269
510	-6.34808
511	-5.8664
512	-3.40452
513	-4.82864
514	0.199901
515	-3.74617
516	-5.0554
517	-6.36993
518	-6.80675
519	-5.95917
520	-11.9447
521	-14.5389
522	-9.46616
523	-11.004
524	-10.4454
525	-11.7404
526	-11.3009
527	-8.95039
528	2.80901
529	1.83777
530	-1.92722
531	-1.921
532	-3.1614
533	-2.01823
534	-3.77521
535	-5.78368
536	-1.42682
537	-1.26527
538	1.02552
539	-0.258713
540	-5.76123
541	-5.94638
542	-7.03885
543	-2.08887
544	3.21245
545	2.27013
546	-2.73984
547	-0.475189
548	-5.62747
549	-7.5948
550	-9.1023
551	-9.80523
552	-0.638568
553	1.26989
554	-0.621473
555	0.78245
556	-5.69068
557	-5.73883
558	-5.16444
559	-5.4968
560	-3.84302
561	-0.778504
562	-2.31801
563	-0.236016
564	-6.53894
565	-4.12897
566	-6.59092
567	-5.5999
568	-11.4369
569	-11.9075
570	-10.5747
571	-10.8485
572	-6.73259
573	-6.8413
574	-11.3806
575	-11.8927
576	0.407334
577	0.384303
578	2.30443
579	2.16345
580	-3.20809
581	-2.4484
582	-2.17401
583	-1.50014
584	2.19695
585	1.21059
586	2.03979
587	0.671037
588	-5.93948
589	-4.46232
590	-0.626022
591	-3.14285
592	2.32117
593	-1.9434
594	0.765986
595	0.789375
596	-3.99715
597	-7.01961
598	-5.82034
599	-6.31455
600	1.01811
601	-0.952626
602	-0.174269
603	0.925367
604	-6.73288
605	-4.04909
606	-5.00151
607	-5.64679
608	-2.50435
609	-4.26195
610	-1.86975
611	-1.35921
612	-5.25418
613	-6.26335
614	-5.86626
615	-5.49942
616	-11.015
617	-12.0584
618	-10.2593
619	-9.37235
620	-11.1206
621	-9.44394
622	-13.3597
623	-11.8141
624	2.35225
625	2.69802
626	3.9413
627	2.01712
628	-1.72221
629	-0.280101
630	-1.54944
631	-4.57242
632	2.72809
633	4.03894
634	0.385652
635	0.511837
636	-2.4002
637	-0.00266315
638	-2.05062
639	-0.115763
640	2.34231
641	1.46739
642	1.75463
643	1.68357
644	-0.831831
645	-5.51133
646	-4.68364
647	1.7782
648	-9.72123
649	-8.92142
650	-10.9632
651	-11.8144
652	-6.27906
653	-8.47494
654	-5.23702
655	-5.50819
656	-2.99388
657	-2.59175
658	-2.5605
659	-4.03689
660	-6.93528
661	-5.04334
662	-6.44354
663	-5.23708
664	-10.7373
665	-8.3134
666	-9.47903
667	-9.84775
668	-9.97173
669	-10.3136
670	-8.37409
671	-7.88248
672	3.19314
673	1.54939
674	1.28369
675	1.34876
676	-1.51356
677	-3.79295
678	-2.08664
679	-4.3881
680	2.13744
681	3.91627
682	4.45218
683	2.89776
684	-4.94756
685	-5.50103
686	-3.30838
687	-6.20832
688	2.92688
689	-1.66662
690	0.369531
691	1.20345
692	-0.00256051
693	-2.83541
694	3.13969
695	-6.98368
696	-8.58608
697	-9.35911
698	-10.3449
699	-8.82918
700	-6.85305
701	-4.49605
702	-6.7255
703	-4.81605
704	-2.6934
705	-4.03253
706	0.196699
707	-1.5393
708	-6.63576
709	-4.33065
710	-3.84803
711	-6.35561
712	-11.8787
713	-8.28216
714	-10.7102
715	-11.7734
716	-8.5619
717	-8.2863
718	-11.2859
719	-11.046
720	-3.65965
721	-4.3749
722	1.12579
723	2.68749
724	-2.58928
725	-3.15754
726	-3.87239
727	-2.74878
728	3.01892
729	1.62945
730	0.177788
731	2.79247
732	-5.23663
733	-7.14722
734	-5.73893
735	-4.35689
736	1.04765
737	0.81409
738	-2.51011
739	-2.91222
740	-2.0809
741	-2.15032
742	-4.6794
743	3.42691
744	-7.43366
745	-6.70358
746	-10.2982
747	-8.13565
748	-3.48209
749	-4.12403
750	-6.36941
751	-3.93541
752	-3.26826
753	-3.0633
754	-5.16569
755	-1.3227
756	-7.32954
757	-5.82358
758	-10.2657
759	-9.50462
760	-11.9701
761	-8.65587
762	-10.0538
763	-11.0295
764	-7.19422
765	-10.2796
766	-7.56866
767	-10.7099
768	-3.1298
769	-4.95587
770	-3.2084
771	-4.26575
772	-2.36983
773	-0.834958
774	-3.25752
775	-0.631813
776	-4.89953
777	-3.2075
778	-6.1053
779	-4.00032
780	-3.98179
781	-1.30464
782	-4.78018
783	-6.20611
784	-4.86882
785	-6.26642
786	-3.08406
787	-2.88319
788	-1.24449
789	-3.4819
790	-3.24744
791	-4.61112
792	-9.00535
793	-8.68342
794	-9.17667
795	-11.0166
796	-5.49803
797	-4.55113
798	-8.56969
799	-6.3661
800	-8.21783
801	-8.60378
802	-9.48615
803	-8.21562
804	-9.71063
805	-9.25293
806	-7.20669
807	-5.17002
808	-13.933
809	-12.3291
810	-9.45511
811	-9.05909
812	-13.4938
813	-14.3427
814	-18.1598
815	-13.3972
816	-5.4925
817	-2.98159
818	-5.76093
819	-4.19813
820	-1.51794
821	-1.53362
822	-1.45068
823	-1.69224
824	-6.42394
825	-4.73443
826	-4.95084
827	-7.08159
828	-2.40999
829	-3.67561
830	-3.75041
831	-4.11412
832	-1.00633
833	-6.78332
834	-3.83221
835	-5.36077
836	-2.96113
837	-3.75656
838	-5.45513
839	-4.12139
840	-6.60869
841	-7.15795
842	-10.9478
843	-8.33809
844	-5.27528
845	-4.35839
846	-6.22359
847	-8.42662
848	-8.13796
849	-7.69906
850	-7.99569
851	-6.94606
852	-2.2301
853	-7.87981
854	-6.95604
855	-5.37766
856	-12.5208
857	-11.8158
858	-8.72414
859	-10.1241
860	-22.2994
861	-15.665
862	-15.472
863	-13.4805
864	-4.02254
865	-4.13844
866	-3.87557
867	-2.51672
868	-2.32995
869	-4.07871
870	-1.33275
871	-1.69067
872	-5.10128
873	-6.42063
874	-5.42251
875	-5.45945
876	-7.02845
877	-2.04847
878	-5.88736
879	-5.67213
880	-4.12604
881	-7.60897
882	-1.9885
883	-5.6827
884	-3.9749
885	-5.56942
886	-5.46978
887	-2.77749
888	-6.37275
889	-7.58224
890	-12.4416
891	-11.1892
892	-6.44711
893	-7.676
894	-5.69088
895	-10.4633
896	-9.15639
897	-8.98984
898	-8.62156
899	-6.61576
900	-5.10517
901	-6.04876
902	-5.35806
903	-5.53615
904	-12.3511
905	-12.4859
906	-9.79229
907	-9.62121
908	-11.4374
909	-12.5881
910	-16.2752
911	-15.1982
912	-2.98404
913	-2.73777
914	-5.10055
915	-3.02278
916	-0.583266
917	-2.07806
918	-1.4887
919	-1.00733
920	-5.05724
921	-3.98304
922	-2.50852
923	-0.884632
924	-0.536498
925	-1.42507
926	-0.833556
927	-0.898017
928	0.313474
929	-2.79102
930	-3.46947
931	-7.11837
932	-4.19906
933	-3.69217
934	-2.53987
935	-4.92239
936	-6.91528
937	-5.61116
938	-9.12265
939	-9.30315
940	-5.70597
941	-5.66382
942	-7.15854
943	-4.45416
944	-8.04273
945	-5.8331
946	-5.64566
947	-5.99127
948	-4.92407
949	-5.49889
950	-4.07145
951	-5.7054
952	-10.1194
953	-11.2981
954	-8.59774
955	-6.90103
956	-11.5896
957	-13.9243
958	-13.3675
959	-13.7272
960	-4.06844
961	-5.45372
962	-3.76523
963	-3.71132
964	-0.300403
965	0.183068
966	-3.66311
967	-2.18574
968	-2.02891
969	-2.05817
970	-2.42811
971	-3.96644
972	-7.00617
973	-2.30461
974	-4.40928
975	-5.04974
976	-3.99356
977	-5.32344
978	-5.92755
979	-6.02243
980	-3.71453
981	-6.74196
982	-6.60858
983	-4.60329
984	-9.19101
985	-7.99159
986	-5.32087
987	-7.34817
988	-3.45867
989	-1.93098
990	-5.92721
991	-5.27941
992	-11.6956
993	-11.4759
994	-7.5925
995	-9.17689
996	-9.23942
997	-11.5988
998	-12.3859
999	-14.2136
1000	-3.94836
1001	-1.57732
1002	-0.116511
1003	-1.48055
1004	-1.43016
1005	1.04906
1006	0.50873
1007	1.97081
1008	-1.84559
1009	-2.56105
1010	-1.1199
1011	-2.13036
1012	0.827092
1013	-1.62076
1014	-3.14762
1015	-5.93006
1016	-1.75817
1017	-2.26776
1018	-3.85098
1019	-2.93843
1020	-1.87143
1021	-3.55074
1022	-4.94881
1023	-3.51734
1024	-5.73837
1025	-5.76834
1026	-7.26494
1027	-6.2165
1028	-5.64173
1029	-4.58055
1030	-2.39581
1031	-5.72283
1032	-11.9923
1033	-11.1293
1034	-9.27646
1035	-6.25721
1036	-10.4773
1037	-12.5358
1038	-14.2053
1039	-15.2927
1040	-1.7576
1041	-2.44722
1042	0.0366263
1043	-1.70286
1044	-5.26196
1045	-5.28948
1046	-1.01861
1047	-0.133255
1048	-2.65807
1049	-2.96505
1050	-2.5689
1051	-2.23105
1052	-2.78485
1053	-0.063208
1054	-1.32581
1055	0.60021
1056	-2.18735
1057	-5.01823
1058	-0.919028
1059	-3.62019
1060	-1.96402
1061	-4.89823
1062	-5.8283
1063	-4.34803
1064	-6.91424
1065	-6.28977
1066	-4.21352
1067	-6.85987
1068	-4.04843
1069	-5.33586
1070	-5.99784
1071	-4.6071
1072	-10.4771
1073	-9.42523
1074	-9.5778
1075	-6.78654
1076	-9.93886
1077	-8.87169
1078	-13.1826
1079	-11.9147
1080	1.82591
1081	0.294066
1082	-2.22528
1083	-1.6118
1084	2.27098
1085	-0.588852
1086	-3.04312
1087	-0.126181
1088	-3.48737
1089	-2.724
1090	-2.80859
1091	-1.67603
1092	-0.646961
1093	0.456167
1094	-2.00876
1095	-1.45505
1096	-2.27048
1097	-3.60991
1098	-3.29888
1099	-5.62787
1100	-2.76402
1101	-4.82011
1102	-7.47899
1103	-3.90061
1104	-9.53542
1105	-7.90061
1106	-4.25792
1107	-7.10148
1108	-5.039
1109	-3.46122
1110	-4.43451
1111	-7.11799
1112	-11.0657
1113	-10.5026
1114	-7.21249
1115	-7.66532
1116	-7.23541
1117	-10.3249
1118	-14.1024
1119	-12.956
1120	1.06851
1121	1.08613
1122	2.69364
1123	-0.191752
1124	5.11197
1125	3.73998
1126	-0.531828
1127	-1.22837
1128	-3.29807
1129	-0.689332
1130	-2.85011
1131	-2.30038
1132	1.47158
1133	2.01945
1134	2.95744
1135	0.351387
1136	-0.619518
1137	-1.03397
1138	-2.22725
1139	-3.22503
1140	-2.82523
1141	-2.24333
1142	-1.34148
1143	-2.3635
1144	-3.67343
1145	-5.79381
1146	-5.32312
1147	-2.89992
1148	0.49203
1149	-2.41558
1150	-4.91817
1151	-4.75156
1152	-3.75131
1153	-7.48355
1154	-2.92483
1155	-1.3166
1156	-3.25109
1157	-5.80577
1158	1.96168
1159	0.166822
1160	0.94161
1161	1.2913
1162	-0.778128
1163	-1.34128
1164	1.11572
1165	-0.116461
1166	-0.971259
1167	-1.19439
1168	-1.46867
1169	-2.90861
1170	-1.42504
1171	-3.08905
1172	1.36094
1173	2.892
1174	3.73425
1175	3.09209
1176	-1.24293
1177	-0.509643
1178	-0.676656
1179	-2.63716
1180	1.06999
1181	-3.00903
1182	-4.92781
1183	-3.70494
1184	-3.61792
1185	-5.45411
1186	-4.48595
1187	-4.30712
1188	-2.48147
1189	-1.24816
1190	1.70844
1191	-1.51599
1192	-2.54455
1193	-3.42546
1194	-5.34464
1195	-2.25836
1196	2.15714
1197	-0.663811
1198	-1.14891
1199	1.41488
1200	-1.16172
1201	0.271495
1202	-1.87849
1203	0.0252316
1204	3.37666
1205	1.57525
1206	-1.03233
1207	-1.15576
1208	-1.18454
1209	-2.10159
1210	-3.52911
1211	-2.40899
1212	-1.23463
1213	1.60058
1214	1.27074
1215	0.312111
1216	-0.570956
1217	-1.09735
1218	-3.66226
1219	-3.28345
1220	-4.27401
1221	-7.87611
1222	-2.3707
1223	-2.56072
1224	-3.64019
1225	-5.83175
1226	-6.37763
1227	-3.92665
1228	-1.39712
1229	-0.832637
1230	-1.05786
1231	0.0335143
1232	-4.38569
1233	-3.92908
1234	-0.530396
1235	-3.7676
1236	-1.46125
1237	0.0178221
1238	1.36189
1239	0.536659
1240	-1.75181
1241	-1.023
1242	-0.357818
1243	-3.27926
1244	1.89868
1245	-0.253019
1246	0.561677
1247	-0.407997
1248	-3.37787
1249	-0.677564
1250	-2.21314
1251	-2.87568
1252	-0.165311
1253	1.87607
1254	0.104746
1255	-0.194672
1256	-0.820241
1257	-0.451316
1258	1.17339
1259	-2.2226
1260	-2.56226
1261	-3.17589
1262	-3.48004
1263	-7.89848
1264	-4.55536
1265	-6.24414
1266	-4.9896
1267	-5.54136
1268	-2.95426
1269	-1.91155
1270	-4.29691
1271	-3.14449
1272	-4.02885
1273	-3.36736
1274	-2.55878
1275	-3.62437
1276	-1.11251
1277	-2.68195
1278	-0.386457
1279	-0.61428
1280	-0.322898
1281	0.60398
1282	1.62319
1283	-2.92875
1284	3.25293
1285	3.32076
1286	2.22839
1287	1.89159
1288	-1.15412
1289	-1.7374
1290	-5.62035
1291	-2.01337
1292	2.11401
1293	2.77185
1294	-0.38844
1295	2.30144
1296	-0.367945
1297	-0.200514
1298	-5.23415
1299	-4.30407
1300	1.82814
1301	1.65348
1302	-0.897053
1303	-0.60171
1304	-2.16349
1305	-0.0559916
1306	-2.05399
1307	-3.4808
1308	-4.02912
1309	-4.75536
1310	-3.54329
1311	-4.85123
1312	-5.32252
1313	-2.22603
1314	-4.84624
1315	-7.49568
1316	-1.78203
1317	-2.487
1318	-0.739988
1319	-5.16183
1320	-3.68717
1321	-3.55648
1322	-4.58359
1323	-2.97779
1324	-0.893363
1325	-1.75855
1326	0.859059
1327	1.21528
1328	-2.22854
1329	-1.94961
1330	0.30719
1331	-2.04216
1332	1.69516
1333	1.17665
1334	0.18416
1335	-0.328397
1336	-5.76877
1337	-5.33116
1338	5.22766
1339	-4.06715
1340	-1.28246
1341	0.567277
1342	0.0567621
1343	0.729422
1344	-3.78466
1345	-0.483611
1346	-1.92103
1347	-3.92725
1348	1.90444
1349	2.70879
1350	-0.0880576
1351	0.838008
1352	-0.891291
1353	-3.27655
1354	-6.12405
1355	-6.26795
1356	-3.1745
1357	-2.4111
1358	-2.53801
1359	-3.66325
1360	-7.33374
1361	-7.31934
1362	-4.68569
1363	-4.47126
1364	-5.44469
1365	-4.43272
1366	-2.47975
1367	-1.36612
1368	-2.30973
1369	-3.53831
1370	-2.7437
1371	-3.67185
1372	-3.25802
1373	-2.46196
1374	-0.564135
1375	-2.26931
1376	-0.38626
1377	-0.0218866
1378	0.475742
1379	-1.44012
1380	-0.347495
1381	0.540488
1382	-1.748
1383	-2.78172
1384	-4.20512
1385	-3.25568
1386	-2.40256
1387	6.9321
1388	-1.85926
1389	-0.149839
1390	-1.03064
1391	0.192621
1392	-0.960616
1393	-1.35724
1394	-2.8659
1395	-1.56591
1396	1.75841
1397	1.65283
1398	-0.397868
1399	0.775255
1400	-4.32562
1401	-6.18304
1402	-3.72412
1403	-1.18147
1404	-2.14308
1405	-7.29802
1406	-3.54332
1407	-3.896
1408	-4.42023
1409	-4.52322
1410	-6.48339
1411	-6.43786
1412	-2.78723
1413	-2.64288
1414	-5.44593
1415	-7.33524
1416	-5.0441
1417	-5.00555
1418	-4.96536
1419	-4.3903
1420	-2.79409
1421	-3.12782
1422	-0.503622
1423	-0.615545
1424	-1.58726
1425	-0.0681191
1426	-3.14721
1427	-3.00993
1428	-0.00123484
1429	0.894175
1430	0.0550718
1431	-2.35994
1432	-3.0834
1433	-4.63092
1434	5.16747
1435	-10.5965
1436	-2.52154
1437	-0.232701
1438	-0.0152533
1439	-0.479546
1440	-2.72424
1441	-1.47462
1442	-4.56692
1443	-4.87057
1444	1.03654
1445	0.747638
1446	-0.982284
1447	-0.886296
1448	-3.9275
1449	-2.66879
1450	-2.44315
1451	-4.41021
1452	-1.35936
1453	-4.5376
1454	-7.1357
1455	-4.52425
1456	-4.08829
1457	-3.15376
1458	-6.62963
1459	-7.5435
1460	-6.11143
1461	-3.90821
1462	-2.01916
1463	-3.09252
1464	-4.04461
1465	-5.53224
1466	-6.52698
1467	-7.14323
1468	-3.5147
1469	-2.2796
1470	2.28612
1471	-2.0232
1472	-1.07613
1473	0.545381
1474	1.02428
1475	1.32665
1476	-3.73577
1477	-2.60901
1478	-2.54753
1479	-2.4107
1480	-0.783198
1481	-0.579082
1482	0.29101
1483	0.806517
1484	-1.83234
1485	-2.95259
1486	-2.89751
1487	-4.46328
1488	2.28785
1489	2.65261
1490	-1.18966
1491	-0.829476
1492	-1.35785
1493	-0.459253
1494	6.36318
1495	-1.84665
1496	-0.953435
1497	-2.02616
1498	-5.16138
1499	-2.95716
1500	-9.25275
1501	-7.51088
1502	-4.69698
1503	-4.1315
1504	-1.61657
1505	-0.579719
1506	-4.21429
1507	-2.73716
1508	-5.68805
1509	-4.96834
1510	-3.78833
1511	-5.90629
1512	-2.51247
1513	-1.86349
1514	-3.59047
1515	0.0547959
1516	-3.37065
1517	-4.27769
1518	-7.80912
1519	-4.70686
1520	2.37362
1521	1.067
1522	-0.260759
1523	-0.830132
1524	-8.39943
1525	-3.45861
1526	-1.73214
1527	-3.02208
1528	1.91293
1529	0.00362358
1530	-0.707164
1531	0.285483
1532	-3.49368
1533	-1.10217
1534	-3.90873
1535	-2.41063
1536	1.60612
1537	2.17173
1538	2.58538
1539	0.711687
1540	1.7877
1541	-0.054661
1542	-3.75123
1543	6.68963
1544	-3.43893
1545	-1.63094
1546	-5.62659
1547	-3.80599
1548	-8.16769
1549	-6.02575
1550	-6.55261
1551	-1.39555
1552	-2.42247
1553	-3.15543
1554	-1.62114
1555	-1.3662
1556	-6.00839
1557	-4.94173
1558	-5.92737
1559	-4.2897
1560	-1.19231
1561	-1.75248
1562	-1.02761
1563	-0.964756
1564	-5.94935
1565	-4.30724
1566	-5.15092
1567	-6.22001
1568	1.2518
1569	1.57723
1570	0.86919
1571	1.5164
1572	-3.23539
1573	-2.38712
1574	-2.61477
1575	-3.4337
1576	1.87309
1577	1.63989
1578	1.15367
1579	3.26575
1580	-1.43463
1581	-3.75021
1582	-2.98767
1583	-0.778253
1584	2.38145
1585	3.83211
1586	0.907459
1587	0.615384
1588	0.350446
1589	-2.86902
1590	6.79831
1591	-7.46437
1592	-1.24937
1593	-1.05599
1594	-5.15036
1595	-7.41687
1596	-8.55545
1597	-5.85036
1598	-5.53153
1599	-7.75356
1600	-2.57665
1601	-2.57273
1602	-1.23362
1603	-3.73789
1604	-5.63138
1605	-5.69589
1606	-7.27576
1607	-6.7671
1608	-1.02257
1609	-0.75642
1610	-2.21417
1611	0.123681
1612	-0.94563
1613	-5.4536
1614	-5.8566
1615	-5.02513
1616	1.46593
1617	0.356804
1618	-0.618534
1619	-0.136101
1620	-2.16304
1621	-7.08445
1622	-3.44966
1623	-2.31981
1624	0.143745
1625	0.588643
1626	-1.55167
1627	0.338323
1628	-4.40566
1629	-7.84633
1630	-1.84388
1631	-3.36735
1632	-1.65058
1633	-0.935387
1634	2.49038
1635	-0.890135
1636	-3.29377
1637	-3.46435
1638	-3.14899
1639	-4.18562
1640	3.47744
1641	0.870381
1642	-0.728828
1643	-1.81802
1644	-6.57852
1645	-4.89543
1646	-6.14063
1647	-9.33127
1648	-3.39717
1649	-2.93346
1650	-2.68388
1651	-1.48907
1652	-5.86639
1653	-0.956407
1654	-7.83419
1655	-6.05573
1656	0.080183
1657	-1.25372
1658	-1.53359
1659	-2.38978
1660	-3.95079
1661	-4.05598
1662	-7.29803
1663	-6.55054
1664	0.230142
1665	-0.825545
1666	0.0519548
1667	-2.97732
1668	-3.71322
1669	-5.23337
1670	-3.43073
1671	-2.12002
1672	2.79723
1673	2.50477
1674	1.97984
1675	2.92311
1676	-2.07663
1677	-2.34036
1678	-3.38141
1679	-2.40287
1680	1.34585
1681	1.84472
1682	-0.637387
1683	-0.252648
1684	-1.11942
1685	-3.04609
1686	-3.85965
1687	-3.59883
1688	-12.0056
1689	2.76803
1690	-1.34611
1691	1.75693
1692	-6.70796
1693	-8.49285
1694	-7.47004
1695	-5.97052
1696	-0.605615
1697	-1.0304
1698	-2.67831
1699	-1.32529
1700	-7.10916
1701	-6.51843
1702	-4.59299
1703	-6.70852
1704	0.709497
1705	-0.358422
1706	0.324262
1707	-1.84162
1708	-5.56465
1709	-3.10407
1710	-5.78055
1711	-5.51387
1712	3.29884
1713	1.45749
1714	1.22865
1715	-0.206388
1716	-4.99504
1717	-3.72072
1718	-1.62389
1719	-4.79593
1720	2.02096
1721	0.562933
1722	1.72339
1723	1.44018
1724	-5.05877
1725	-4.28918
1726	-3.42967
1727	-5.76295
1728	2.36592
1729	0.627563
1730	-0.624101
1731	-0.827029
1732	-3.26104
1733	-3.59618
1734	-1.04516
1735	-3.20586
1736	0.878192
1737	0.910025
1738	1.32303
1739	1.79419
1740	-7.04608
1741	-7.14598
1742	-7.93439
1743	-3.71119
1744	-2.34166
1745	-1.74875
1746	-3.50864
1747	-2.3782
1748	-6.35546
1749	-6.15235
1750	-5.67062
1751	-4.59351
1752	-2.1372
1753	-1.20762
1754	-3.22571
1755	-3.70238
1756	-6.24563
1757	-6.68395
1758	-5.86437
1759	-5.87721
1760	0.217568
1761	-0.0555454
1762	0.308965
1763	1.32277
1764	-4.12706
1765	-3.10472
1766	-1.39102
1767	-4.69032
1768	3.48672
1769	0.0252107
1770	1.41185
1771	-1.46736
1772	-3.54403
1773	-4.13538
1774	-3.87214
1775	-3.70065
1776	0.628211
1777	-2.17206
1778	-0.454313
1779	-2.81353
1780	-1.21675
1781	-3.1252
1782	-3.41719
1783	-2.71878
1784	2.35923
1785	0.108502
1786	3.54695
1787	1.34227
1788	-7.41455
1789	-7.96391
1790	-7.63911
1791	-4.60927
1792	-2.1466
1793	-0.602411
1794	-6.41992
1795	-3.09977
1796	-7.56455
1797	-5.66605
1798	-4.59687
1799	-7.17918
1800	-1.68054
1801	-1.22623
1802	-2.16445
1803	-1.62392
1804	-6.17914
1805	-5.65747
1806	-8.88152
1807	-7.01797
1808	1.86112
1809	-2.20554
1810	-0.429195
1811	0.409639
1812	-3.09846
1813	-3.91818
1814	-0.759333
1815	-3.50522
1816	-1.63593
1817	-2.69541
1818	-0.648545
1819	-3.2911
1820	-4.76127
1821	-5.43704
1822	-3.39789
1823	-4.56296
1824	-1.38894
1825	0.279729
1826	-1.46807
1827	-3.18519
1828	-4.83947
1829	-4.16266
1830	-6.24537
1831	-4.4464
1832	0.991611
1833	0.684442
1834	1.88666
1835	1.7998
1836	-8.19562
1837	-8.42163
1838	-4.77817
1839	-6.54572
1840	0.454357
1841	-4.39253
1842	-3.05921
1843	-2.77249
1844	-9.70082
1845	-9.44591
1846	-6.29299
1847	-6.3513
1848	-2.18423
1849	-0.594087
1850	-3.27589
1851	-1.69732
1852	-5.33377
1853	-5.23387
1854	-7.40099
1855	-4.9318
1856	-2.87975
1857	-4.59721
1858	-1.11163
1859	-1.65314
1860	-0.269136
1861	-1.01897
1862	-2.03213
1863	0.417102
1864	-2.14609
1865	-2.06237
1866	-3.49737
1867	-3.42102
1868	1.60185
1869	4.08547
1870	-1.82284
1871	-0.0093692
1872	-1.98966
1873	0.53113
1874	-5.62953
1875	-5.02055
1876	-2.86404
1877	-1.09814
1878	-3.69216
1879	-2.76436
1880	-2.18423
1881	1.76263
1882	0.0510926
1883	-3.53906
1884	-5.34591
1885	-1.85159
1886	-3.56901
1887	-2.98906
1888	-4.72205
1889	-2.71343
1890	-4.04452
1891	-5.77995
1892	-2.56725
1893	-1.40071
1894	1.03497
1895	0.998405
1896	-6.32666
1897	-4.7391
1898	-6.77319
1899	-6.51193
1900	-1.47603
1901	0.191548
1902	-4.98054
1903	2.42975
1904	-0.776624
1905	-0.420868
1906	-2.90025
1907	-3.10393
1908	0.60387
1909	-0.751598
1910	0.975366
1911	-0.823141
1912	-4.18258
1913	-0.871063
1914	-2.5981
1915	-2.545
1916	-2.95847
1917	-2.56602
1918	-0.625331
1919	-3.04048
1920	-3.1234
1921	-1.62152
1922	-3.5461
1923	-4.32252
1924	-7.07941
1925	-5.93041
1926	-1.79791
1927	-5.09806
1928	-2.59312
1929	0.561262
1930	-1.87904
1931	-0.966735
1932	-5.28399
1933	-2.2834
1934	-1.24192
1935	-1.36575
1936	-4.30626
1937	-4.95775
1938	-6.19655
1939	-5.00657
1940	-0.947081
1941	-2.17234
1942	-1.25033
1943	-0.8776
1944	-7.0783
1945	-2.55634
1946	-4.9396
1947	-1.12912
1948	0.988048
1949	-1.65234
1950	-4.67365
1951	-0.36651
1952	-0.185365
1953	-2.31466
1954	-2.22019
1955	-1.80992
1956	0.258243
1957	1.7943
1958	-0.658192
1959	-0.69502
1960	-4.08467
1961	0.074172
1962	-3.76406
1963	-1.54531
1964	1.66242
1965	-1.83454
1966	-0.284103
1967	-0.916487
1968	-1.18872
1969	-2.57108
1970	-3.16382
1971	-2.70495
1972	-2.92
1973	0.6288
1974	-3.12299
1975	-2.01418
1976	-2.78676
1977	-4.43784
1978	-3.44031
1979	-4.74371
1980	-0.590127
1981	-1.90726
1982	-2.79583
1983	-2.68542
1984	-6.14399
1985	-4.91933
1986	-4.13529
1987	-3.5619
1988	-3.11189
1989	-4.40203
1990	-1.18445
1991	-1.7572
1992	-5.81163
1993	-6.07071
1994	-6.63676
1995	-2.91388
1996	-2.87976
1997	-2.76219
1998	-2.49536
1999	-2.60578
2000	-3.46203
2001	-3.70676
2002	-3.42875
2003	-2.60656
2004	-0.962656
2005	-0.266087
2006	-3.99398
2007	-3.05327
2008	-2.6418
2009	-3.55436
2010	-3.15651
2011	-2.52238
2012	-1.77398
2013	-3.42005
2014	-2.09962
2015	-1.15123
2016	-6.89259
2017	-3.20457
2018	-4.10712
2019	-6.21335
2020	-2.11079
2021	-0.24396
2022	-2.52689
2023	0.136962
2024	-2.94893
2025	-5.6061
2026	-2.20938
2027	-4.34794
2028	-4.31153
2029	-4.79608
2030	-5.71887
2031	-5.87311
2032	-6.68949
2033	-8.9797
2034	-8.21131
2035	-7.86943
2036	-4.94017
2037	-3.05994
2038	-3.03992
2039	-1.88587
2040	-6.58982
2041	-5.00501
2042	-6.47146
2043	-6.24354
2044	-4.9237
2045	-0.786152
2046	-3.91319
2047	-3.1401
2048	-3.80782
2049	-4.47185
2050	-2.75664
2051	-2.43104
2052	0.23067
2053	-1.03905
2054	-0.288459
2055	-0.610359
2056	-1.15125
2057	-1.1749
2058	-1.35702
2059	-3.92326
2060	-4.38054
2061	-0.865515
2062	-0.685411
2063	-1.28708
2064	-3.12756
2065	-0.0529033
2066	-2.31706
2067	-4.59827
2068	-0.342115
2069	-1.36716
2070	-0.717912
2071	0.581537
2072	0.422722
2073	-4.12383
2074	-2.67878
2075	-0.4023
2076	-5.8562
2077	-5.24999
2078	-1.15897
2079	-1.97232
2080	-5.26762
2081	-6.00359
2082	-8.16063
2083	-8.52086
2084	-5.36021
2085	-2.56159
2086	0.745241
2087	-1.1135
2088	-5.88924
2089	-6.67132
2090	-7.04495
2091	-4.70147
2092	-3.45641
2093	-3.07684
2094	-3.29016
2095	-2.36973
2096	-4.81878
2097	-4.51473
2098	-7.24446
2099	-3.44837
2100	0.491013
2101	-2.05555
2102	-1.22375
2103	-1.9499
2104	-0.983572
2105	-4.00782
2106	-4.96557
2107	-1.80912
2108	-1.9033
2109	-2.62741
2110	-1.59087
2111	-3.14366
2112	-4.86848
2113	1.29746
2114	-6.0613
2115	-7.52399
2116	-2.83196
2117	0.0218075
2118	-4.07273
2119	-2.68986
2120	-3.16387
2121	-4.42463
2122	-1.96362
2123	-6.09393
2124	-1.88232
2125	-2.36764
2126	-2.43161
2127	-1.80412
2128	-5.67072
2129	-6.64095
2130	-9.57306
2131	-6.62453
2132	-4.06406
2133	-2.24227
2134	-1.05691
2135	-2.85701
2136	-7.73309
2137	-5.81237
2138	-7.68921
2139	-5.89623
2140	-3.22095
2141	-2.80881
2142	-6.01784
2143	-2.703
2144	-4.30555
2145	-0.932779
2146	-4.126
2147	-4.1611
2148	-1.60191
2149	-1.19579
2150	-2.30608
2151	-2.92561
2152	-5.08474
2153	-3.55001
2154	-3.4324
2155	-3.12098
2156	-2.25684
2157	-0.727797
2158	-3.0794
2159	-3.14375
2160	-3.40953
2161	-5.53964
2162	-5.79382
2163	-6.56958
2164	-2.9882
2165	-2.55741
2166	1.49497
2167	-1.26846
2168	-7.81684
2169	-5.78055
2170	-4.26777
2171	-3.10901
2172	-4.92685
2173	-3.36451
2174	-3.05509
2175	-0.620751
2176	-8.11059
2177	-8.094
2178	-5.87579
2179	-5.66657
2180	-1.9571
2181	-4.45832
2182	-4.20216
2183	-0.810634
2184	-6.15662
2185	-5.98415
2186	-7.6861
2187	-6.80735
2188	-4.33439
2189	-4.26406
2190	-1.1312
2191	-2.22927
2192	-3.9999
2193	-3.80055
2194	-2.48277
2195	-3.74722
2196	-3.44566
2197	-1.78054
2198	5.6139
2199	6.76092
2200	-1.55593
2201	-5.03539
2202	-4.41567
2203	-5.11753
2204	-2.38055
2205	-1.12145
2206	-2.46662
2207	-1.84643
2208	-6.71206
2209	-6.60228
2210	-4.81388
2211	-3.66904
2212	-2.17455
2213	-2.14655
2214	-2.9777
2215	-1.2077
2216	-5.51663
2217	-5.92775
2218	-1.90575
2219	-2.8407
2220	-3.09327
2221	-7.08948
2222	-0.989316
2223	-1.04978
2224	-7.58692
2225	-9.79204
2226	-6.226
2227	-8.73009
2228	-5.28282
2229	-5.92661
2230	-0.237016
2231	-3.98054
2232	-5.36879
2233	-3.03768
2234	-7.65601
2235	-7.64055
2236	-2.98499
2237	-4.00277
2238	-3.00799
2239	-4.16574
2240	0
2241	0
2242	0
2243	0
2244	0
2245	0
2246	0
2247	0
2248	0
2249	0
2250	0
2251	0
2252	0
2253	0
2254	0
2255	0
2256	0
2257	0
2258	0
2259	0
2260	0
2261	0
2262	0
2263	0
2264	0
2265	0
2266	0
2267	0
2268	0
2269	0
2270	0
2271	0
2272	0
2273	0
2274	0
2275	0
2276	0
2277	0
2278	0
2279	0
2280	0
2281	0
2282	0
2283	0
2284	0
2285	0
2286	0
2287	0
2288	0
2289	0
2290	0
2291	0
2292	0
2293	0
2294	0
2295	0
2296	0
2297	0
2298	0
2299	0
2300	0
2301	0
2302	0
2303	0
2304	0
2305	0
2306	0
2307	0
2308	0
2309	0
2310	0
2311	0
2312	0
2313	0
2314	0
2315	0
2316	0
2317	0
2318	0
2319	0
2320	0
2321	0
2322	0
2323	0
2324	0
2325	0
2326	0
2327	0
2328	0
2329	0
2330	0
2331	0
2332	0
2333	0
2334	0
2335	0
2336	0
2337	0
2338	0
2339	0
2340	0
2341	0
2342	0
2343	0
2344	0
2345	0
2346	0
2347	0
2348	0
2349	0
2350	0
2351	0
2352	0
2353	0
2354	0
2355	0
2356	0
2357	0
2358	0
2359	0
2360	29.7799
2361	24.4721
2362	30.2379
2363	30.3524
2364	27.0043
2365	30.1643
2366	27.3546
2367	30.1429
2368	30.5425
2369	28.4692
2370	25.8245
2371	24.8419
2372	25.8918
2373	25.3042
2374	31.4206
2375	31.4664
2376	32.5425
2377	25.7021
2378	29.7452
2379	32.6983
2380	28.197
2381	30.1929
2382	31.0382
2383	28.5812
2384	36.0978
2385	31.1375
2386	32.6316
2387	24.9074
2388	30.0942
2389	30.453
2390	28.021
2391	29.9342
2392	34.3123
2393	35.548
2394	31.6071
2395	36.0243
2396	29.8514
2397	25.5998
2398	30.5133
2399	24.6949
2400	18.4507
2401	26.4509
2402	33.9569
2403	34.2176
2404	32.0138
2405	34.1576
2406	29.6006
2407	28.6562
2408	24.1154
2409	24.7628
2410	24.2694
2411	24.7469
2412	27.3028
2413	26.9551
2414	35.216
2415	30.2914
2416	30.2987
2417	34.8951
2418	33.5395
2419	30.6431
2420	33.4597
2421	31.2826
2422	29.6345
2423	30.9307
2424	38.276
2425	33.0675
2426	33.1234
2427	33.0792
2428	30.3957
2429	35.5911
2430	33.934
2431	27.5456
2432	34.9716
2433	30.3858
2434	27.8777
2435	30.8712
2436	32.5904
2437	34.3442
2438	30.7323
2439	33.0164
2440	32.0162
2441	35.9966
2442	31.8771
2443	30.0388
2444	29.3552
2445	25.4832
2446	32.0921
2447	26.5437
2448	31.1683
2449	34.6422
2450	24.1662
2451	35.3602
2452	32.4015
2453	34.2908
2454	28.8326
2455	0
2456	35.8132
2457	30.384
2458	29.3893
2459	30.9684
2460	30.1393
2461	33.5731
2462	35.1291
2463	33.5203
2464	34.6316
2465	35.9054
2466	31.758
2467	27.7857
2468	28.9271
2469	34.2337
2470	27.6221
2471	27.4891
2472	32.231
2473	35.7472
2474	35.5829
2475	31.904
2476	31.7874
2477	31.8077
2478	34.8706
2479	31.2262
2480	33.2977
2481	33.5405
2482	33.9195
2483	30.7015
2484	31.936
2485	36.7293
2486	35.4485
2487	37.7596
2488	36.7414
2489	37.2501
2490	32.3114
2491	27.8899
2492	36.1263
2493	33.5205
2494	28.869
2495	30.2769
2496	33.5467
2497	31.6574
2498	38.2471
2499	36.0578
2500	36.9066
2501	36.782
2502	33.2385
2503	34.5589
2504	34.2814
2505	32.438
2506	28.2936
2507	34.4896
2508	33.0513
2509	38.1403
2510	34.6137
2511	35.6992
2512	36.5217
2513	36.1323
2514	31.6548
2515	35.41
2516	34.2756
2517	30.1419
2518	31.6573
2519	29.3423
2520	33.3176
2521	31.3164
2522	35.7571
2523	34.3876
2524	38.5004
2525	35.9014
2526	32.0223
2527	33.6982
2528	33.5102
2529	29.9682
2530	32.3258
2531	32.3614
2532	36.3389
2533	33.5459
2534	36.6906
2535	35.4516
2536	33.9566
2537	34.1179
2538	33.6194
2539	25.2832
2540	33.8436
2541	31.2399
2542	31.9995
2543	29.1846
2544	25.8802
2545	27.9041
2546	29.2756
2547	33.9031
2548	31.6323
2549	34.0819
2550	26.9165
2551	36.9297
2552	31.611
2553	30.1194
2554	30.2652
2555	26.5663
2556	29.526
2557	30.4167
2558	31.652
2559	32.9151
2560	30.6848
2561	30.3978
2562	31.6681
2563	35.755
2564	28.741
2565	27.9968
2566	27.9906
2567	28.7879
2568	30.5224
2569	31.3102
2570	29.7889
2571	29.1683
2572	27.4517
2573	29.6362
2574	27.3051
2575	29.8434
2576	29.4791
2577	26.6954
2578	33.5902
2579	29.1706
2580	31.6109
2581	24.4194
2582	29.3484
2583	24.8984
2584	29.7021
2585	30.1795
2586	26.9069
2587	26.0262
2588	27.3171
2589	30.0369
2590	27.6928
2591	27.6795
2592	32.8555
2593	31.6101
2594	28.118
2595	30.802
2596	0
2597	0
2598	0
2599	0
2600	0
2601	0
2602	0
2603	0
2604	0
2605	0
2606	0
2607	0
2608	0
2609	0
2610	0
2611	0
2612	0
2613	0
2614	0
2615	0
2616	0
2617	0
2618	0
2619	0
2620	0
2621	0
2622	0
2623	0
2624	0
2625	0
2626	0
2627	0
2628	0
2629	0
2630	0
2631	0
2632	0
2633	0
2634	0
2635	0
2636	0
2637	0
2638	0
2639	0
2640	0
2641	0
2642	0
2643	0
2644	0
2645	0
2646	0
2647	0
2648	0
2649	0
2650	0
2651	0
2652	0
2653	0
2654	0
2655	0
2656	0
2657	0
2658	0
2659	0
2660	0
2661	0
2662	0
2663	0
2664	0
2665	0
2666	0
2667	0
2668	0
2669	0
2670	0
2671	0
2672	0
2673	0
2674	0
2675	0
2676	0
2677	0
2678	0
2679	0
2680	0
2681	0
2682	0
2683	0
2684	0
2685	0
2686	0
2687	0
2688	0
2689	0
2690	0
2691	0
2692	0
2693	0
2694	0
2695	0
2696	0
2697	0
2698	0
2699	0
2700	0
2701	0
2702	0
2703	0
2704	0
2705	0
2706	0
2707	0
2708	0
2709	0
2710	0
2711	0
2712	0
2713	0
2714	0
2715	0
