0	-1.31032
1	0.491184
2	-3.29574
3	-2.48819
4	-1.9888
5	-0.997875
6	-4.21816
7	-1.93745
8	-2.77951
9	-6.40526
10	-2.84162
11	-6.69559
12	-2.57701
13	-1.73252
14	-0.848085
15	-3.08484
16	0.743964
17	-3.02995
18	-4.41145
19	-1.56618
20	0.206255
21	-3.61228
22	-1.79869
23	-0.0354364
24	-4.80503
25	-5.694
26	-4.03285
27	-5.25375
28	-2.87451
29	-6.55106
30	-4.17473
31	-3.64461
32	-10.4096
33	-8.94581
34	-7.30951
35	-7.84428
36	-5.93605
37	-5.75877
38	-5.94508
39	-3.36698
40	-7.35507
41	-5.88682
42	-4.8138
43	-8.48899
44	-12.2522
45	-7.3686
46	-5.16618
47	-5.89951
48	2.09294
49	0.915069
50	-3.65666
51	-2.94951
52	1.73079
53	-1.53914
54	0.447425
55	-0.708364
56	-0.128813
57	-1.43448
58	-2.70576
59	0.865057
60	2.26987
61	-0.294683
62	0.309229
63	-1.89291
64	-1.7521
65	-1.5088
66	-1.71302
67	-1.109
68	0.460831
69	-1.40669
70	-3.26934
71	-1.50408
72	-2.54024
73	-4.84225
74	-6.25226
75	-5.04829
76	-3.05516
77	-3.86292
78	-3.57838
79	-4.3605
80	-7.37275
81	-7.13816
82	-6.46105
83	-6.7919
84	-4.80998
85	-2.85975
86	-3.56342
87	-2.86473
88	-5.53285
89	-5.73829
90	-4.93951
91	-5.27846
92	-8.686
93	-8.89695
94	-6.9372
95	-9.71742
96	6.46387
97	5.25306
98	-0.626987
99	-0.614457
100	2.02462
101	1.63582
102	1.18169
103	1.76715
104	-0.500913
105	-2.46443
106	1.15663
107	-0.821607
108	1.14861
109	1.13202
110	1.93184
111	1.87102
112	-2.49951
113	-3.23927
114	-3.33686
115	-1.15345
116	-2.02253
117	-1.8343
118	-3.45642
119	-1.0059
120	-5.63861
121	-5.22332
122	-6.63407
123	-4.71575
124	-2.37838
125	-3.82023
126	-3.97673
127	-2.32956
128	-6.01551
129	-4.09567
130	-4.99399
131	-3.26074
132	-0.842696
133	-3.50826
134	-0.903769
135	1.76937
136	-3.87253
137	-4.74306
138	-4.39484
139	-2.54416
140	-6.01083
141	-7.83551
142	-6.55012
143	-7.83394
144	2.6628
145	1.38761
146	-2.48367
147	-0.8382
148	0.803661
149	0.989548
150	0.735871
151	1.55261
152	-4.53321
153	-0.9017
154	-0.830582
155	1.04482
156	1.09011
157	3.71016
158	1.37899
159	1.0194
160	1.79706
161	1.23685
162	-0.702235
163	-2.4139
164	-0.255143
165	-1.56998
166	-4.09304
167	-2.09951
168	-2.15483
169	-4.64728
170	-8.59633
171	-8.14865
172	-2.65325
173	-2.95708
174	-1.02692
175	-4.86592
176	-3.24855
177	-5.01765
178	-1.84607
179	-4.21505
180	-1.05462
181	-0.0211635
182	-3.68183
183	-2.48254
184	0.0838193
185	-4.74014
186	-3.85414
187	0.664266
188	-6.68047
189	-2.58804
190	-6.10417
191	-9.52483
192	4.2262
193	3.55967
194	-1.98187
195	-0.654059
196	0.426067
197	0.610975
198	-0.139049
199	2.37447
200	-0.901938
201	0.732119
202	-0.579144
203	-3.48823
204	1.69152
205	0.250664
206	0.0073562
207	1.98264
208	0.330337
209	-0.983689
210	-20.6848
211	-0.056093
212	0.113314
213	-1.70614
214	-4.53038
215	-3.65964
216	-4.77253
217	-4.8076
218	-2.61193
219	-5.17127
220	-2.27878
221	-5.52304
222	-1.99739
223	-0.620918
224	-4.2959
225	-3.25811
226	-6.97586
227	-4.20315
228	-2.66402
229	-1.4024
230	-3.72717
231	-3.28911
232	-0.381221
233	-3.46035
234	-2.47826
235	0.460486
236	-6.71676
237	-5.12982
238	-8.18174
239	-11.4034
240	2.39685
241	4.77242
242	-0.0459426
243	-1.32451
244	-0.758338
245	-2.00386
246	0.814596
247	0.0564384
248	1.87986
249	-0.400055
250	-0.199955
251	0.0119145
252	2.491
253	1.12766
254	2.43205
255	-0.403011
256	-0.088889
257	0.719922
258	-0.82566
259	-1.49896
260	0.222319
261	-2.74951
262	-6.40529
263	-3.98473
264	-3.57459
265	-3.25336
266	-4.11618
267	-8.04211
268	-0.583997
269	-1.69577
270	-2.97951
271	-1.83812
272	-5.01174
273	-2.77512
274	-0.734551
275	-1.76783
276	-0.765649
277	-2.07681
278	-0.575612
279	-1.41728
280	-0.303107
281	0.448415
282	-1.04351
283	-0.484236
284	-5.12432
285	-1.33668
286	-9.74451
287	-6.1427
288	4.93908
289	3.81477
290	-0.039972
291	0.163721
292	-0.644856
293	1.75611
294	-1.89653
295	3.56464
296	-0.0966838
297	0.884196
298	-1.53707
299	-0.830943
300	0.977692
301	4.36464
302	2.5179
303	0.98489
304	1.34291
305	-0.324801
306	-3.34663
307	-0.647733
308	-5.82145
309	-10.2539
310	-7.54323
311	-9.16783
312	-3.88781
313	-3.86845
314	-4.04637
315	-3.85065
316	-1.88752
317	1.25823
318	-3.20699
319	-0.547999
320	-4.91834
321	-6.21618
322	-7.27365
323	-6.18891
324	-5.26606
325	-2.00904
326	-3.68737
327	-7.17971
328	-3.26286
329	-6.24178
330	-6.24307
331	-2.01514
332	-9.27471
333	-8.21171
334	-4.02118
335	-5.01004
336	6.4821
337	3.45941
338	0.736414
339	2.92887
340	2.75412
341	0.530994
342	3.30878
343	1.93585
344	-0.874208
345	-0.310087
346	1.49827
347	-0.130625
348	2.69241
349	0.0347717
350	2.5691
351	1.7873
352	-0.830602
353	0.764239
354	1.53813
355	0.499057
356	-2.94205
357	-4.4826
358	-6.12549
359	-10.0709
360	-1.22792
361	-5.66164
362	-3.77962
363	-1.1652
364	-3.45844
365	-2.05589
366	-3.07488
367	-2.34571
368	-3.90867
369	-4.17695
370	-2.26279
371	-6.28291
372	0.331692
373	0.990381
374	-0.737374
375	3.07436
376	-1.22704
377	1.83988
378	-0.969394
379	-1.42409
380	-4.01244
381	-6.3305
382	-8.8479
383	-7.91439
384	-1.9896
385	-2.9369
386	4.0975
387	0.705965
388	-4.31822
389	-5.40326
390	-6.4138
391	-4.22061
392	1.38737
393	2.40537
394	-0.769114
395	0.985398
396	-5.87634
397	-3.55945
398	-5.59733
399	-2.52229
400	-0.6138
401	-1.48712
402	2.12845
403	-1.77177
404	-6.06663
405	-6.93305
406	-8.01567
407	-8.20516
408	0.208414
409	-3.47102
410	-0.571419
411	-4.13598
412	-6.82927
413	-8.18114
414	-4.93906
415	-7.99526
416	-3.38126
417	-4.46072
418	-3.51815
419	-2.98235
420	-6.29193
421	-8.19054
422	-7.44147
423	-4.98664
424	-12.5544
425	-13.5272
426	-13.2132
427	-13.4995
428	-11.1912
429	-9.50701
430	-14.6939
431	-13.235
432	-3.8676
433	-3.29017
434	1.50662
435	-1.22384
436	-3.53973
437	-6.50403
438	-2.40681
439	-5.59268
440	1.93263
441	0.301219
442	0.678508
443	1.79159
444	-0.415499
445	-3.86526
446	-3.04275
447	-4.56846
448	1.09888
449	-0.64779
450	1.95276
451	-2.69913
452	-0.857102
453	-7.31086
454	-8.80574
455	-8.16491
456	-1.52741
457	-2.34589
458	-4.02049
459	-3.94396
460	-6.82985
461	-6.30145
462	-5.30951
463	-9.00391
464	-3.53045
465	-3.54477
466	-6.06011
467	-4.28044
468	-5.30552
469	-5.24503
470	-7.57517
471	-5.4796
472	-12.0867
473	-14.3167
474	-14.0058
475	-13.2444
476	-14.3704
477	-13.1823
478	-13.6472
479	-13.652
480	3.9169
481	1.5691
482	0.260791
483	2.08723
484	-5.9532
485	-4.1807
486	-4.22612
487	-4.31046
488	1.88504
489	2.53098
490	1.13858
491	-0.238214
492	-2.80556
493	-2.31576
494	-1.96549
495	-4.37635
496	0.7591
497	0.851661
498	-0.250811
499	0.0374557
500	-1.17741
501	-7.43746
502	-7.12131
503	-6.72545
504	-1.34723
505	-1.50729
506	-4.58595
507	-2.1954
508	-6.55251
509	-9.00465
510	-6.86516
511	-6.24429
512	-3.54703
513	-5.20828
514	0.0764636
515	-3.93196
516	-5.36181
517	-6.50305
518	-7.09568
519	-6.04684
520	-12.3493
521	-14.7059
522	-10.0735
523	-11.2903
524	-10.8716
525	-11.8535
526	-11.3357
527	-9.50428
528	2.44228
529	2.36809
530	-1.67174
531	-2.60738
532	-3.10802
533	-1.87729
534	-3.70396
535	-5.98545
536	-1.09089
537	-1.14257
538	1.10789
539	-0.0143388
540	-5.41596
541	-5.70337
542	-7.04602
543	-2.033
544	3.34532
545	2.1264
546	-2.86553
547	-0.579157
548	-5.8385
549	-7.97886
550	-9.29176
551	-10.333
552	-1.23491
553	0.564834
554	-1.1839
555	0.241037
556	-6.3396
557	-6.15288
558	-5.75768
559	-5.67341
560	-4.22811
561	-0.810534
562	-2.62664
563	-0.642517
564	-7.07596
565	-4.40267
566	-6.86842
567	-6.06608
568	-11.9416
569	-12.4403
570	-10.945
571	-11.2286
572	-7.04543
573	-7.6704
574	-12.2277
575	-12.4161
576	0.285334
577	0.421698
578	2.32225
579	2.59349
580	-2.75053
581	-2.47719
582	-2.13462
583	-1.09343
584	2.47991
585	1.47644
586	2.72213
587	0.602676
588	-5.64279
589	-4.31618
590	-0.591935
591	-3.27147
592	2.24963
593	-2.04644
594	0.848709
595	0.692166
596	-4.1845
597	-7.42199
598	-6.16559
599	-6.7783
600	0.288351
601	-1.79805
602	-0.869389
603	0.365486
604	-7.42801
605	-4.55071
606	-5.45633
607	-6.29524
608	-2.68428
609	-4.43533
610	-2.00511
611	-1.8284
612	-5.35588
613	-6.48493
614	-6.1828
615	-5.4958
616	-11.3642
617	-12.4267
618	-10.7774
619	-9.8405
620	-11.6943
621	-9.31807
622	-13.6517
623	-12.1103
624	2.57409
625	3.19906
626	4.15681
627	2.49347
628	-2.12347
629	0.334264
630	-1.38174
631	-4.04889
632	2.80851
633	4.22427
634	0.814852
635	0.555031
636	-2.39422
637	-0.0670434
638	-2.04912
639	-0.0412532
640	2.32731
641	1.48892
642	1.4298
643	1.43148
644	-1.01986
645	-5.92075
646	-5.03004
647	1.21977
648	-10.1791
649	-9.37769
650	-11.7041
651	-12.6969
652	-6.96363
653	-9.161
654	-5.9271
655	-6.1422
656	-3.51425
657	-2.71503
658	-2.75839
659	-4.47748
660	-7.33092
661	-5.07905
662	-6.61107
663	-5.74693
664	-10.9748
665	-8.53023
666	-9.36467
667	-10.205
668	-10.3976
669	-10.6371
670	-8.38338
671	-8.09822
672	3.11364
673	1.50176
674	1.47018
675	1.64839
676	-1.51505
677	-3.32199
678	-1.75328
679	-4.17373
680	1.94591
681	4.19676
682	4.66152
683	3.06504
684	-4.94192
685	-5.27783
686	-3.43864
687	-6.18404
688	2.95009
689	-1.7119
690	0.181878
691	1.01706
692	-0.262947
693	-3.19226
694	2.49734
695	-7.45778
696	-9.32215
697	-9.99567
698	-11.2034
699	-9.41129
700	-7.66381
701	-5.26686
702	-7.32235
703	-5.3593
704	-3.16093
705	-4.18494
706	-0.19173
707	-2.06701
708	-6.77845
709	-4.67842
710	-3.92879
711	-6.5998
712	-12.3074
713	-8.56254
714	-10.9114
715	-12.0132
716	-9.15968
717	-8.55711
718	-12.0344
719	-11.502
720	-3.53683
721	-4.49386
722	1.07897
723	3.14803
724	-2.41392
725	-2.81301
726	-3.51652
727	-2.70574
728	2.98628
729	1.87343
730	0.532708
731	2.80169
732	-5.03331
733	-6.93984
734	-5.80052
735	-4.09737
736	0.888858
737	0.808981
738	-2.75188
739	-2.9913
740	-2.68627
741	-2.64027
742	-5.10295
743	2.8669
744	-7.916
745	-7.45793
746	-10.9985
747	-8.93236
748	-4.22693
749	-5.03713
750	-6.88281
751	-4.71639
752	-3.65645
753	-3.30676
754	-5.35133
755	-1.94224
756	-7.58211
757	-6.06913
758	-10.5153
759	-9.93011
760	-12.2362
761	-8.73783
762	-10.2319
763	-11.5109
764	-7.80806
765	-10.9969
766	-8.026
767	-11.2333
768	-2.89653
769	-4.58912
770	-3.44976
771	-3.97395
772	-2.0038
773	-0.700985
774	-2.73594
775	-0.507537
776	-4.75116
777	-3.06393
778	-6.03516
779	-3.60288
780	-3.94364
781	-1.30521
782	-4.73378
783	-6.19012
784	-4.66874
785	-6.17542
786	-3.13677
787	-3.1022
788	-1.47621
789	-3.81641
790	-3.85707
791	-5.20038
792	-9.8208
793	-9.38728
794	-9.92904
795	-11.8654
796	-6.65232
797	-5.3919
798	-9.66734
799	-7.29282
800	-8.99398
801	-9.09456
802	-9.90635
803	-8.72684
804	-10.1899
805	-9.92418
806	-7.85746
807	-5.70478
808	-14.642
809	-12.9995
810	-10.2157
811	-9.46794
812	-14.1626
813	-15.0034
814	-18.6339
815	-13.5135
816	-5.41021
817	-2.5641
818	-5.47991
819	-3.7149
820	-0.927156
821	-1.0728
822	-0.965486
823	-1.27846
824	-6.14291
825	-4.45941
826	-4.64301
827	-6.83187
828	-2.22418
829	-3.44028
830	-3.46394
831	-3.98118
832	-0.834357
833	-6.53748
834	-3.63866
835	-5.56685
836	-3.18129
837	-4.37606
838	-6.03002
839	-4.74928
840	-7.22112
841	-7.57821
842	-11.9276
843	-9.26807
844	-6.12287
845	-5.28218
846	-7.06508
847	-9.17631
848	-8.77894
849	-8.40634
850	-8.7039
851	-7.63866
852	-2.84639
853	-8.43514
854	-7.45049
855	-5.92032
856	-13.3634
857	-12.1729
858	-9.39036
859	-10.6202
860	-22.9004
861	-15.8601
862	-16.0812
863	-13.9713
864	-3.90393
865	-3.37636
866	-3.60359
867	-1.88505
868	-1.93298
869	-3.36224
870	-1.14165
871	-1.35309
872	-4.95236
873	-6.25574
874	-5.1443
875	-5.31597
876	-6.62385
877	-1.73008
878	-5.7706
879	-5.2177
880	-3.99209
881	-7.42174
882	-1.97085
883	-5.71976
884	-4.25626
885	-5.98518
886	-5.72315
887	-3.57795
888	-6.91724
889	-8.26223
890	-13.4
891	-12.1702
892	-7.21721
893	-8.56194
894	-6.41939
895	-11.2843
896	-9.99917
897	-9.87981
898	-9.16799
899	-7.47647
900	-5.77951
901	-6.68893
902	-5.99042
903	-6.19844
904	-13.2326
905	-13.0855
906	-10.2937
907	-10.0183
908	-11.7123
909	-13.1799
910	-17.1046
911	-16.1534
912	-2.89486
913	-2.78853
914	-4.76351
915	-2.68745
916	-0.421283
917	-1.95717
918	-1.29951
919	-1.14681
920	-4.71455
921	-3.70001
922	-2.26095
923	-0.625536
924	-0.148324
925	-1.14898
926	-0.563579
927	-0.644938
928	0.585536
929	-2.75529
930	-3.45816
931	-7.17052
932	-4.26381
933	-3.9437
934	-3.05131
935	-5.3503
936	-7.63367
937	-6.5669
938	-9.84524
939	-10.2543
940	-6.72356
941	-6.58279
942	-8.09154
943	-5.14431
944	-8.80045
945	-6.51501
946	-6.33168
947	-6.72094
948	-5.42945
949	-6.06577
950	-4.62306
951	-6.6723
952	-10.72
953	-11.6328
954	-9.14561
955	-7.60279
956	-12.1366
957	-14.1139
958	-13.5595
959	-14.4595
960	-4.00907
961	-5.14147
962	-2.99951
963	-3.36105
964	-0.245613
965	0.504728
966	-3.39702
967	-1.96003
968	-1.69397
969	-1.57142
970	-2.24563
971	-3.53661
972	-6.444
973	-1.85064
974	-4.09354
975	-4.3191
976	-3.67289
977	-4.87204
978	-5.60361
979	-5.54558
980	-4.84675
981	-7.77534
982	-7.41269
983	-5.4676
984	-10.0381
985	-8.67798
986	-5.96083
987	-8.0573
988	-3.97094
989	-2.66092
990	-6.34218
991	-6.2569
992	-12.4152
993	-12.0571
994	-8.04055
995	-9.5757
996	-9.79215
997	-12.0587
998	-12.9836
999	-14.6995
1000	-4.00066
1001	-1.23285
1002	0.389082
1003	-1.38384
1004	-0.878584
1005	1.62614
1006	0.65295
1007	2.30049
1008	-1.25159
1009	-1.78815
1010	-0.872847
1011	-1.74628
1012	1.36121
1013	-1.3256
1014	-2.52627
1015	-5.38301
1016	-1.35093
1017	-1.68806
1018	-3.32091
1019	-2.53511
1020	-3.05963
1021	-4.56842
1022	-5.96398
1023	-4.44019
1024	-6.62781
1025	-6.44951
1026	-8.09762
1027	-6.61103
1028	-6.40964
1029	-5.17457
1030	-2.99366
1031	-6.24578
1032	-12.4973
1033	-11.3559
1034	-9.74917
1035	-6.81951
1036	-10.9124
1037	-12.9597
1038	-14.4704
1039	-15.7256
1040	-1.48859
1041	-2.07951
1042	0.34493
1043	-1.36646
1044	-4.90721
1045	-4.70412
1046	-0.564393
1047	0.363048
1048	-2.24519
1049	-2.27537
1050	-2.21885
1051	-1.62079
1052	-2.18973
1053	0.515197
1054	-0.714953
1055	1.26313
1056	-1.45122
1057	-4.2876
1058	-0.264584
1059	-3.083
1060	-2.86786
1061	-5.83752
1062	-6.61009
1063	-5.46
1064	-7.55396
1065	-6.86449
1066	-4.87754
1067	-7.50037
1068	-4.78243
1069	-6.0693
1070	-6.81968
1071	-5.11081
1072	-11.2012
1073	-9.991
1074	-10.073
1075	-7.47479
1076	-10.1933
1077	-9.39065
1078	-13.4843
1079	-12.3206
1080	2.09532
1081	0.571989
1082	-1.67144
1083	-1.30733
1084	2.90998
1085	-0.110377
1086	-2.84805
1087	0.324426
1088	-2.64163
1089	-2.214
1090	-1.96965
1091	-1.13999
1092	0.0269011
1093	0.985101
1094	-1.33913
1095	-0.91309
1096	-1.81018
1097	-2.93556
1098	-2.82687
1099	-5.09724
1100	-3.53649
1101	-5.57204
1102	-8.02004
1103	-4.48353
1104	-10.3394
1105	-8.56108
1106	-4.9009
1107	-7.84081
1108	-5.73928
1109	-3.97514
1110	-4.88961
1111	-7.81895
1112	-11.7279
1113	-11.1043
1114	-7.96965
1115	-8.2717
1116	-7.40305
1117	-11.1005
1118	-14.6223
1119	-13.3756
1120	1.91306
1121	1.65218
1122	3.08171
1123	-0.0141692
1124	5.42157
1125	4.22698
1126	-0.0602667
1127	-0.698427
1128	-2.44694
1129	-0.254326
1130	-2.23983
1131	-1.3625
1132	2.35705
1133	2.55802
1134	3.80747
1135	1.20364
1136	0.256364
1137	-0.0986381
1138	-1.33848
1139	-2.59
1140	-3.28382
1141	-3.04451
1142	-2.03461
1143	-3.08495
1144	-4.26714
1145	-6.2489
1146	-5.61734
1147	-3.80201
1148	0.0827602
1149	-2.90134
1150	-5.15625
1151	-5.05792
1152	-4.18583
1153	-7.83101
1154	-3.32825
1155	-1.66142
1156	-3.68206
1157	-6.21358
1158	1.49249
1159	-0.131093
1160	1.23941
1161	1.54709
1162	-0.382579
1163	-0.654329
1164	1.37574
1165	0.275134
1166	-0.401062
1167	-0.792847
1168	-0.935926
1169	-2.26114
1170	-0.838175
1171	-2.33014
1172	1.99641
1173	3.64878
1174	4.35718
1175	3.82312
1176	-0.297126
1177	0.381422
1178	0.214949
1179	-1.75039
1180	0.520807
1181	-3.576
1182	-5.46925
1183	-3.9968
1184	-4.02097
1185	-5.95689
1186	-4.69831
1187	-4.64427
1188	-2.4728
1189	-1.64585
1190	1.49159
1191	-1.80458
1192	-2.8204
1193	-4.05459
1194	-5.65366
1195	-2.32524
1196	1.82947
1197	-0.903596
1198	-1.49033
1199	1.2022
1200	-0.537161
1201	0.995384
1202	-1.2954
1203	0.200486
1204	3.57567
1205	1.55413
1206	-0.740585
1207	-0.452682
1208	-0.500013
1209	-1.3884
1210	-2.86659
1211	-1.95642
1212	-0.684
1213	2.27363
1214	2.29946
1215	1.02776
1216	0.477163
1217	-0.308031
1218	-2.53009
1219	-2.24241
1220	-4.51676
1221	-8.58884
1222	-2.75414
1223	-2.99981
1224	-3.93125
1225	-6.00192
1226	-6.87419
1227	-4.29341
1228	-1.64865
1229	-1.30218
1230	-1.10306
1231	-0.436929
1232	-4.43066
1233	-3.97007
1234	-0.864887
1235	-4.27104
1236	-1.58513
1237	-0.242371
1238	1.35902
1239	0.631669
1240	-1.17078
1241	-0.871581
1242	0.162304
1243	-3.16733
1244	2.24049
1245	0.387594
1246	0.922153
1247	0.0259762
1248	-2.65984
1249	-0.0518003
1250	-1.56672
1251	-2.13772
1252	0.611033
1253	2.75196
1254	1.0549
1255	0.492303
1256	0.201717
1257	0.530186
1258	1.90836
1259	-1.32285
1260	-2.83837
1261	-3.53833
1262	-3.7233
1263	-8.24204
1264	-4.79293
1265	-6.49726
1266	-5.34372
1267	-5.77316
1268	-3.59818
1269	-2.09364
1270	-4.3362
1271	-3.10288
1272	-4.13328
1273	-3.75721
1274	-2.76198
1275	-3.87902
1276	-1.61427
1277	-3.0413
1278	-0.901484
1279	-0.932044
1280	-0.137161
1281	1.31706
1282	1.8145
1283	-2.62302
1284	3.57946
1285	3.64399
1286	2.7862
1287	2.22013
1288	-0.391742
1289	-1.28049
1290	-4.81286
1291	-1.70827
1292	2.91722
1293	3.65879
1294	0.403775
1295	3.001
1296	0.361229
1297	0.715151
1298	-4.26334
1299	-3.41834
1300	2.68122
1301	2.30921
1302	0.0878659
1303	0.0542573
1304	-1.55604
1305	0.139718
1306	-1.96239
1307	-3.73357
1308	-4.10809
1309	-4.87175
1310	-3.56958
1311	-5.07707
1312	-5.52425
1313	-2.41634
1314	-5.12423
1315	-7.64108
1316	-1.88539
1317	-2.58288
1318	-1.02069
1319	-5.3494
1320	-3.98293
1321	-3.80486
1322	-4.53183
1323	-3.03055
1324	-1.19475
1325	-2.01951
1326	0.921278
1327	1.16403
1328	-1.4618
1329	-1.58791
1330	0.505203
1331	-1.82272
1332	2.20965
1333	1.51449
1334	0.699832
1335	0.34232
1336	-5.05785
1337	-4.70301
1338	6.0331
1339	-3.45767
1340	-0.442809
1341	1.15348
1342	0.90664
1343	1.39049
1344	-3.00721
1345	0.309995
1346	-1.12761
1347	-3.24775
1348	2.90502
1349	3.57862
1350	0.548232
1351	1.48889
1352	-0.122201
1353	-2.80633
1354	-5.87837
1355	-6.09508
1356	-3.23698
1357	-2.34203
1358	-2.89459
1359	-3.79477
1360	-7.47736
1361	-7.36891
1362	-4.61723
1363	-4.39408
1364	-5.58211
1365	-4.59185
1366	-2.55471
1367	-1.30598
1368	-2.45645
1369	-3.78196
1370	-3.10302
1371	-3.59662
1372	-3.33465
1373	-2.43845
1374	-0.904642
1375	-2.06918
1376	0.480486
1377	0.209983
1378	0.977133
1379	-0.862918
1380	0.159808
1381	0.698272
1382	-1.40528
1383	-2.44321
1384	-3.63551
1385	-2.56459
1386	-2.03667
1387	7.54586
1388	-1.18546
1389	0.381294
1390	-0.526839
1391	0.742346
1392	-0.162558
1393	-0.679688
1394	-1.68349
1395	-0.562798
1396	2.80706
1397	2.46558
1398	0.252612
1399	1.62462
1400	-3.71802
1401	-5.89609
1402	-3.19893
1403	-0.889116
1404	-1.90918
1405	-7.18365
1406	-3.58242
1407	-4.03058
1408	-4.30326
1409	-4.71151
1410	-6.3166
1411	-6.24221
1412	-2.64328
1413	-2.6454
1414	-5.47115
1415	-7.38349
1416	-5.2826
1417	-4.66505
1418	-5.05331
1419	-4.47512
1420	-2.99115
1421	-3.67497
1422	-0.438937
1423	-0.298264
1424	-1.28609
1425	-0.047443
1426	-2.72081
1427	-2.71847
1428	0.321176
1429	1.38254
1430	0.443637
1431	-1.8643
1432	-2.61894
1433	-3.91498
1434	5.92224
1435	-9.85572
1436	-1.96893
1437	0.270507
1438	0.553407
1439	0.176819
1440	-2.09028
1441	-0.875172
1442	-3.80261
1443	-4.02786
1444	1.88943
1445	1.57697
1446	-0.056779
1447	-0.0885286
1448	-3.27204
1449	-1.96425
1450	-2.19969
1451	-4.08246
1452	-1.06493
1453	-4.41361
1454	-7.26428
1455	-4.61909
1456	-4.11278
1457	-3.12431
1458	-6.57168
1459	-7.22204
1460	-6.14164
1461	-4.0676
1462	-2.34984
1463	-3.15161
1464	-4.25401
1465	-5.3319
1466	-6.26697
1467	-6.82713
1468	-3.61158
1469	-2.19102
1470	1.83733
1471	-1.96716
1472	-0.39069
1473	0.863449
1474	0.877298
1475	1.87569
1476	-3.46295
1477	-2.04259
1478	-2.23479
1479	-2.54607
1480	-0.369541
1481	-0.220977
1482	0.776042
1483	1.50597
1484	-1.46167
1485	-2.43454
1486	-2.53381
1487	-3.85101
1488	2.89414
1489	3.23211
1490	-0.60769
1491	-0.299208
1492	-0.674185
1493	0.432045
1494	7.24307
1495	-0.869313
1496	-0.194547
1497	-1.67178
1498	-4.49742
1499	-2.47273
1500	-9.20782
1501	-7.27503
1502	-4.83958
1503	-3.96301
1504	-1.42447
1505	-0.389597
1506	-4.08264
1507	-2.63629
1508	-5.74261
1509	-5.07935
1510	-4.02563
1511	-5.857
1512	-2.81441
1513	-1.98711
1514	-3.6644
1515	-0.0537309
1516	-3.52229
1517	-4.28351
1518	-8.27715
1519	-4.43636
1520	3.04354
1521	1.42496
1522	-0.0791932
1523	-0.340836
1524	-7.98278
1525	-3.272
1526	-1.45365
1527	-2.76005
1528	2.41556
1529	0.0851825
1530	-0.197356
1531	0.598572
1532	-3.0425
1533	-0.640364
1534	-3.56127
1535	-2.18879
1536	2.02288
1537	2.66251
1538	3.24836
1539	1.11634
1540	2.36855
1541	0.509425
1542	-2.83927
1543	7.4472
1544	-2.86974
1545	-1.1944
1546	-5.18061
1547	-3.41223
1548	-8.17773
1549	-5.91991
1550	-6.31851
1551	-1.17081
1552	-2.58673
1553	-3.2986
1554	-1.60336
1555	-1.3847
1556	-5.93645
1557	-4.94598
1558	-5.93243
1559	-4.54684
1560	-1.79778
1561	-2.1925
1562	-1.08355
1563	-0.944777
1564	-5.88942
1565	-4.69703
1566	-5.47235
1567	-6.34033
1568	1.94019
1569	1.17182
1570	0.882497
1571	1.93314
1572	-2.71302
1573	-2.42579
1574	-2.35925
1575	-2.95965
1576	2.32257
1577	1.78543
1578	1.38484
1579	3.30743
1580	-1.14689
1581	-3.48201
1582	-2.44486
1583	-0.477758
1584	3.01805
1585	4.34678
1586	1.4914
1587	1.12901
1588	1.07369
1589	-2.12636
1590	7.55532
1591	-7.07194
1592	-0.500595
1593	-0.601675
1594	-4.73499
1595	-7.24403
1596	-8.29879
1597	-5.7221
1598	-5.39448
1599	-7.85674
1600	-2.77354
1601	-2.55517
1602	-1.10568
1603	-3.61098
1604	-5.72327
1605	-5.90747
1606	-7.10294
1607	-6.58664
1608	-1.11586
1609	-0.792899
1610	-2.44434
1611	0.10612
1612	-1.29634
1613	-5.28275
1614	-6.28965
1615	-5.15429
1616	1.72302
1617	0.282414
1618	-0.363201
1619	0.209665
1620	-2.12532
1621	-6.79389
1622	-3.37966
1623	-2.13912
1624	0.39323
1625	0.838324
1626	-1.59715
1627	0.538694
1628	-4.1488
1629	-7.41048
1630	-1.66701
1631	-2.82122
1632	-1.51687
1633	-0.365928
1634	2.95696
1635	-0.529651
1636	-2.75113
1637	-3.11031
1638	-2.63074
1639	-3.61951
1640	3.96005
1641	1.46558
1642	-0.447797
1643	-1.19678
1644	-6.41935
1645	-4.55176
1646	-6.10418
1647	-8.95514
1648	-3.08288
1649	-2.95167
1650	-2.58442
1651	-1.83366
1652	-5.60668
1653	-0.852388
1654	-7.44455
1655	-6.32897
1656	0.400081
1657	-1.41984
1658	-1.63256
1659	-2.61439
1660	-4.25666
1661	-4.03209
1662	-7.94427
1663	-6.94285
1664	0.511173
1665	-0.509514
1666	0.210486
1667	-2.93285
1668	-3.54308
1669	-4.85449
1670	-2.91915
1671	-1.76667
1672	3.07303
1673	2.90444
1674	2.28165
1675	3.09317
1676	-1.84782
1677	-2.22535
1678	-2.95437
1679	-1.94371
1680	1.49049
1681	2.16535
1682	0.00574913
1683	0.191066
1684	-0.614161
1685	-2.49202
1686	-3.54728
1687	-3.18914
1688	-11.5673
1689	3.03967
1690	-0.867726
1691	1.96421
1692	-6.39774
1693	-8.14381
1694	-7.2847
1695	-5.90904
1696	-0.513999
1697	-0.951592
1698	-2.77532
1699	-1.15609
1700	-7.20754
1701	-6.53569
1702	-5.08707
1703	-6.91944
1704	0.827759
1705	-0.58978
1706	-0.0735525
1707	-1.68754
1708	-6.04388
1709	-3.03481
1710	-6.23285
1711	-5.48809
1712	4.05316
1713	1.9876
1714	1.72003
1715	-0.215244
1716	-5.10918
1717	-3.28584
1718	-1.17368
1719	-4.33883
1720	2.46891
1721	0.737442
1722	2.40156
1723	1.62261
1724	-4.67869
1725	-3.89038
1726	-2.83038
1727	-5.59136
1728	2.64986
1729	0.902288
1730	-0.343958
1731	-0.234152
1732	-2.83188
1733	-3.2966
1734	-0.512206
1735	-2.90313
1736	1.23568
1737	1.34745
1738	1.8804
1739	1.94588
1740	-6.4201
1741	-7.09537
1742	-7.65832
1743	-3.69091
1744	-2.30507
1745	-1.54618
1746	-3.4832
1747	-2.48548
1748	-6.38119
1749	-6.15984
1750	-5.78119
1751	-4.8134
1752	-2.11232
1753	-1.35803
1754	-3.67586
1755	-4.01905
1756	-6.28058
1757	-6.9104
1758	-6.17157
1759	-5.80785
1760	0.0891652
1761	0.396539
1762	0.163423
1763	1.48459
1764	-3.94719
1765	-3.03578
1766	-1.36444
1767	-4.22888
1768	4.10766
1769	0.180342
1770	1.64305
1771	-1.25964
1772	-3.12908
1773	-4.01618
1774	-3.56516
1775	-3.48383
1776	0.876523
1777	-1.84059
1778	-0.0478375
1779	-2.45085
1780	-0.954702
1781	-2.59416
1782	-3.18959
1783	-2.33101
1784	2.57565
1785	-0.165705
1786	4.08881
1787	1.69757
1788	-7.00561
1789	-7.65502
1790	-7.34206
1791	-4.81996
1792	-1.75309
1793	-0.46543
1794	-6.19264
1795	-3.21721
1796	-7.50158
1797	-5.68762
1798	-4.63013
1799	-7.48375
1800	-1.71164
1801	-1.41931
1802	-2.26388
1803	-1.86216
1804	-6.6156
1805	-6.24077
1806	-9.2801
1807	-7.11228
1808	1.64424
1809	-2.03523
1810	-0.110325
1811	0.635455
1812	-2.8105
1813	-3.51672
1814	-0.689413
1815	-3.20514
1816	-1.19951
1817	-2.6457
1818	-0.430714
1819	-2.64734
1820	-4.56862
1821	-5.22113
1822	-3.08542
1823	-4.02715
1824	-0.906578
1825	0.75528
1826	-1.21716
1827	-3.17951
1828	-4.56782
1829	-3.84906
1830	-5.77216
1831	-4.18041
1832	1.31301
1833	0.925675
1834	1.96553
1835	1.79262
1836	-7.94675
1837	-8.23897
1838	-4.68468
1839	-6.25008
1840	0.602979
1841	-4.30078
1842	-3.10951
1843	-2.87804
1844	-9.86171
1845	-9.32364
1846	-6.07033
1847	-6.28159
1848	-2.38338
1849	-0.505764
1850	-3.28323
1851	-1.7975
1852	-5.62855
1853	-5.35618
1854	-7.50973
1855	-5.47767
1856	-2.96191
1857	-4.00951
1858	-0.649514
1859	-1.74883
1860	0.0924323
1861	-0.725503
1862	-1.91004
1863	0.702055
1864	-1.90708
1865	-1.62588
1866	-3.43222
1867	-3.43602
1868	2.05753
1869	4.3933
1870	-1.7261
1871	0.0410742
1872	-1.95194
1873	0.643126
1874	-5.27962
1875	-4.92701
1876	-2.70777
1877	-0.818958
1878	-3.38184
1879	-2.07569
1880	-1.76583
1881	1.92611
1882	0.329865
1883	-3.43462
1884	-5.10963
1885	-1.79951
1886	-3.27242
1887	-2.83562
1888	-4.62988
1889	-2.70019
1890	-3.78896
1891	-5.67534
1892	-2.10445
1893	-1.35032
1894	1.12031
1895	1.1268
1896	-6.24045
1897	-4.88293
1898	-6.98628
1899	-6.17835
1900	-1.28274
1901	-0.231297
1902	-5.04748
1903	2.48872
1904	-0.875985
1905	0.0730666
1906	-2.65572
1907	-3.10731
1908	0.825161
1909	-0.482409
1910	1.42414
1911	-0.629144
1912	-3.83217
1913	-0.265893
1914	-2.58636
1915	-2.52018
1916	-3.10227
1917	-2.37773
1918	-0.586631
1919	-3.02207
1920	-2.87777
1921	-1.61864
1922	-3.38785
1923	-3.94515
1924	-6.71656
1925	-5.83197
1926	-1.58636
1927	-4.79547
1928	-1.98973
1929	0.892576
1930	-1.53067
1931	-0.878542
1932	-4.98859
1933	-2.01951
1934	-1.31047
1935	-1.45897
1936	-4.35221
1937	-5.04069
1938	-6.18418
1939	-4.77675
1940	-0.612661
1941	-2.14054
1942	-1.48249
1943	-1.18187
1944	-7.23225
1945	-2.67531
1946	-5.12641
1947	-1.35523
1948	0.895527
1949	-1.38498
1950	-4.85641
1951	-0.731093
1952	0.247474
1953	-1.9654
1954	-1.83825
1955	-1.39182
1956	0.946547
1957	2.48036
1958	-0.408926
1959	-0.462672
1960	-4.52323
1961	0.501429
1962	-3.6297
1963	-1.57189
1964	1.80205
1965	-1.59685
1966	-0.188842
1967	-1.03623
1968	-0.987564
1969	-2.15062
1970	-2.48614
1971	-2.59356
1972	-2.13805
1973	0.946592
1974	-3.06476
1975	-1.62612
1976	-2.5762
1977	-4.06921
1978	-3.02555
1979	-4.60595
1980	-0.517478
1981	-2.03181
1982	-2.67138
1983	-2.69876
1984	-5.68661
1985	-4.68193
1986	-4.25426
1987	-4.00545
1988	-2.96817
1989	-4.41914
1990	-1.4722
1991	-1.6384
1992	-6.02654
1993	-5.95533
1994	-6.54134
1995	-2.83285
1996	-3.04525
1997	-3.03346
1998	-2.87544
1999	-2.77718
2000	-2.64951
2001	-3.49369
2002	-3.5763
2003	-1.88651
2004	-0.829595
2005	-0.12361
2006	-3.94131
2007	-3.24757
2008	-2.19951
2009	-3.78119
2010	-2.89855
2011	-1.95462
2012	-1.41876
2013	-3.16947
2014	-1.78959
2015	-1.25336
2016	-6.42655
2017	-2.76877
2018	-4.08203
2019	-6.44021
2020	-1.61126
2021	0.00501559
2022	-1.91485
2023	0.239358
2024	-2.6794
2025	-5.22713
2026	-2.13964
2027	-4.14842
2028	-4.02909
2029	-4.60627
2030	-5.42461
2031	-5.71303
2032	-6.82878
2033	-8.55943
2034	-7.82531
2035	-7.92618
2036	-5.07228
2037	-2.91358
2038	-3.42035
2039	-1.82732
2040	-6.78561
2041	-4.73405
2042	-6.80471
2043	-6.57825
2044	-4.76688
2045	-1.0154
2046	-3.78523
2047	-3.18266
2048	-3.17679
2049	-4.14299
2050	-2.41038
2051	-1.85874
2052	0.453757
2053	-0.960739
2054	-0.0721759
2055	-0.0883339
2056	-0.863845
2057	-1.08369
2058	-1.34422
2059	-3.91722
2060	-4.16139
2061	-0.540965
2062	-0.286541
2063	-1.40419
2064	-2.79593
2065	-0.0897579
2066	-2.30995
2067	-3.95838
2068	-0.0524552
2069	-1.1318
2070	-0.631187
2071	0.47372
2072	0.545584
2073	-4.08907
2074	-2.4034
2075	-0.352847
2076	-5.61412
2077	-5.00593
2078	-0.820676
2079	-1.947
2080	-5.16503
2081	-5.83961
2082	-8.32441
2083	-8.14492
2084	-5.36505
2085	-2.70583
2086	1.17596
2087	-1.15226
2088	-5.84879
2089	-6.58604
2090	-6.89951
2091	-4.58013
2092	-3.27882
2093	-3.69951
2094	-3.28605
2095	-2.45357
2096	-4.42598
2097	-4.43875
2098	-6.69951
2099	-3.46125
2100	0.950027
2101	-2.21285
2102	-0.651514
2103	-1.735
2104	-0.931332
2105	-3.51899
2106	-4.67705
2107	-1.77314
2108	-1.42332
2109	-2.0391
2110	-1.51923
2111	-2.75291
2112	-4.79003
2113	1.28488
2114	-5.94271
2115	-7.68476
2116	-2.42482
2117	0.127153
2118	-3.72139
2119	-2.25741
2120	-2.87125
2121	-4.29298
2122	-2.0358
2123	-5.91211
2124	-1.4383
2125	-2.32809
2126	-2.45951
2127	-1.72047
2128	-5.41469
2129	-6.58565
2130	-9.77331
2131	-6.80527
2132	-4.37786
2133	-2.18964
2134	-0.931812
2135	-2.98922
2136	-8.04528
2137	-5.91315
2138	-7.45857
2139	-5.43481
2140	-3.33386
2141	-3.60821
2142	-5.48934
2143	-2.97298
2144	-4.02035
2145	-0.395036
2146	-3.53588
2147	-4.09396
2148	-1.66262
2149	-0.798562
2150	-1.60164
2151	-3.04599
2152	-4.51968
2153	-3.32089
2154	-3.44766
2155	-2.39597
2156	-2.3789
2157	-0.43358
2158	-2.85292
2159	-3.1231
2160	-3.61159
2161	-5.19133
2162	-5.51456
2163	-6.0986
2164	-3.05645
2165	-2.45241
2166	1.28008
2167	-1.00061
2168	-7.34585
2169	-5.76816
2170	-4.00084
2171	-3.00439
2172	-4.59347
2173	-3.008
2174	-3.01042
2175	-0.697452
2176	-7.79636
2177	-8.05432
2178	-6.09634
2179	-5.2264
2180	-2.27745
2181	-5.14237
2182	-4.10897
2183	-0.936682
2184	-6.12345
2185	-6.19321
2186	-7.60507
2187	-7.1057
2188	-4.8182
2189	-4.8116
2190	-1.2112
2191	-2.43541
2192	-3.07371
2193	-4.07951
2194	-2.21063
2195	-3.72035
2196	-3.59254
2197	-1.17707
2198	5.10049
2199	6.95902
2200	-0.668745
2201	-5.4479
2202	-4.41573
2203	-4.16527
2204	-2.3922
2205	-1.13815
2206	-2.67926
2207	-1.70657
2208	-6.2365
2209	-6.05386
2210	-4.52174
2211	-3.31544
2212	-2.36751
2213	-2.04751
2214	-3.14142
2215	-0.975532
2216	-5.63353
2217	-6.08991
2218	-1.76293
2219	-2.092
2220	-2.88133
2221	-7.40487
2222	-1.49951
2223	-0.927719
2224	-7.11866
2225	-9.99836
2226	-6.01997
2227	-8.72007
2228	-5.08133
2229	-6.09277
2230	-0.207749
2231	-3.83389
2232	-5.5301
2233	-3.49432
2234	-8.08819
2235	-7.61285
2236	-3.29063
2237	-3.83285
2238	-3.19363
2239	-5.32174
2240	0
2241	0
2242	0
2243	0
2244	0
2245	0
2246	0
2247	0
2248	0
2249	0
2250	0
2251	0
2252	0
2253	0
2254	0
2255	0
2256	0
2257	0
2258	0
2259	0
2260	0
2261	0
2262	0
2263	0
2264	0
2265	0
2266	0
2267	0
2268	0
2269	0
2270	0
2271	0
2272	0
2273	0
2274	0
2275	0
2276	0
2277	0
2278	0
2279	0
2280	0
2281	0
2282	0
2283	0
2284	0
2285	0
2286	0
2287	0
2288	0
2289	0
2290	0
2291	0
2292	0
2293	0
2294	0
2295	0
2296	0
2297	0
2298	0
2299	0
2300	0
2301	0
2302	0
2303	0
2304	0
2305	0
2306	0
2307	0
2308	0
2309	0
2310	0
2311	0
2312	0
2313	0
2314	0
2315	0
2316	0
2317	0
2318	0
2319	0
2320	0
2321	0
2322	0
2323	0
2324	0
2325	0
2326	0
2327	0
2328	0
2329	0
2330	0
2331	0
2332	0
2333	0
2334	0
2335	0
2336	0
2337	0
2338	0
2339	0
2340	0
2341	0
2342	0
2343	0
2344	0
2345	0
2346	0
2347	0
2348	0
2349	0
2350	0
2351	0
2352	0
2353	0
2354	0
2355	0
2356	0
2357	0
2358	0
2359	0
2360	30.0495
2361	24.7343
2362	29.6193
2363	29.7505
2364	27.2619
2365	30.2059
2366	27.3732
2367	29.752
2368	30.152
2369	28.126
2370	26.0766
2371	24.8992
2372	26.1641
2373	25.5892
2374	31.1564
2375	31.0502
2376	32.2353
2377	25.1021
2378	29.5508
2379	32.5362
2380	28.2262
2381	30.1882
2382	30.6826
2383	28.2523
2384	35.48
2385	31.0907
2386	33.1783
2387	24.5774
2388	30.2484
2389	30.4069
2390	28.3168
2391	29.4589
2392	33.7207
2393	35.3215
2394	31.3116
2395	35.5773
2396	29.5281
2397	25.6861
2398	30.4327
2399	24.9915
2400	18.3306
2401	26.2733
2402	33.9005
2403	34.0276
2404	31.7229
2405	33.8995
2406	30.1997
2407	28.8381
2408	24.2116
2409	24.6938
2410	24.6381
2411	24.7954
2412	26.8193
2413	26.6796
2414	34.995
2415	30.2262
2416	30.0893
2417	34.8383
2418	33.4131
2419	30.6598
2420	33.5898
2421	31.6909
2422	29.5927
2423	31.0191
2424	37.8595
2425	32.8578
2426	32.6961
2427	32.9346
2428	30.146
2429	35.8244
2430	33.838
2431	27.5146
2432	35.012
2433	30.4504
2434	28.1459
2435	30.8851
2436	31.9906
2437	34.1137
2438	30.4143
2439	32.8465
2440	31.7031
2441	35.6005
2442	31.6858
2443	29.856
2444	29.7146
2445	25.4244
2446	32.1478
2447	26.8587
2448	30.818
2449	34.2755
2450	24.1683
2451	35.0159
2452	32.1861
2453	33.9016
2454	28.4949
2455	0
2456	35.7417
2457	30.2816
2458	29.206
2459	31.0871
2460	29.9043
2461	33.4531
2462	35.1051
2463	33.3682
2464	34.2301
2465	35.7642
2466	31.4669
2467	27.9685
2468	29.182
2469	34.297
2470	27.6865
2471	27.5795
2472	32.0034
2473	35.6399
2474	35.3711
2475	31.9501
2476	31.5079
2477	31.5732
2478	34.638
2479	31.4152
2480	33.2429
2481	33.6018
2482	34.1849
2483	30.8382
2484	31.7003
2485	36.2257
2486	35.0962
2487	37.1052
2488	36.5106
2489	36.8046
2490	32.2538
2491	28.2319
2492	35.9434
2493	33.4379
2494	28.8928
2495	30.567
2496	33.0277
2497	31.4964
2498	37.8405
2499	35.708
2500	36.7223
2501	36.2357
2502	33.0267
2503	34.6582
2504	34.3253
2505	32.436
2506	28.3487
2507	34.7673
2508	32.6721
2509	37.9857
2510	34.2247
2511	34.8474
2512	36.1344
2513	35.9077
2514	31.5764
2515	35.3637
2516	34.2429
2517	30.2044
2518	31.9984
2519	29.2608
2520	33.1102
2521	31.2903
2522	35.6215
2523	34.1413
2524	38.5372
2525	35.7689
2526	31.7897
2527	33.792
2528	33.3489
2529	30.1838
2530	32.5283
2531	32.3307
2532	36.1297
2533	33.2373
2534	36.553
2535	35.1005
2536	33.5934
2537	33.7918
2538	33.6554
2539	25.4745
2540	33.888
2541	31.352
2542	32.1551
2543	29.1704
2544	25.6173
2545	27.6225
2546	29.0637
2547	33.5475
2548	31.6354
2549	33.9586
2550	27.1835
2551	37.2432
2552	31.5016
2553	30.3267
2554	30.6074
2555	26.3768
2556	29.235
2557	30.3094
2558	31.2512
2559	32.5214
2560	30.9732
2561	30.1603
2562	31.6701
2563	35.7743
2564	28.8611
2565	27.8497
2566	27.6808
2567	28.4534
2568	30.3736
2569	31.1589
2570	29.7593
2571	29.4683
2572	27.5507
2573	29.9279
2574	26.8581
2575	29.7922
2576	29.1498
2577	26.2537
2578	33.5441
2579	29.3209
2580	31.9561
2581	24.5926
2582	29.2193
2583	24.6234
2584	29.4099
2585	30.462
2586	26.8694
2587	25.8362
2588	27.4666
2589	29.651
2590	27.3295
2591	27.6232
2592	33.3054
2593	31.4998
2594	27.7867
2595	30.1533
2596	0
2597	0
2598	0
2599	0
2600	0
2601	0
2602	0
2603	0
2604	0
2605	0
2606	0
2607	0
2608	0
2609	0
2610	0
2611	0
2612	0
2613	0
2614	0
2615	0
2616	0
2617	0
2618	0
2619	0
2620	0
2621	0
2622	0
2623	0
2624	0
2625	0
2626	0
2627	0
2628	0
2629	0
2630	0
2631	0
2632	0
2633	0
2634	0
2635	0
2636	0
2637	0
2638	0
2639	0
2640	0
2641	0
2642	0
2643	0
2644	0
2645	0
2646	0
2647	0
2648	0
2649	0
2650	0
2651	0
2652	0
2653	0
2654	0
2655	0
2656	0
2657	0
2658	0
2659	0
2660	0
2661	0
2662	0
2663	0
2664	0
2665	0
2666	0
2667	0
2668	0
2669	0
2670	0
2671	0
2672	0
2673	0
2674	0
2675	0
2676	0
2677	0
2678	0
2679	0
2680	0
2681	0
2682	0
2683	0
2684	0
2685	0
2686	0
2687	0
2688	0
2689	0
2690	0
2691	0
2692	0
2693	0
2694	0
2695	0
2696	0
2697	0
2698	0
2699	0
2700	0
2701	0
2702	0
2703	0
2704	0
2705	0
2706	0
2707	0
2708	0
2709	0
2710	0
2711	0
2712	0
2713	0
2714	0
2715	0
