0	-1.38652
1	-0.14101
2	-2.94593
3	-2.77612
4	-1.91278
5	-1.44836
6	-5.29654
7	-1.34774
8	-2.20371
9	-6.8351
10	-2.91916
11	-7.61725
12	-2.62957
13	-1.06299
14	-0.801343
15	-2.51973
16	0.812075
17	-3.12922
18	-3.90767
19	-1.48262
20	0.615251
21	-4.11429
22	-1.97664
23	0.0127493
24	-4.26563
25	-5.01809
26	-3.74868
27	-5.31858
28	-3.10706
29	-5.72293
30	-3.55611
31	-3.42706
32	-10.354
33	-8.67171
34	-6.67107
35	-7.63182
36	-5.78283
37	-5.43569
38	-5.65111
39	-2.74151
40	-6.81039
41	-5.60324
42	-5.43726
43	-7.61127
44	-12.087
45	-6.89797
46	-4.56872
47	-5.57288
48	1.70691
49	0.662527
50	-3.8461
51	-2.42107
52	1.53559
53	-1.52895
54	-0.00460763
55	-0.780154
56	-0.504126
57	-1.4424
58	-2.57549
59	0.506087
60	2.50049
61	-0.287443
62	0.507916
63	-1.82329
64	-1.54516
65	-1.73296
66	-1.55574
67	-1.14085
68	1.1958
69	-1.56165
70	-2.75411
71	-1.05857
72	-2.02298
73	-4.44565
74	-6.01482
75	-4.72299
76	-2.72538
77	-3.21217
78	-3.2108
79	-4.01943
80	-7.08574
81	-6.96474
82	-6.3684
83	-6.67121
84	-4.68055
85	-2.52472
86	-3.05841
87	-3.07663
88	-4.76627
89	-5.34951
90	-4.73707
91	-4.81338
92	-8.40545
93	-7.76808
94	-6.4227
95	-9.43452
96	6.16027
97	4.48532
98	-0.75343
99	-0.384528
100	1.43675
101	1.12106
102	0.581213
103	1.50627
104	-0.79419
105	-2.76682
106	1.11037
107	-0.653801
108	1.30182
109	1.08826
110	1.9848
111	2.03009
112	-2.79259
113	-2.77444
114	-3.12789
115	-0.928558
116	-1.59567
117	-1.74082
118	-3.32623
119	-1.0862
120	-5.24208
121	-4.56808
122	-6.27265
123	-4.60676
124	-1.8856
125	-3.51536
126	-3.76489
127	-1.83522
128	-6.04507
129	-3.18187
130	-4.78031
131	-3.11991
132	-0.92251
133	-3.10098
134	-0.734149
135	2.0385
136	-3.26673
137	-4.3948
138	-4.05228
139	-2.42883
140	-5.34027
141	-7.63307
142	-6.02586
143	-8.14345
144	2.64108
145	1.18383
146	-2.6538
147	-1.49932
148	0.726911
149	1.06512
150	1.2314
151	0.99173
152	-4.58576
153	-1.4582
154	-0.714435
155	0.645107
156	0.787094
157	3.5173
158	1.44304
159	1.31386
160	1.70259
161	1.30172
162	-0.252226
163	-2.38323
164	-0.102553
165	-1.2794
166	-3.73209
167	-1.87327
168	-1.70791
169	-4.29682
170	-8.15107
171	-7.68554
172	-2.21745
173	-2.71377
174	-0.766917
175	-4.73565
176	-2.86065
177	-4.76706
178	-1.95982
179	-3.996
180	-0.694403
181	0.0358301
182	-3.25522
183	-2.07251
184	0.492642
185	-4.43487
186	-3.72202
187	0.548535
188	-6.73086
189	-3.19591
190	-5.95961
191	-8.92959
192	4.16437
193	3.95662
194	-1.57076
195	-0.905238
196	0.375269
197	0.328887
198	-0.777866
199	2.05907
200	-1.0216
201	0.836209
202	-0.70576
203	-3.4809
204	1.73481
205	0.274368
206	0.138592
207	2.44264
208	0.446078
209	-0.842881
210	-20.8742
211	0.283469
212	0.235626
213	-1.3126
214	-4.32448
215	-3.1558
216	-4.37277
217	-4.68369
218	-2.45842
219	-4.90502
220	-1.80999
221	-5.18775
222	-1.83343
223	-0.419689
224	-4.03319
225	-3.10987
226	-6.48557
227	-4.04704
228	-2.46819
229	-1.17994
230	-2.92812
231	-2.70509
232	-0.155105
233	-2.11306
234	-1.96832
235	0.669981
236	-6.29258
237	-5.1513
238	-8.25149
239	-10.5191
240	2.28567
241	4.70452
242	-0.403843
243	-1.41373
244	-0.844703
245	-1.96075
246	0.389508
247	-0.16277
248	1.90612
249	-0.687057
250	-0.284766
251	-0.208962
252	2.26173
253	1.27951
254	2.42511
255	-0.348036
256	0.243569
257	0.856016
258	-0.58959
259	-1.27706
260	0.792081
261	-2.45638
262	-5.81145
263	-4.003
264	-3.17683
265	-2.86398
266	-4.00769
267	-7.51135
268	-0.474183
269	-1.37679
270	-2.52397
271	-1.55237
272	-4.62752
273	-2.50025
274	-0.449684
275	-1.62006
276	-0.780442
277	-1.98003
278	-0.675349
279	-0.961486
280	0.157973
281	0.597203
282	-0.439053
283	-0.13539
284	-4.58287
285	-0.36953
286	-9.09957
287	-6.79751
288	4.64662
289	3.46286
290	0.0866844
291	-0.166761
292	-0.991656
293	1.3688
294	-1.59372
295	3.52859
296	-0.655358
297	0.496473
298	-1.79235
299	-1.1149
300	0.792061
301	4.13332
302	2.32039
303	1.03134
304	1.3005
305	-0.240849
306	-3.19668
307	-0.537508
308	-5.7109
309	-10.1048
310	-7.55671
311	-8.81517
312	-3.60844
313	-3.62461
314	-3.56306
315	-3.41228
316	-1.74014
317	1.98424
318	-2.82878
319	-0.434496
320	-4.66941
321	-5.95325
322	-7.42232
323	-5.99268
324	-5.02519
325	-1.77229
326	-3.44933
327	-7.23623
328	-2.82759
329	-5.8817
330	-5.5921
331	-1.50518
332	-8.85729
333	-7.92055
334	-3.29873
335	-4.72179
336	5.43845
337	3.73545
338	0.738812
339	2.69616
340	2.85954
341	0.128311
342	2.61387
343	2.24201
344	-0.986649
345	-0.279367
346	1.30754
347	-0.327798
348	2.56789
349	0.128373
350	2.6405
351	1.60756
352	-1.00479
353	0.60919
354	1.86308
355	0.543896
356	-2.93564
357	-4.55343
358	-5.85376
359	-9.99852
360	-0.553762
361	-5.10534
362	-3.24149
363	-0.488929
364	-3.11483
365	-1.88157
366	-2.52464
367	-2.18136
368	-3.78813
369	-4.05633
370	-2.03327
371	-5.91695
372	0.469397
373	1.38583
374	-0.93035
375	3.67384
376	-1.31145
377	2.06486
378	-0.504166
379	-1.25505
380	-3.79508
381	-6.01578
382	-8.23674
383	-7.33533
384	-2.06579
385	-2.97193
386	4.35204
387	0.627739
388	-4.25656
389	-5.42225
390	-6.47083
391	-4.24907
392	1.53113
393	2.07917
394	-0.410256
395	0.813294
396	-5.84626
397	-3.90281
398	-5.48344
399	-2.54982
400	-0.585604
401	-1.36083
402	2.26532
403	-1.47415
404	-5.90733
405	-6.58494
406	-7.5917
407	-7.94195
408	0.944041
409	-3.13405
410	0.207229
411	-3.59462
412	-6.35681
413	-7.99517
414	-4.91043
415	-8.00743
416	-3.1106
417	-4.13252
418	-3.3719
419	-2.67025
420	-6.00843
421	-8.02258
422	-7.06972
423	-4.49144
424	-12.5874
425	-13.1732
426	-12.7881
427	-12.949
428	-10.7449
429	-9.10207
430	-14.5459
431	-13.3334
432	-3.78238
433	-3.42799
434	1.21895
435	-1.20814
436	-3.5575
437	-7.22083
438	-2.69372
439	-5.71936
440	1.31044
441	0.242174
442	0.164519
443	1.81529
444	-0.715904
445	-3.84143
446	-3.04058
447	-4.36922
448	1.03552
449	-0.746453
450	2.24919
451	-2.49531
452	-0.710713
453	-7.04722
454	-8.63796
455	-7.93087
456	-1.01642
457	-1.66812
458	-3.49632
459	-3.39777
460	-6.36782
461	-5.89946
462	-5.10095
463	-8.54981
464	-3.28696
465	-3.18933
466	-5.81334
467	-3.99082
468	-5.20754
469	-4.95846
470	-7.33155
471	-5.00849
472	-11.8656
473	-13.8637
474	-13.4959
475	-12.9493
476	-13.7568
477	-13.0513
478	-13.4304
479	-13.0828
480	3.93414
481	1.16053
482	0.283631
483	2.05006
484	-6.06602
485	-4.32606
486	-4.40872
487	-4.62456
488	1.96726
489	2.38855
490	1.14463
491	-0.159253
492	-2.97761
493	-2.42286
494	-1.9655
495	-4.2611
496	0.678885
497	1.03388
498	-0.22007
499	0.0426406
500	-1.12814
501	-7.13096
502	-7.12017
503	-6.56968
504	-1.0034
505	-0.893366
506	-4.18998
507	-1.4767
508	-6.20286
509	-8.38687
510	-6.26071
511	-5.78506
512	-3.34193
513	-4.75447
514	0.24948
515	-3.6796
516	-4.97404
517	-6.32234
518	-6.75837
519	-5.89424
520	-11.8877
521	-14.4718
522	-9.42011
523	-10.9209
524	-10.392
525	-11.687
526	-11.2677
527	-8.91912
528	2.82071
529	1.849
530	-1.92373
531	-1.87763
532	-3.17386
533	-2.043
534	-3.77594
535	-5.80363
536	-1.44784
537	-1.26247
538	1.0312
539	-0.264523
540	-5.78346
541	-5.98049
542	-7.03885
543	-2.08886
544	3.21655
545	2.28301
546	-2.68883
547	-0.442414
548	-5.55244
549	-7.53985
550	-9.06871
551	-9.72471
552	-0.555292
553	1.4012
554	-0.514819
555	0.872947
556	-5.56979
557	-5.62749
558	-5.07336
559	-5.40981
560	-3.78547
561	-0.710729
562	-2.24672
563	-0.136726
564	-6.45738
565	-4.05886
566	-6.51853
567	-5.51591
568	-11.3771
569	-11.8625
570	-10.5435
571	-10.8383
572	-6.67502
573	-6.74098
574	-11.2947
575	-11.8263
576	0.407793
577	0.375973
578	2.30195
579	2.13293
580	-3.26787
581	-2.46009
582	-2.19399
583	-1.53854
584	2.18741
585	1.16344
586	1.98443
587	0.676837
588	-5.93929
589	-4.46769
590	-0.635125
591	-3.15557
592	2.3293
593	-1.94097
594	0.785634
595	0.808304
596	-3.95931
597	-6.96922
598	-5.75655
599	-6.24153
600	1.13003
601	-0.82702
602	-0.0592738
603	1.02795
604	-6.6049
605	-3.93269
606	-4.88848
607	-5.53091
608	-2.43333
609	-4.19006
610	-1.80347
611	-1.27061
612	-5.19297
613	-6.20465
614	-5.82736
615	-5.44035
616	-10.9527
617	-11.9973
618	-10.1872
619	-9.3287
620	-11.0724
621	-9.4243
622	-13.3467
623	-11.7427
624	2.36573
625	2.67579
626	3.94881
627	1.9864
628	-1.73018
629	-0.34839
630	-1.55891
631	-4.59206
632	2.70009
633	4.02595
634	0.365902
635	0.51766
636	-2.40012
637	-0.00188006
638	-2.02824
639	-0.110535
640	2.35011
641	1.4951
642	1.80486
643	1.71997
644	-0.779368
645	-5.43745
646	-4.60006
647	1.8725
648	-9.63237
649	-8.81873
650	-10.8506
651	-11.6575
652	-6.14871
653	-8.3484
654	-5.1193
655	-5.39658
656	-2.88916
657	-2.52576
658	-2.48863
659	-3.9601
660	-6.8647
661	-4.98426
662	-6.40393
663	-5.1763
664	-10.6557
665	-8.27706
666	-9.43388
667	-9.80021
668	-9.90648
669	-10.2773
670	-8.3292
671	-7.85867
672	3.20716
673	1.54556
674	1.27899
675	1.36038
676	-1.51443
677	-3.85108
678	-2.13278
679	-4.40191
680	2.13036
681	3.88412
682	4.43398
683	2.87347
684	-4.9548
685	-5.5371
686	-3.28706
687	-6.21595
688	2.94278
689	-1.64997
690	0.397906
691	1.23265
692	0.0419733
693	-2.76139
694	3.23562
695	-6.87741
696	-8.45889
697	-9.23115
698	-10.1953
699	-8.68614
700	-6.70375
701	-4.35603
702	-6.58478
703	-4.7017
704	-2.59692
705	-3.94925
706	0.282523
707	-1.45248
708	-6.57246
709	-4.27067
710	-3.81589
711	-6.28513
712	-11.8587
713	-8.22932
714	-10.6685
715	-11.6948
716	-8.49062
717	-8.23595
718	-11.2383
719	-10.9827
720	-3.66436
721	-4.3361
722	1.13497
723	2.65164
724	-2.61003
725	-3.19452
726	-3.89509
727	-2.7738
728	2.98447
729	1.61471
730	0.137943
731	2.78813
732	-5.26084
733	-7.14805
734	-5.73877
735	-4.3655
736	1.05288
737	0.823764
738	-2.4855
739	-2.8816
740	-2.00441
741	-2.06582
742	-4.61293
743	3.5498
744	-7.31094
745	-6.55558
746	-10.1329
747	-7.97669
748	-3.31663
749	-3.96632
750	-6.24395
751	-3.81182
752	-3.16023
753	-2.96425
754	-5.09977
755	-1.22422
756	-7.27281
757	-5.76291
758	-10.2132
759	-9.44093
760	-11.908
761	-8.60822
762	-9.9947
763	-10.9861
764	-7.15696
765	-10.2442
766	-7.50544
767	-10.6549
768	-3.11661
769	-4.9881
770	-3.24546
771	-4.29926
772	-2.39634
773	-0.868234
774	-3.2982
775	-0.663381
776	-4.94984
777	-3.23756
778	-6.12408
779	-4.05784
780	-3.99263
781	-1.3077
782	-4.77809
783	-6.20074
784	-4.88188
785	-6.29217
786	-3.07699
787	-2.84782
788	-1.17967
789	-3.4122
790	-3.16407
791	-4.48773
792	-8.86518
793	-8.53641
794	-9.02546
795	-10.851
796	-5.32827
797	-4.41736
798	-8.40535
799	-6.21684
800	-8.09199
801	-8.49087
802	-9.39667
803	-8.10098
804	-9.61215
805	-9.15922
806	-7.11371
807	-5.0939
808	-13.8567
809	-12.2569
810	-9.40778
811	-9.0056
812	-13.4305
813	-14.298
814	-18.1074
815	-13.3501
816	-5.52831
817	-3.04269
818	-5.79077
819	-4.22157
820	-1.5677
821	-1.60431
822	-1.47566
823	-1.72705
824	-6.45873
825	-4.78069
826	-4.99269
827	-7.1233
828	-2.4456
829	-3.71352
830	-3.78295
831	-4.13359
832	-1.02671
833	-6.79804
834	-3.82722
835	-5.32637
836	-2.91684
837	-3.67167
838	-5.38267
839	-4.00875
840	-6.46743
841	-7.00447
842	-10.7773
843	-8.15158
844	-5.10337
845	-4.18098
846	-6.05189
847	-8.2861
848	-7.99074
849	-7.55707
850	-7.86729
851	-6.83577
852	-2.11143
853	-7.78553
854	-6.86432
855	-5.27562
856	-12.4242
857	-11.7393
858	-8.65747
859	-10.0689
860	-22.2786
861	-15.6143
862	-15.4206
863	-13.3893
864	-4.0265
865	-4.19443
866	-3.90986
867	-2.58749
868	-2.36284
869	-4.15438
870	-1.36794
871	-1.72646
872	-5.13536
873	-6.44594
874	-5.44218
875	-5.50131
876	-7.06165
877	-2.10479
878	-5.923
879	-5.71461
880	-4.15191
881	-7.60745
882	-1.98565
883	-5.67584
884	-3.92661
885	-5.50716
886	-5.3863
887	-2.64692
888	-6.226
889	-7.41892
890	-12.2516
891	-11.0104
892	-6.27441
893	-7.48766
894	-5.53247
895	-10.2872
896	-8.99511
897	-8.83301
898	-8.48915
899	-6.50226
900	-4.99778
901	-5.94
902	-5.27347
903	-5.46074
904	-12.262
905	-12.379
906	-9.73294
907	-9.55912
908	-11.3408
909	-12.5281
910	-16.2034
911	-15.1271
912	-3.00845
913	-2.77561
914	-5.17807
915	-3.0624
916	-0.626376
917	-2.14201
918	-1.53853
919	-1.045
920	-5.08696
921	-4.01035
922	-2.54952
923	-0.934369
924	-0.610787
925	-1.47759
926	-0.907547
927	-0.949021
928	0.262977
929	-2.82566
930	-3.50816
931	-7.12928
932	-4.18279
933	-3.62573
934	-2.46622
935	-4.83153
936	-6.78772
937	-5.44544
938	-8.95114
939	-9.12003
940	-5.51789
941	-5.47657
942	-6.98065
943	-4.29025
944	-7.88393
945	-5.69681
946	-5.50922
947	-5.8862
948	-4.81877
949	-5.43416
950	-3.99651
951	-5.57499
952	-10.0223
953	-11.2461
954	-8.53643
955	-6.83115
956	-11.5254
957	-13.8672
958	-13.338
959	-13.5737
960	-4.11431
961	-5.46267
962	-3.81174
963	-3.78572
964	-0.327765
965	0.148072
966	-3.6993
967	-2.24695
968	-2.06408
969	-2.12802
970	-2.47025
971	-4.01658
972	-7.07047
973	-2.36165
974	-4.45057
975	-5.1476
976	-4.06443
977	-5.38075
978	-5.97595
979	-6.06426
980	-3.52154
981	-6.5611
982	-6.4338
983	-4.44522
984	-9.03062
985	-7.84072
986	-5.18302
987	-7.23403
988	-3.37572
989	-1.82135
990	-5.83061
991	-5.1907
992	-11.6218
993	-11.4171
994	-7.53583
995	-9.11754
996	-9.16775
997	-11.5389
998	-12.3377
999	-14.169
1000	-3.99947
1001	-1.60555
1002	-0.149864
1003	-1.54124
1004	-1.479
1005	0.982811
1006	0.45903
1007	1.91186
1008	-1.90751
1009	-2.62542
1010	-1.15587
1011	-2.20349
1012	0.753308
1013	-1.68285
1014	-3.23135
1015	-6.02803
1016	-1.83757
1017	-2.35437
1018	-3.81755
1019	-2.99473
1020	-1.68537
1021	-3.37225
1022	-4.76804
1023	-3.36661
1024	-5.57873
1025	-5.61997
1026	-7.1338
1027	-6.12866
1028	-5.53971
1029	-4.51834
1030	-2.30008
1031	-5.64994
1032	-11.9172
1033	-11.0518
1034	-9.24134
1035	-6.18372
1036	-10.4214
1037	-12.4308
1038	-14.1337
1039	-15.2626
1040	-1.78936
1041	-2.49849
1042	-0.0108948
1043	-1.75267
1044	-5.30142
1045	-5.34839
1046	-1.09541
1047	-0.191588
1048	-2.69989
1049	-3.03047
1050	-2.62476
1051	-2.31712
1052	-2.85856
1053	-0.141418
1054	-1.4239
1055	0.495963
1056	-2.2899
1057	-5.14316
1058	-1.01082
1059	-3.69681
1060	-1.80297
1061	-4.72916
1062	-5.66712
1063	-4.1802
1064	-6.76483
1065	-6.16209
1066	-4.09849
1067	-6.76843
1068	-3.94347
1069	-5.25344
1070	-5.91842
1071	-4.53553
1072	-10.3947
1073	-9.36465
1074	-9.50132
1075	-6.73305
1076	-9.88455
1077	-8.79035
1078	-13.1322
1079	-11.8575
1080	1.76327
1081	0.261545
1082	-2.28144
1083	-1.65832
1084	2.20108
1085	-0.642072
1086	-3.07969
1087	-0.202866
1088	-3.56989
1089	-2.76109
1090	-2.88536
1091	-1.76518
1092	-0.740642
1093	0.359306
1094	-2.11978
1095	-1.57109
1096	-2.37248
1097	-3.72183
1098	-3.34176
1099	-5.71833
1100	-2.61502
1101	-4.67744
1102	-7.32668
1103	-3.75631
1104	-9.39277
1105	-7.76548
1106	-4.14191
1107	-6.99828
1108	-4.94178
1109	-3.40857
1110	-4.35627
1111	-7.03749
1112	-11.0076
1113	-10.4352
1114	-7.15901
1115	-7.62574
1116	-7.1775
1117	-10.2509
1118	-14.0749
1119	-12.9193
1120	0.989919
1121	1.00145
1122	2.63163
1123	-0.232228
1124	5.05185
1125	3.67029
1126	-0.599307
1127	-1.2814
1128	-3.37603
1129	-0.74965
1130	-2.9405
1131	-2.40477
1132	1.34285
1133	1.91557
1134	2.82456
1135	0.207683
1136	-0.771182
1137	-1.19245
1138	-2.36316
1139	-3.35123
1140	-2.71935
1141	-2.12587
1142	-1.20311
1143	-2.24789
1144	-3.56397
1145	-5.69464
1146	-5.25544
1147	-2.80331
1148	0.57495
1149	-2.34895
1150	-4.8848
1151	-4.70606
1152	-3.69736
1153	-7.43507
1154	-2.87838
1155	-1.27536
1156	-3.20778
1157	-5.75683
1158	1.98673
1159	0.190837
1160	0.892105
1161	1.28653
1162	-0.834316
1163	-1.41001
1164	1.06005
1165	-0.200296
1166	-1.01189
1167	-1.23936
1168	-1.52652
1169	-2.99324
1170	-1.51972
1171	-3.20456
1172	1.25813
1173	2.76713
1174	3.58562
1175	2.95233
1176	-1.39899
1177	-0.668194
1178	-0.826277
1179	-2.79365
1180	1.14969
1181	-2.9115
1182	-4.82159
1183	-3.60809
1184	-3.52531
1185	-5.36094
1186	-4.39522
1187	-4.23301
1188	-2.44839
1189	-1.17964
1190	1.74287
1191	-1.46418
1192	-2.50928
1193	-3.37091
1194	-5.32595
1195	-2.21838
1196	2.157
1197	-0.635629
1198	-1.13522
1199	1.4558
1200	-1.21647
1201	0.212739
1202	-1.94105
1203	-0.048187
1204	3.31695
1205	1.51312
1206	-1.11039
1207	-1.19979
1208	-1.25624
1209	-2.19373
1210	-3.63201
1211	-2.51716
1212	-1.35725
1213	1.46931
1214	1.12388
1215	0.157208
1216	-0.721295
1217	-1.25048
1218	-3.83334
1219	-3.44181
1220	-4.2247
1221	-7.80324
1222	-2.30378
1223	-2.46048
1224	-3.57111
1225	-5.76742
1226	-6.2895
1227	-3.87249
1228	-1.3548
1229	-0.779148
1230	-1.04421
1231	0.088364
1232	-4.35702
1233	-3.90105
1234	-0.506758
1235	-3.73936
1236	-1.44635
1237	0.0247805
1238	1.39294
1239	0.522406
1240	-1.77762
1241	-1.07454
1242	-0.444329
1243	-3.35624
1244	1.81294
1245	-0.326359
1246	0.477389
1247	-0.493444
1248	-3.44396
1249	-0.74654
1250	-2.29003
1251	-2.97853
1252	-0.271197
1253	1.74206
1254	-0.0494856
1255	-0.286102
1256	-0.979371
1257	-0.634477
1258	1.00173
1259	-2.39544
1260	-2.52306
1261	-3.13606
1262	-3.42622
1263	-7.82808
1264	-4.48548
1265	-6.1794
1266	-4.93176
1267	-5.49463
1268	-2.92363
1269	-1.89512
1270	-4.26985
1271	-3.11841
1272	-4.02784
1273	-3.33695
1274	-2.53051
1275	-3.60057
1276	-1.0705
1277	-2.61814
1278	-0.337894
1279	-0.56561
1280	-0.361173
1281	0.555812
1282	1.5692
1283	-2.99558
1284	3.19569
1285	3.26321
1286	2.17415
1287	1.80608
1288	-1.23638
1289	-1.82172
1290	-5.72236
1291	-2.09817
1292	1.99668
1293	2.64969
1294	-0.537911
1295	2.1563
1296	-0.545797
1297	-0.370425
1298	-5.40616
1299	-4.49
1300	1.66996
1301	1.49362
1302	-1.05317
1303	-0.731433
1304	-2.25988
1305	-0.10703
1306	-2.09534
1307	-3.49042
1308	-4.01944
1309	-4.70748
1310	-3.51751
1311	-4.79506
1312	-5.29285
1313	-2.16631
1314	-4.79925
1315	-7.44914
1316	-1.75456
1317	-2.4566
1318	-0.711547
1319	-5.14576
1320	-3.6607
1321	-3.50994
1322	-4.56668
1323	-2.95327
1324	-0.86405
1325	-1.72607
1326	0.871954
1327	1.21565
1328	-2.31105
1329	-2.03756
1330	0.262566
1331	-2.07137
1332	1.6116
1333	1.13986
1334	0.0990873
1335	-0.418748
1336	-5.84468
1337	-5.42978
1338	5.14724
1339	-4.18061
1340	-1.40445
1341	0.464402
1342	-0.0801337
1343	0.588438
1344	-3.93972
1345	-0.642699
1346	-2.06935
1347	-4.10623
1348	1.73838
1349	2.53323
1350	-0.233901
1351	0.722222
1352	-0.997502
1353	-3.34806
1354	-6.16904
1355	-6.29706
1356	-3.17461
1357	-2.39509
1358	-2.51932
1359	-3.65009
1360	-7.30396
1361	-7.27698
1362	-4.68363
1363	-4.48011
1364	-5.39916
1365	-4.41443
1366	-2.47147
1367	-1.35691
1368	-2.26485
1369	-3.49041
1370	-2.70482
1371	-3.66691
1372	-3.23426
1373	-2.45449
1374	-0.525005
1375	-2.27537
1376	-0.451343
1377	-0.0454926
1378	0.360368
1379	-1.50493
1380	-0.392311
1381	0.475896
1382	-1.81723
1383	-2.85433
1384	-4.26992
1385	-3.3662
1386	-2.48714
1387	6.82601
1388	-1.97605
1389	-0.261602
1390	-1.14147
1391	0.0582746
1392	-1.11546
1393	-1.51627
1394	-3.04662
1395	-1.72943
1396	1.58559
1397	1.49479
1398	-0.538709
1399	0.636268
1400	-4.45979
1401	-6.26735
1402	-3.79567
1403	-1.22248
1404	-2.17147
1405	-7.31854
1406	-3.55075
1407	-3.87036
1408	-4.41642
1409	-4.49506
1410	-6.46442
1411	-6.43938
1412	-2.69315
1413	-2.62749
1414	-5.43283
1415	-7.33369
1416	-5.04775
1417	-4.998
1418	-4.94034
1419	-4.3669
1420	-2.74617
1421	-3.09433
1422	-0.49821
1423	-0.612056
1424	-1.62773
1425	-0.0797189
1426	-3.21687
1427	-3.06829
1428	-0.0667113
1429	0.831914
1430	-0.0462338
1431	-2.43137
1432	-3.14248
1433	-4.71858
1434	5.06234
1435	-10.7005
1436	-2.64288
1437	-0.339376
1438	-0.123964
1439	-0.600391
1440	-2.87352
1441	-1.62113
1442	-4.7317
1443	-5.02705
1444	0.863228
1445	0.609386
1446	-1.11957
1447	-1.01956
1448	-4.03663
1449	-2.75346
1450	-2.52636
1451	-4.45311
1452	-1.39434
1453	-4.52641
1454	-7.13559
1455	-4.52391
1456	-4.07935
1457	-3.13035
1458	-6.63182
1459	-7.52664
1460	-6.08575
1461	-3.90366
1462	-1.98519
1463	-3.0552
1464	-4.01927
1465	-5.55431
1466	-6.53994
1467	-7.12482
1468	-3.51043
1469	-2.26668
1470	2.32089
1471	-2.0403
1472	-1.1947
1473	0.4867
1474	0.983083
1475	1.25373
1476	-3.78227
1477	-2.66552
1478	-2.57495
1479	-2.43196
1480	-0.839523
1481	-0.656813
1482	0.194721
1483	0.723164
1484	-1.92188
1485	-3.04756
1486	-2.97831
1487	-4.57756
1488	2.16587
1489	2.53687
1490	-1.32108
1491	-0.987909
1492	-1.49252
1493	-0.609947
1494	6.23341
1495	-1.97672
1496	-1.06161
1497	-2.09713
1498	-5.24168
1499	-3.01351
1500	-9.27218
1501	-7.54394
1502	-4.69932
1503	-4.15976
1504	-1.64975
1505	-0.612594
1506	-4.18485
1507	-2.73987
1508	-5.63747
1509	-4.93501
1510	-3.77872
1511	-5.89352
1512	-2.48168
1513	-1.87434
1514	-3.57057
1515	0.0343893
1516	-3.3726
1517	-4.25506
1518	-7.75066
1519	-4.73909
1520	2.33544
1521	1.00301
1522	-0.316361
1523	-0.867552
1524	-8.45324
1525	-3.49805
1526	-1.79967
1527	-3.07364
1528	1.85435
1529	-0.0800906
1530	-0.78461
1531	0.205001
1532	-3.57204
1533	-1.20025
1534	-4.00138
1535	-2.48739
1536	1.51636
1537	2.07017
1538	2.45693
1539	0.59495
1540	1.66981
1541	-0.174728
1542	-3.8861
1543	6.5645
1544	-3.55682
1545	-1.70344
1546	-5.7006
1547	-3.84486
1548	-8.18385
1549	-6.06227
1550	-6.55722
1551	-1.3901
1552	-2.43481
1553	-3.1371
1554	-1.62321
1555	-1.3553
1556	-5.97421
1557	-4.93118
1558	-5.90933
1559	-4.25988
1560	-1.15889
1561	-1.72881
1562	-1.01361
1563	-0.93653
1564	-5.94174
1565	-4.30593
1566	-5.10607
1567	-6.20325
1568	1.19058
1569	1.51806
1570	0.834849
1571	1.46071
1572	-3.30004
1573	-2.42779
1574	-2.68275
1575	-3.50678
1576	1.79346
1577	1.59123
1578	1.10212
1579	3.20072
1580	-1.49435
1581	-3.81963
1582	-3.08309
1583	-0.857971
1584	2.28333
1585	3.73044
1586	0.798039
1587	0.511317
1588	0.221355
1589	-2.99322
1590	6.68262
1591	-7.54434
1592	-1.3321
1593	-1.12824
1594	-5.21951
1595	-7.45999
1596	-8.59286
1597	-5.86586
1598	-5.56163
1599	-7.73513
1600	-2.56083
1601	-2.57967
1602	-1.23368
1603	-3.74573
1604	-5.62651
1605	-5.66967
1606	-7.26679
1607	-6.76191
1608	-0.996318
1609	-0.741842
1610	-2.19085
1611	0.126466
1612	-0.958808
1613	-5.45759
1614	-5.80029
1615	-5.0124
1616	1.40674
1617	0.301858
1618	-0.673424
1619	-0.185028
1620	-2.17038
1621	-7.13399
1622	-3.49176
1623	-2.37259
1624	0.0956567
1625	0.507537
1626	-1.60527
1627	0.264925
1628	-4.47918
1629	-7.92354
1630	-1.92039
1631	-3.44279
1632	-1.74285
1633	-1.0208
1634	2.40403
1635	-1
1636	-3.39706
1637	-3.54287
1638	-3.21822
1639	-4.24673
1640	3.42126
1641	0.796149
1642	-0.773117
1643	-1.86517
1644	-6.59993
1645	-4.93195
1646	-6.16868
1647	-9.35524
1648	-3.44795
1649	-2.93567
1650	-2.70508
1651	-1.46789
1652	-5.86604
1653	-0.955791
1654	-7.85156
1655	-6.06192
1656	0.0543198
1657	-1.23844
1658	-1.54183
1659	-2.38962
1660	-3.89493
1661	-4.03678
1662	-7.24034
1663	-6.56205
1664	0.150806
1665	-0.877056
1666	0.0479438
1667	-3.01308
1668	-3.74488
1669	-5.27685
1670	-3.49288
1671	-2.15214
1672	2.74745
1673	2.41984
1674	1.93787
1675	2.86988
1676	-2.15578
1677	-2.40457
1678	-3.45104
1679	-2.47304
1680	1.26013
1681	1.76488
1682	-0.706354
1683	-0.32887
1684	-1.19793
1685	-3.14204
1686	-3.94311
1687	-3.66977
1688	-12.0572
1689	2.69621
1690	-1.40211
1691	1.70702
1692	-6.74559
1693	-8.53511
1694	-7.48722
1695	-6.00475
1696	-0.590009
1697	-1.04949
1698	-2.68567
1699	-1.3468
1700	-7.1244
1701	-6.53662
1702	-4.59095
1703	-6.70637
1704	0.696319
1705	-0.347411
1706	0.328713
1707	-1.87674
1708	-5.50851
1709	-3.13587
1710	-5.75633
1711	-5.51372
1712	3.21188
1713	1.39441
1714	1.19708
1715	-0.224809
1716	-5.01401
1717	-3.79372
1718	-1.69123
1719	-4.8809
1720	1.95715
1721	0.512799
1722	1.6464
1723	1.38499
1724	-5.10666
1725	-4.34736
1726	-3.49705
1727	-5.84379
1728	2.29534
1729	0.565286
1730	-0.684834
1731	-0.899712
1732	-3.33245
1733	-3.65288
1734	-1.12936
1735	-3.26811
1736	0.810469
1737	0.866659
1738	1.26402
1739	1.74661
1740	-7.10603
1741	-7.17129
1742	-7.9742
1743	-3.73365
1744	-2.37817
1745	-1.76655
1746	-3.55244
1747	-2.37266
1748	-6.36114
1749	-6.1546
1750	-5.65988
1751	-4.58261
1752	-2.15366
1753	-1.16374
1754	-3.19803
1755	-3.68452
1756	-6.26433
1757	-6.70393
1758	-5.87853
1759	-5.90706
1760	0.167284
1761	-0.0638985
1762	0.289726
1763	1.2809
1764	-4.17241
1765	-3.15343
1766	-1.4391
1767	-4.77811
1768	3.42271
1769	-0.0241781
1770	1.374
1771	-1.5084
1772	-3.6088
1773	-4.1749
1774	-3.94232
1775	-3.73833
1776	0.568336
1777	-2.23509
1778	-0.534946
1779	-2.87922
1780	-1.28334
1781	-3.18733
1782	-3.47667
1783	-2.75773
1784	2.29096
1785	0.0629433
1786	3.48755
1787	1.29236
1788	-7.46056
1789	-8.00773
1790	-7.68286
1791	-4.61434
1792	-2.152
1793	-0.599726
1794	-6.44644
1795	-3.07551
1796	-7.57017
1797	-5.67874
1798	-4.62828
1799	-7.19334
1800	-1.71291
1801	-1.19305
1802	-2.14429
1803	-1.59332
1804	-6.14523
1805	-5.60118
1806	-8.90182
1807	-7.00448
1808	1.89169
1809	-2.24848
1810	-0.482463
1811	0.334294
1812	-3.1363
1813	-3.98296
1814	-0.785642
1815	-3.56082
1816	-1.71705
1817	-2.74714
1818	-0.679856
1819	-3.36866
1820	-4.80346
1821	-5.48902
1822	-3.45334
1823	-4.62254
1824	-1.44671
1825	0.209017
1826	-1.5294
1827	-3.24566
1828	-4.90651
1829	-4.23944
1830	-6.3197
1831	-4.48884
1832	0.950436
1833	0.625084
1834	1.83121
1835	1.78025
1836	-8.23259
1837	-8.46977
1838	-4.7775
1839	-6.58212
1840	0.4325
1841	-4.40466
1842	-3.08172
1843	-2.73779
1844	-9.72431
1845	-9.51226
1846	-6.29872
1847	-6.378
1848	-2.19249
1849	-0.59164
1850	-3.29333
1851	-1.69618
1852	-5.33673
1853	-5.21371
1854	-7.36502
1855	-4.90352
1856	-2.94627
1857	-4.65872
1858	-1.13787
1859	-1.69143
1860	-0.30558
1861	-1.02988
1862	-2.06495
1863	0.384317
1864	-2.21277
1865	-2.11979
1866	-3.50463
1867	-3.45166
1868	1.53773
1869	4.05268
1870	-1.88597
1871	-0.0617626
1872	-2.04272
1873	0.482081
1874	-5.69134
1875	-5.06007
1876	-2.92365
1877	-1.16409
1878	-3.74928
1879	-2.82727
1880	-2.23548
1881	1.72196
1882	0.0322652
1883	-3.56695
1884	-5.37569
1885	-1.89209
1886	-3.59102
1887	-3.01537
1888	-4.75213
1889	-2.71892
1890	-4.07427
1891	-5.78446
1892	-2.57113
1893	-1.40932
1894	1.02208
1895	0.99926
1896	-6.32809
1897	-4.74157
1898	-6.74176
1899	-6.58545
1900	-1.50641
1901	0.189222
1902	-4.96608
1903	2.42589
1904	-0.776076
1905	-0.465766
1906	-2.95041
1907	-3.14136
1908	0.549566
1909	-0.792846
1910	0.921328
1911	-0.871505
1912	-4.21888
1913	-0.91154
1914	-2.6446
1915	-2.58325
1916	-2.99946
1917	-2.60304
1918	-0.673069
1919	-3.08868
1920	-3.17364
1921	-1.65055
1922	-3.6065
1923	-4.37946
1924	-7.12933
1925	-5.97138
1926	-1.83758
1927	-5.1567
1928	-2.63177
1929	0.515316
1930	-1.91348
1931	-0.971558
1932	-5.32246
1933	-2.32445
1934	-1.26899
1935	-1.39281
1936	-4.30611
1937	-4.96455
1938	-6.21106
1939	-5.04332
1940	-0.980445
1941	-2.17731
1942	-1.25982
1943	-0.907445
1944	-7.06069
1945	-2.57419
1946	-4.95512
1947	-1.11277
1948	1.00352
1949	-1.68944
1950	-4.64775
1951	-0.330565
1952	-0.266816
1953	-2.38352
1954	-2.26941
1955	-1.88651
1956	0.214762
1957	1.73584
1958	-0.711762
1959	-0.720479
1960	-4.08994
1961	0.0418119
1962	-3.80346
1963	-1.59944
1964	1.63153
1965	-1.8609
1966	-0.330219
1967	-0.968467
1968	-1.21071
1969	-2.59645
1970	-3.21735
1971	-2.76277
1972	-3.01269
1973	0.567648
1974	-3.14471
1975	-2.07935
1976	-2.82705
1977	-4.47967
1978	-3.48623
1979	-4.77794
1980	-0.613285
1981	-1.91525
1982	-2.81268
1983	-2.71658
1984	-6.17653
1985	-4.94978
1986	-4.16502
1987	-3.60078
1988	-3.14497
1989	-4.3962
1990	-1.19048
1991	-1.74594
1992	-5.823
1993	-6.07503
1994	-6.66431
1995	-2.94299
1996	-2.88984
1997	-2.76192
1998	-2.45113
1999	-2.57947
2000	-3.50855
2001	-3.75425
2002	-3.45919
2003	-2.60511
2004	-0.992098
2005	-0.299345
2006	-4.02706
2007	-3.06471
2008	-2.69957
2009	-3.59721
2010	-3.19533
2011	-2.57399
2012	-1.81063
2013	-3.42747
2014	-2.15301
2015	-1.19518
2016	-6.93552
2017	-3.21539
2018	-4.13405
2019	-6.23746
2020	-2.15196
2021	-0.300576
2022	-2.57375
2023	0.0800652
2024	-2.97705
2025	-5.6197
2026	-2.2305
2027	-4.38599
2028	-4.36086
2029	-4.82232
2030	-5.74299
2031	-5.88651
2032	-6.73112
2033	-9.02073
2034	-8.22931
2035	-7.91817
2036	-4.93926
2037	-3.0969
2038	-3.07602
2039	-1.87143
2040	-6.5721
2041	-5.00619
2042	-6.47512
2043	-6.23415
2044	-4.96917
2045	-0.816775
2046	-3.90256
2047	-3.12482
2048	-3.87251
2049	-4.54662
2050	-2.79445
2051	-2.50183
2052	0.205655
2053	-1.0808
2054	-0.350078
2055	-0.648795
2056	-1.18693
2057	-1.2231
2058	-1.38589
2059	-3.94998
2060	-4.42981
2061	-0.932233
2062	-0.755166
2063	-1.28873
2064	-3.18439
2065	-0.069333
2066	-2.36444
2067	-4.64337
2068	-0.39843
2069	-1.41683
2070	-0.729903
2071	0.534655
2072	0.394512
2073	-4.13899
2074	-2.69031
2075	-0.442145
2076	-5.87162
2077	-5.29235
2078	-1.20424
2079	-2.00558
2080	-5.30551
2081	-6.02384
2082	-8.14365
2083	-8.52698
2084	-5.38581
2085	-2.55862
2086	0.694327
2087	-1.13914
2088	-5.95894
2089	-6.67882
2090	-7.02198
2091	-4.72705
2092	-3.49258
2093	-3.08076
2094	-3.31552
2095	-2.34057
2096	-4.90353
2097	-4.53466
2098	-7.29612
2099	-3.46444
2100	0.469273
2101	-2.05373
2102	-1.32547
2103	-1.97705
2104	-1.04675
2105	-4.09979
2106	-5.01582
2107	-1.85453
2108	-1.95986
2109	-2.70205
2110	-1.61156
2111	-3.21444
2112	-4.91844
2113	1.2701
2114	-6.11298
2115	-7.51722
2116	-2.8845
2117	0.0274533
2118	-4.13722
2119	-2.74406
2120	-3.2198
2121	-4.45441
2122	-1.9682
2123	-6.13965
2124	-1.91139
2125	-2.37498
2126	-2.47089
2127	-1.85019
2128	-5.72259
2129	-6.64983
2130	-9.59017
2131	-6.61084
2132	-4.03944
2133	-2.28262
2134	-1.09968
2135	-2.8197
2136	-7.70333
2137	-5.84752
2138	-7.73021
2139	-5.96235
2140	-3.21595
2141	-2.77924
2142	-6.05587
2143	-2.71482
2144	-4.32289
2145	-0.995706
2146	-4.21115
2147	-4.20761
2148	-1.62415
2149	-1.25468
2150	-2.36536
2151	-2.93831
2152	-5.12873
2153	-3.60186
2154	-3.47076
2155	-3.20224
2156	-2.27964
2157	-0.74244
2158	-3.12591
2159	-3.19498
2160	-3.43237
2161	-5.61069
2162	-5.82883
2163	-6.60468
2164	-3.05815
2165	-2.58326
2166	1.50764
2167	-1.25892
2168	-7.85447
2169	-5.8169
2170	-4.30767
2171	-3.10674
2172	-4.94853
2173	-3.39215
2174	-3.08433
2175	-0.643551
2176	-8.15344
2177	-8.11359
2178	-5.90908
2179	-5.70878
2180	-1.94086
2181	-4.41118
2182	-4.19192
2183	-0.845641
2184	-6.19543
2185	-5.98472
2186	-7.7178
2187	-6.80541
2188	-4.35563
2189	-4.26991
2190	-1.13745
2191	-2.23475
2192	-4.11415
2193	-3.81907
2194	-2.56706
2195	-3.83956
2196	-3.46193
2197	-1.85766
2198	5.55627
2199	6.7705
2200	-1.62859
2201	-5.10449
2202	-4.42704
2203	-5.17911
2204	-2.41731
2205	-1.13842
2206	-2.52959
2207	-1.88235
2208	-6.82296
2209	-6.64662
2210	-4.86706
2211	-3.71643
2212	-2.19307
2213	-2.18707
2214	-3.00707
2215	-1.23566
2216	-5.52913
2217	-5.91427
2218	-1.97421
2219	-2.89548
2220	-3.11433
2221	-7.12171
2222	-1.006
2223	-1.0809
2224	-7.65258
2225	-9.88338
2226	-6.27933
2227	-8.73642
2228	-5.31115
2229	-5.95178
2230	-0.239997
2231	-3.97705
2232	-5.38118
2233	-3.00496
2234	-7.63648
2235	-7.65373
2236	-2.98484
2237	-3.98483
2238	-2.99372
2239	-4.11225
2240	0
2241	0
2242	0
2243	0
2244	0
2245	0
2246	0
2247	0
2248	0
2249	0
2250	0
2251	0
2252	0
2253	0
2254	0
2255	0
2256	0
2257	0
2258	0
2259	0
2260	0
2261	0
2262	0
2263	0
2264	0
2265	0
2266	0
2267	0
2268	0
2269	0
2270	0
2271	0
2272	0
2273	0
2274	0
2275	0
2276	0
2277	0
2278	0
2279	0
2280	0
2281	0
2282	0
2283	0
2284	0
2285	0
2286	0
2287	0
2288	0
2289	0
2290	0
2291	0
2292	0
2293	0
2294	0
2295	0
2296	0
2297	0
2298	0
2299	0
2300	0
2301	0
2302	0
2303	0
2304	0
2305	0
2306	0
2307	0
2308	0
2309	0
2310	0
2311	0
2312	0
2313	0
2314	0
2315	0
2316	0
2317	0
2318	0
2319	0
2320	0
2321	0
2322	0
2323	0
2324	0
2325	0
2326	0
2327	0
2328	0
2329	0
2330	0
2331	0
2332	0
2333	0
2334	0
2335	0
2336	0
2337	0
2338	0
2339	0
2340	0
2341	0
2342	0
2343	0
2344	0
2345	0
2346	0
2347	0
2348	0
2349	0
2350	0
2351	0
2352	0
2353	0
2354	0
2355	0
2356	0
2357	0
2358	0
2359	0
2360	29.7608
2361	24.4802
2362	30.27
2363	30.4138
2364	26.9819
2365	30.1949
2366	27.3596
2367	30.1829
2368	30.5658
2369	28.4556
2370	25.8609
2371	24.8413
2372	25.9134
2373	25.3207
2374	31.4601
2375	31.4652
2376	32.5627
2377	25.7556
2378	29.7396
2379	32.7093
2380	28.1943
2381	30.202
2382	31.0617
2383	28.591
2384	36.1491
2385	31.1217
2386	32.5981
2387	24.9467
2388	30.0853
2389	30.4465
2390	28.0033
2391	29.9709
2392	34.3561
2393	35.5826
2394	31.6277
2395	36.0186
2396	29.8431
2397	25.6081
2398	30.5157
2399	24.6825
2400	18.4433
2401	26.4872
2402	33.9774
2403	34.2159
2404	32.0364
2405	34.1826
2406	29.6273
2407	28.642
2408	24.1141
2409	24.7622
2410	24.2527
2411	24.7375
2412	27.3468
2413	26.9759
2414	35.2279
2415	30.2995
2416	30.3039
2417	34.8831
2418	33.5404
2419	30.6329
2420	33.4506
2421	31.2552
2422	29.6299
2423	30.9219
2424	38.2889
2425	33.1013
2426	33.1555
2427	33.0962
2428	30.4033
2429	35.584
2430	33.8894
2431	27.5443
2432	34.9537
2433	30.3823
2434	27.8607
2435	30.8469
2436	32.6222
2437	34.3526
2438	30.7449
2439	33.0348
2440	32.0408
2441	36.038
2442	31.8693
2443	30.0432
2444	29.3135
2445	25.4413
2446	32.0845
2447	26.5041
2448	31.2002
2449	34.6761
2450	24.1768
2451	35.3839
2452	32.436
2453	34.3088
2454	28.8555
2455	0
2456	35.8007
2457	30.3725
2458	29.3836
2459	30.9454
2460	30.1649
2461	33.5807
2462	35.1459
2463	33.5292
2464	34.6467
2465	35.9024
2466	31.7516
2467	27.8027
2468	28.8956
2469	34.214
2470	27.6009
2471	27.4717
2472	32.2574
2473	35.76
2474	35.6017
2475	31.9135
2476	31.7937
2477	31.8131
2478	34.8807
2479	31.1851
2480	33.3005
2481	33.5111
2482	33.8984
2483	30.6886
2484	31.9712
2485	36.7581
2486	35.4643
2487	37.8024
2488	36.7728
2489	37.2728
2490	32.2887
2491	27.8461
2492	36.0855
2493	33.4918
2494	28.8413
2495	30.2434
2496	33.5728
2497	31.6853
2498	38.2877
2499	36.0691
2500	36.9135
2501	36.7944
2502	33.1998
2503	34.5353
2504	34.2569
2505	32.4422
2506	28.2703
2507	34.4725
2508	33.0619
2509	38.1674
2510	34.6287
2511	35.7301
2512	36.5447
2513	36.1796
2514	31.6133
2515	35.4152
2516	34.2576
2517	30.1263
2518	31.6246
2519	29.3118
2520	33.3405
2521	31.3265
2522	35.764
2523	34.3786
2524	38.5152
2525	35.8868
2526	32.0082
2527	33.6801
2528	33.4974
2529	29.9355
2530	32.3132
2531	32.329
2532	36.3404
2533	33.5641
2534	36.6738
2535	35.4596
2536	33.9706
2537	34.1416
2538	33.5827
2539	25.2466
2540	33.8074
2541	31.2148
2542	31.9503
2543	29.1547
2544	25.8995
2545	27.9252
2546	29.2846
2547	33.9162
2548	31.625
2549	34.0981
2550	26.8601
2551	36.8753
2552	31.5926
2553	30.1016
2554	30.2181
2555	26.5702
2556	29.5345
2557	30.4117
2558	31.6622
2559	32.9084
2560	30.635
2561	30.3982
2562	31.6686
2563	35.7446
2564	28.7214
2565	27.9853
2566	28.0006
2567	28.8046
2568	30.5257
2569	31.3361
2570	29.7506
2571	29.1457
2572	27.4396
2573	29.5898
2574	27.3257
2575	29.8549
2576	29.4895
2577	26.7133
2578	33.5557
2579	29.1451
2580	31.5827
2581	24.3802
2582	29.3459
2583	24.9104
2584	29.6835
2585	30.1397
2586	26.8575
2587	26.023
2588	27.2898
2589	30.056
2590	27.6706
2591	27.6917
2592	32.7991
2593	31.5725
2594	28.1146
2595	30.7974
2596	0
2597	0
2598	0
2599	0
2600	0
2601	0
2602	0
2603	0
2604	0
2605	0
2606	0
2607	0
2608	0
2609	0
2610	0
2611	0
2612	0
2613	0
2614	0
2615	0
2616	0
2617	0
2618	0
2619	0
2620	0
2621	0
2622	0
2623	0
2624	0
2625	0
2626	0
2627	0
2628	0
2629	0
2630	0
2631	0
2632	0
2633	0
2634	0
2635	0
2636	0
2637	0
2638	0
2639	0
2640	0
2641	0
2642	0
2643	0
2644	0
2645	0
2646	0
2647	0
2648	0
2649	0
2650	0
2651	0
2652	0
2653	0
2654	0
2655	0
2656	0
2657	0
2658	0
2659	0
2660	0
2661	0
2662	0
2663	0
2664	0
2665	0
2666	0
2667	0
2668	0
2669	0
2670	0
2671	0
2672	0
2673	0
2674	0
2675	0
2676	0
2677	0
2678	0
2679	0
2680	0
2681	0
2682	0
2683	0
2684	0
2685	0
2686	0
2687	0
2688	0
2689	0
2690	0
2691	0
2692	0
2693	0
2694	0
2695	0
2696	0
2697	0
2698	0
2699	0
2700	0
2701	0
2702	0
2703	0
2704	0
2705	0
2706	0
2707	0
2708	0
2709	0
2710	0
2711	0
2712	0
2713	0
2714	0
2715	0
