0	-1.39748
1	-0.155623
2	-2.96353
3	-2.8088
4	-1.9582
5	-1.47944
6	-5.31952
7	-1.35956
8	-2.23415
9	-6.84805
10	-2.93433
11	-7.61317
12	-2.66499
13	-1.07709
14	-0.824151
15	-2.55345
16	0.780777
17	-3.16488
18	-3.93032
19	-1.48415
20	0.590977
21	-4.1294
22	-2.00574
23	-0.0169017
24	-4.30457
25	-5.04024
26	-3.75964
27	-5.33307
28	-3.12915
29	-5.75419
30	-3.57527
31	-3.46414
32	-10.3818
33	-8.69698
34	-6.71949
35	-7.67177
36	-5.80709
37	-5.46908
38	-5.69875
39	-2.7782
40	-6.84471
41	-5.62289
42	-5.44238
43	-7.65012
44	-12.1357
45	-6.93567
46	-4.59331
47	-5.61414
48	1.70063
49	0.654599
50	-3.85939
51	-2.44549
52	1.52372
53	-1.54089
54	-0.0342185
55	-0.793945
56	-0.513409
57	-1.44288
58	-2.58654
59	0.498515
60	2.48619
61	-0.297968
62	0.487761
63	-1.83994
64	-1.5561
65	-1.746
66	-1.5688
67	-1.13629
68	1.1819
69	-1.56036
70	-2.76878
71	-1.05776
72	-2.03459
73	-4.46147
74	-6.02956
75	-4.73081
76	-2.73388
77	-3.24088
78	-3.2235
79	-4.03066
80	-7.11485
81	-6.983
82	-6.38114
83	-6.69089
84	-4.69865
85	-2.5624
86	-3.08269
87	-3.10357
88	-4.77787
89	-5.373
90	-4.75349
91	-4.84591
92	-8.43262
93	-7.78466
94	-6.45836
95	-9.46016
96	6.16872
97	4.47881
98	-0.753529
99	-0.40668
100	1.44045
101	1.10477
102	0.57996
103	1.50992
104	-0.789092
105	-2.77059
106	1.09727
107	-0.661437
108	1.28592
109	1.08901
110	1.96946
111	2.02126
112	-2.79748
113	-2.78222
114	-3.14935
115	-0.932319
116	-1.60837
117	-1.75329
118	-3.33732
119	-1.08089
120	-5.25086
121	-4.5821
122	-6.28131
123	-4.61961
124	-1.89423
125	-3.5137
126	-3.7859
127	-1.84557
128	-6.05349
129	-3.19651
130	-4.78643
131	-3.11994
132	-0.924757
133	-3.10308
134	-0.743582
135	2.02363
136	-3.29114
137	-4.42328
138	-4.07038
139	-2.43499
140	-5.37861
141	-7.65149
142	-6.05049
143	-8.15486
144	2.63729
145	1.18073
146	-2.67075
147	-1.49092
148	0.71839
149	1.05877
150	1.21791
151	0.981914
152	-4.59097
153	-1.45977
154	-0.727582
155	0.647881
156	0.7978
157	3.52025
158	1.42588
159	1.29749
160	1.69909
161	1.30176
162	-0.255987
163	-2.38378
164	-0.114041
165	-1.2921
166	-3.74568
167	-1.87472
168	-1.70669
169	-4.30608
170	-8.15637
171	-7.69645
172	-2.23307
173	-2.7259
174	-0.772577
175	-4.74827
176	-2.87085
177	-4.78259
178	-1.97076
179	-4.02468
180	-0.720957
181	0.0282891
182	-3.27704
183	-2.07385
184	0.478274
185	-4.43968
186	-3.73699
187	0.522201
188	-6.74796
189	-3.20732
190	-5.98587
191	-8.93166
192	4.16251
193	3.95965
194	-1.60084
195	-0.910211
196	0.37926
197	0.331187
198	-0.789291
199	2.04875
200	-1.02294
201	0.822925
202	-0.710447
203	-3.49286
204	1.72808
205	0.272267
206	0.126943
207	2.43551
208	0.439084
209	-0.843949
210	-20.8767
211	0.276857
212	0.225257
213	-1.31375
214	-4.33188
215	-3.16415
216	-4.38289
217	-4.68551
218	-2.45957
219	-4.91443
220	-1.81517
221	-5.19976
222	-1.85635
223	-0.423449
224	-4.03358
225	-3.11936
226	-6.49623
227	-4.06476
228	-2.48581
229	-1.19844
230	-2.95067
231	-2.72002
232	-0.180411
233	-2.13315
234	-1.99749
235	0.645479
236	-6.32335
237	-5.16718
238	-8.26194
239	-10.5403
240	2.26979
241	4.69199
242	-0.404627
243	-1.42915
244	-0.858923
245	-1.95292
246	0.38411
247	-0.157008
248	1.90655
249	-0.694783
250	-0.294401
251	-0.205103
252	2.25769
253	1.26997
254	2.4271
255	-0.349233
256	0.242516
257	0.846403
258	-0.598563
259	-1.28693
260	0.793351
261	-2.45841
262	-5.82868
263	-4.01257
264	-3.18113
265	-2.87235
266	-4.01575
267	-7.52497
268	-0.483691
269	-1.3916
270	-2.53411
271	-1.55698
272	-4.64179
273	-2.50608
274	-0.469018
275	-1.6337
276	-0.786329
277	-1.99641
278	-0.673582
279	-0.960148
280	0.145031
281	0.581214
282	-0.47108
283	-0.154428
284	-4.60678
285	-0.406331
286	-9.11749
287	-6.82248
288	4.64637
289	3.45798
290	0.0666381
291	-0.173955
292	-0.988783
293	1.354
294	-1.60943
295	3.51761
296	-0.655975
297	0.492108
298	-1.79177
299	-1.11535
300	0.793693
301	4.13396
302	2.31422
303	1.02453
304	1.30114
305	-0.242311
306	-3.20375
307	-0.541428
308	-5.70972
309	-10.1068
310	-7.55376
311	-8.81184
312	-3.61557
313	-3.62636
314	-3.5712
315	-3.41566
316	-1.75225
317	1.97208
318	-2.84289
319	-0.454785
320	-4.67925
321	-5.9576
322	-7.4366
323	-6.00793
324	-5.03465
325	-1.79351
326	-3.46307
327	-7.2429
328	-2.83727
329	-5.90986
330	-5.61098
331	-1.50999
332	-8.87501
333	-7.93406
334	-3.31748
335	-4.72029
336	5.43012
337	3.72036
338	0.734253
339	2.6967
340	2.84163
341	0.11664
342	2.61702
343	2.23457
344	-0.990138
345	-0.277084
346	1.30845
347	-0.332299
348	2.56952
349	0.130515
350	2.63603
351	1.60471
352	-1.00681
353	0.617426
354	1.86228
355	0.539181
356	-2.9345
357	-4.54524
358	-5.85392
359	-9.99564
360	-0.562822
361	-5.12072
362	-3.25089
363	-0.506572
364	-3.1217
365	-1.88889
366	-2.54
367	-2.18429
368	-3.79596
369	-4.06517
370	-2.03618
371	-5.93539
372	0.464927
373	1.37116
374	-0.926702
375	3.66647
376	-1.33695
377	2.04899
378	-0.533629
379	-1.27291
380	-3.81789
381	-6.02847
382	-8.25339
383	-7.35452
384	-2.07496
385	-2.98815
386	4.34878
387	0.624434
388	-4.25504
389	-5.42316
390	-6.46476
391	-4.25252
392	1.52546
393	2.08162
394	-0.409484
395	0.810235
396	-5.85511
397	-3.90725
398	-5.48844
399	-2.54749
400	-0.585307
401	-1.35475
402	2.27413
403	-1.48049
404	-5.91238
405	-6.58591
406	-7.59093
407	-7.94151
408	0.925282
409	-3.14158
410	0.201086
411	-3.60821
412	-6.36432
413	-7.9937
414	-4.90751
415	-8.0243
416	-3.11934
417	-4.1341
418	-3.38287
419	-2.68446
420	-6.02163
421	-8.03145
422	-7.0828
423	-4.5043
424	-12.5985
425	-13.1831
426	-12.7933
427	-12.9587
428	-10.7546
429	-9.12499
430	-14.5598
431	-13.354
432	-3.81663
433	-3.44608
434	1.21233
435	-1.21911
436	-3.57465
437	-7.23476
438	-2.70478
439	-5.72142
440	1.3159
441	0.235484
442	0.157827
443	1.81177
444	-0.7157
445	-3.84152
446	-3.04363
447	-4.37925
448	1.04317
449	-0.743174
450	2.32676
451	-2.50188
452	-0.707991
453	-7.04664
454	-8.63561
455	-7.93363
456	-1.01829
457	-1.67961
458	-3.5087
459	-3.4106
460	-6.38565
461	-5.91225
462	-5.1136
463	-8.55512
464	-3.29247
465	-3.19506
466	-5.82292
467	-3.99476
468	-5.2113
469	-4.97825
470	-7.3458
471	-5.01466
472	-11.8755
473	-13.8684
474	-13.5038
475	-12.9607
476	-13.7644
477	-13.0706
478	-13.4432
479	-13.1058
480	3.91594
481	1.1631
482	0.262056
483	2.06155
484	-6.07537
485	-4.3252
486	-4.40759
487	-4.64127
488	1.97
489	2.39542
490	1.15717
491	-0.156618
492	-2.9755
493	-2.41429
494	-1.9632
495	-4.25907
496	0.678557
497	1.03109
498	-0.219839
499	0.0437278
500	-1.11631
501	-7.13225
502	-7.12177
503	-6.56445
504	-1.0062
505	-0.90418
506	-4.19768
507	-1.48901
508	-6.20809
509	-8.40309
510	-6.26618
511	-5.79145
512	-3.35285
513	-4.76872
514	0.246092
515	-3.69239
516	-4.98819
517	-6.32845
518	-6.76873
519	-5.9013
520	-11.8988
521	-14.4815
522	-9.43565
523	-10.9434
524	-10.4053
525	-11.7055
526	-11.2728
527	-8.92289
528	2.8055
529	1.84054
530	-1.94639
531	-1.8885
532	-3.16981
533	-2.03323
534	-3.78771
535	-5.79514
536	-1.44611
537	-1.26555
538	1.03282
539	-0.266487
540	-5.76303
541	-5.96718
542	-7.02736
543	-2.08063
544	3.22423
545	2.29497
546	-2.68421
547	-0.436056
548	-5.55771
549	-7.53863
550	-9.06124
551	-9.72421
552	-0.55996
553	1.38599
554	-0.529972
555	0.865899
556	-5.58425
557	-5.63785
558	-5.08563
559	-5.42508
560	-3.78734
561	-0.719116
562	-2.25257
563	-0.145068
564	-6.47068
565	-4.06568
566	-6.53163
567	-5.52299
568	-11.3808
569	-11.8667
570	-10.552
571	-10.8468
572	-6.69033
573	-6.76585
574	-11.3103
575	-11.8364
576	0.393424
577	0.373425
578	2.28852
579	2.13551
580	-3.25156
581	-2.45641
582	-2.18687
583	-1.52856
584	2.19931
585	1.17784
586	2.0012
587	0.677456
588	-5.92854
589	-4.45998
590	-0.627803
591	-3.14415
592	2.34513
593	-1.93631
594	0.798116
595	0.814676
596	-3.95596
597	-6.964
598	-5.75201
599	-6.2426
600	1.12387
601	-0.840338
602	-0.0723797
603	1.02024
604	-6.62132
605	-3.94673
606	-4.89896
607	-5.54534
608	-2.43482
609	-4.1971
610	-1.81349
611	-1.2797
612	-5.20113
613	-6.21311
614	-5.83578
615	-5.44021
616	-10.9685
617	-12.0064
618	-10.1967
619	-9.34585
620	-11.0923
621	-9.4263
622	-13.3521
623	-11.7663
624	2.35611
625	2.65251
626	3.93585
627	1.99199
628	-1.72144
629	-0.333484
630	-1.55898
631	-4.58248
632	2.71609
633	4.02945
634	0.36984
635	0.513571
636	-2.39194
637	0.00675116
638	-2.02465
639	-0.102702
640	2.3588
641	1.50499
642	1.80968
643	1.72466
644	-0.770821
645	-5.43188
646	-4.60145
647	1.86798
648	-9.63325
649	-8.82011
650	-10.8616
651	-11.677
652	-6.16181
653	-8.36168
654	-5.12679
655	-5.40074
656	-2.89784
657	-2.52722
658	-2.49228
659	-3.96951
660	-6.86954
661	-4.98772
662	-6.40037
663	-5.18836
664	-10.6681
665	-8.28605
666	-9.44748
667	-9.80339
668	-9.9191
669	-10.2925
670	-8.33834
671	-7.87103
672	3.19462
673	1.54137
674	1.27038
675	1.35415
676	-1.51399
677	-3.84011
678	-2.11935
679	-4.39372
680	2.12491
681	3.89347
682	4.44251
683	2.88823
684	-4.94774
685	-5.52239
686	-3.27618
687	-6.19947
688	2.95449
689	-1.64082
690	0.397977
691	1.24365
692	0.0513961
693	-2.75608
694	3.23708
695	-6.88277
696	-8.46197
697	-9.24335
698	-10.2134
699	-8.69582
700	-6.71988
701	-4.37013
702	-6.60067
703	-4.7098
704	-2.60477
705	-3.9551
706	0.271977
707	-1.46498
708	-6.58398
709	-4.27578
710	-3.82627
711	-6.29607
712	-11.8639
713	-8.23736
714	-10.6735
715	-11.7057
716	-8.50341
717	-8.25089
718	-11.2507
719	-10.9999
720	-3.66167
721	-4.34776
722	1.1253
723	2.65743
724	-2.61407
725	-3.18559
726	-3.89001
727	-2.77007
728	2.98912
729	1.62663
730	0.146961
731	2.80154
732	-5.24853
733	-7.13905
734	-5.72314
735	-4.35594
736	1.06821
737	0.841562
738	-2.47333
739	-2.86815
740	-2.00166
741	-2.06548
742	-4.60397
743	3.54132
744	-7.31763
745	-6.56448
746	-10.1496
747	-7.99055
748	-3.33417
749	-3.98355
750	-6.25553
751	-3.82205
752	-3.16207
753	-2.96929
754	-5.09455
755	-1.22773
756	-7.26753
757	-5.76668
758	-10.2194
759	-9.44847
760	-11.9203
761	-8.61632
762	-10.0137
763	-10.994
764	-7.17697
765	-10.2388
766	-7.52829
767	-10.6636
768	-3.12137
769	-4.98059
770	-3.24325
771	-4.29255
772	-2.3982
773	-0.862925
774	-3.29027
775	-0.64976
776	-4.92862
777	-3.23522
778	-6.11927
779	-4.04466
780	-3.9843
781	-1.29198
782	-4.7703
783	-6.18959
784	-4.86875
785	-6.26924
786	-3.05764
787	-2.83138
788	-1.17734
789	-3.40627
790	-3.16149
791	-4.49696
792	-8.87161
793	-8.5428
794	-9.03897
795	-10.8634
796	-5.34149
797	-4.42482
798	-8.42306
799	-6.23375
800	-8.09984
801	-8.50529
802	-9.39599
803	-8.11201
804	-9.62552
805	-9.1755
806	-7.12466
807	-5.09959
808	-13.871
809	-12.2718
810	-9.41366
811	-9.01045
812	-13.4468
813	-14.3052
814	-18.1274
815	-13.372
816	-5.52454
817	-3.02248
818	-5.78671
819	-4.22606
820	-1.56171
821	-1.58955
822	-1.46276
823	-1.71913
824	-6.45486
825	-4.7604
826	-4.97283
827	-7.10271
828	-2.43036
829	-3.69364
830	-3.76372
831	-4.11617
832	-1.01211
833	-6.77465
834	-3.81143
835	-5.31306
836	-2.90311
837	-3.66521
838	-5.37205
839	-4.00687
840	-6.46918
841	-7.01158
842	-10.7887
843	-8.16698
844	-5.12052
845	-4.19331
846	-6.06933
847	-8.29613
848	-8.00535
849	-7.56785
850	-7.87917
851	-6.84941
852	-2.12606
853	-7.80289
854	-6.87689
855	-5.2917
856	-12.4357
857	-11.7508
858	-8.66781
859	-10.0706
860	-22.2783
861	-15.6242
862	-15.4319
863	-13.4139
864	-4.03173
865	-4.19329
866	-3.90608
867	-2.57537
868	-2.35157
869	-4.1436
870	-1.36415
871	-1.72368
872	-5.12286
873	-6.42836
874	-5.43232
875	-5.48905
876	-7.04045
877	-2.08163
878	-5.90208
879	-5.69211
880	-4.13134
881	-7.58898
882	-1.97233
883	-5.65668
884	-3.91234
885	-5.49563
886	-5.37809
887	-2.64637
888	-6.23542
889	-7.42732
890	-12.2657
891	-11.0291
892	-6.28552
893	-7.50505
894	-5.54566
895	-10.3056
896	-9.00875
897	-8.84878
898	-8.50465
899	-6.51574
900	-5.0059
901	-5.9477
902	-5.28696
903	-5.47074
904	-12.2818
905	-12.3917
906	-9.73892
907	-9.5647
908	-11.3534
909	-12.5384
910	-16.2199
911	-15.1497
912	-3.01377
913	-2.7732
914	-5.16549
915	-3.0561
916	-0.631498
917	-2.12916
918	-1.52678
919	-1.03852
920	-5.07669
921	-4.00097
922	-2.53519
923	-0.907166
924	-0.587167
925	-1.46285
926	-0.878464
927	-0.920942
928	0.286569
929	-2.79994
930	-3.47429
931	-7.1075
932	-4.16255
933	-3.61543
934	-2.45492
935	-4.82459
936	-6.79059
937	-5.45802
938	-8.96495
939	-9.13591
940	-5.53433
941	-5.48994
942	-6.98887
943	-4.30755
944	-7.89373
945	-5.70069
946	-5.52966
947	-5.89074
948	-4.82508
949	-5.44051
950	-4.00727
951	-5.60103
952	-10.039
953	-11.2577
954	-8.54592
955	-6.84502
956	-11.5334
957	-13.8773
958	-13.3535
959	-13.6108
960	-4.10704
961	-5.47163
962	-3.81176
963	-3.77632
964	-0.32018
965	0.156304
966	-3.69072
967	-2.23091
968	-2.04988
969	-2.10415
970	-2.4504
971	-3.99949
972	-7.04019
973	-2.33283
974	-4.43293
975	-5.11722
976	-4.03622
977	-5.3444
978	-5.94575
979	-6.03281
980	-3.53809
981	-6.57042
982	-6.44815
983	-4.45488
984	-9.04557
985	-7.85114
986	-5.19666
987	-7.23684
988	-3.37606
989	-1.84091
990	-5.83837
991	-5.19862
992	-11.6272
993	-11.424
994	-7.54888
995	-9.13447
996	-9.17583
997	-11.547
998	-12.3327
999	-14.1843
1000	-3.99403
1001	-1.60286
1002	-0.148362
1003	-1.53032
1004	-1.47268
1005	0.997252
1006	0.468602
1007	1.92793
1008	-1.88648
1009	-2.60213
1010	-1.14157
1011	-2.17999
1012	0.774876
1013	-1.65581
1014	-3.19919
1015	-5.99198
1016	-1.80415
1017	-2.31583
1018	-3.78129
1019	-2.96378
1020	-1.69588
1021	-3.37954
1022	-4.77766
1023	-3.37123
1024	-5.59256
1025	-5.62937
1026	-7.14293
1027	-6.13122
1028	-5.5498
1029	-4.51419
1030	-2.31046
1031	-5.65719
1032	-11.9283
1033	-11.0612
1034	-9.24986
1035	-6.19831
1036	-10.4297
1037	-12.4499
1038	-14.1575
1039	-15.2717
1040	-1.78983
1041	-2.4851
1042	0.00453572
1043	-1.74873
1044	-5.30006
1045	-5.33523
1046	-1.07523
1047	-0.173839
1048	-2.68736
1049	-3.00978
1050	-2.60039
1051	-2.2953
1052	-2.83023
1053	-0.116924
1054	-1.39187
1055	0.538367
1056	-2.25383
1057	-5.10023
1058	-0.964725
1059	-3.66127
1060	-1.81596
1061	-4.73619
1062	-5.67505
1063	-4.18979
1064	-6.77266
1065	-6.17678
1066	-4.10386
1067	-6.78298
1068	-3.946
1069	-5.25749
1070	-5.93
1071	-4.54268
1072	-10.4085
1073	-9.37833
1074	-9.51591
1075	-6.74056
1076	-9.90192
1077	-8.8017
1078	-13.1355
1079	-11.8644
1080	1.76767
1081	0.263657
1082	-2.26941
1083	-1.64046
1084	2.21404
1085	-0.623044
1086	-3.07175
1087	-0.177534
1088	-3.54478
1089	-2.7437
1090	-2.85559
1091	-1.73855
1092	-0.709183
1093	0.393076
1094	-2.07609
1095	-1.52729
1096	-2.33346
1097	-3.68091
1098	-3.30153
1099	-5.67787
1100	-2.62885
1101	-4.66907
1102	-7.33263
1103	-3.76142
1104	-9.39996
1105	-7.77402
1106	-4.14361
1107	-6.99945
1108	-4.94937
1109	-3.40169
1110	-4.36233
1111	-7.04393
1112	-11.0126
1113	-10.4404
1114	-7.16484
1115	-7.63722
1116	-7.19393
1117	-10.2502
1118	-14.0831
1119	-12.9356
1120	1.00503
1121	1.02377
1122	2.6382
1123	-0.226795
1124	5.05285
1125	3.6853
1126	-0.581675
1127	-1.26977
1128	-3.35625
1129	-0.728447
1130	-2.91606
1131	-2.37376
1132	1.37868
1133	1.94462
1134	2.86555
1135	0.252687
1136	-0.718255
1137	-1.13617
1138	-2.31496
1139	-3.30699
1140	-2.72248
1141	-2.12754
1142	-1.20893
1143	-2.25322
1144	-3.56783
1145	-5.6876
1146	-5.25293
1147	-2.80029
1148	0.568735
1149	-2.35515
1150	-4.88118
1151	-4.69581
1152	-3.69937
1153	-7.43899
1154	-2.88545
1155	-1.2798
1156	-3.21567
1157	-5.7623
1158	1.9803
1159	0.182515
1160	0.90192
1161	1.28408
1162	-0.827322
1163	-1.39452
1164	1.07573
1165	-0.175653
1166	-1.00306
1167	-1.22517
1168	-1.51463
1169	-2.96821
1170	-1.49036
1171	-3.16913
1172	1.29029
1173	2.80493
1174	3.63421
1175	2.99036
1176	-1.34674
1177	-0.618219
1178	-0.768242
1179	-2.74062
1180	1.15306
1181	-2.9041
1182	-4.82307
1183	-3.60441
1184	-3.52069
1185	-5.36671
1186	-4.40079
1187	-4.23595
1188	-2.43645
1189	-1.18532
1190	1.74872
1191	-1.47133
1192	-2.50859
1193	-3.37395
1194	-5.32732
1195	-2.22514
1196	2.16557
1197	-0.642382
1198	-1.13933
1199	1.44022
1200	-1.22689
1201	0.214761
1202	-1.93164
1203	-0.0372437
1204	3.326
1205	1.52592
1206	-1.09808
1207	-1.1848
1208	-1.23789
1209	-2.17479
1210	-3.60119
1211	-2.4882
1212	-1.32201
1213	1.50851
1214	1.16559
1215	0.202517
1216	-0.670564
1217	-1.19561
1218	-3.7792
1219	-3.38775
1220	-4.21863
1221	-7.79156
1222	-2.29688
1223	-2.45753
1224	-3.56356
1225	-5.76134
1226	-6.2921
1227	-3.86697
1228	-1.3447
1229	-0.778857
1230	-1.0389
1231	0.0818814
1232	-4.35627
1233	-3.9057
1234	-0.503753
1235	-3.73859
1236	-1.4431
1237	0.0155772
1238	1.39374
1239	0.524022
1240	-1.78715
1241	-1.06564
1242	-0.433848
1243	-3.3434
1244	1.83636
1245	-0.309679
1246	0.496961
1247	-0.467512
1248	-3.42323
1249	-0.726708
1250	-2.26469
1251	-2.95459
1252	-0.237719
1253	1.78121
1254	-0.000790955
1255	-0.236061
1256	-0.931943
1257	-0.581058
1258	1.0613
1259	-2.34104
1260	-2.50749
1261	-3.12357
1262	-3.41088
1263	-7.82028
1264	-4.47743
1265	-6.17851
1266	-4.9339
1267	-5.48802
1268	-2.91328
1269	-1.88408
1270	-4.27204
1271	-3.1268
1272	-4.02501
1273	-3.34364
1274	-2.53502
1275	-3.60385
1276	-1.07207
1277	-2.61814
1278	-0.36103
1279	-0.573388
1280	-0.357484
1281	0.553896
1282	1.58756
1283	-2.98633
1284	3.20681
1285	3.27719
1286	2.19418
1287	1.81893
1288	-1.21614
1289	-1.80214
1290	-5.69304
1291	-2.07013
1292	2.02703
1293	2.68297
1294	-0.497157
1295	2.19634
1296	-0.488922
1297	-0.313241
1298	-5.34704
1299	-4.43131
1300	1.71866
1301	1.54622
1302	-1.00238
1303	-0.681673
1304	-2.21876
1305	-0.0775941
1306	-2.06591
1307	-3.47302
1308	-3.99781
1309	-4.6971
1310	-3.50034
1311	-4.78509
1312	-5.28299
1313	-2.15761
1314	-4.79521
1315	-7.44861
1316	-1.75473
1317	-2.44915
1318	-0.711224
1319	-5.14581
1320	-3.65862
1321	-3.52261
1322	-4.57491
1323	-2.95886
1324	-0.872208
1325	-1.74649
1326	0.859942
1327	1.21605
1328	-2.30148
1329	-2.01406
1330	0.26478
1331	-2.0709
1332	1.61528
1333	1.14726
1334	0.12147
1335	-0.401495
1336	-5.83033
1337	-5.40048
1338	5.17228
1339	-4.14728
1340	-1.36607
1341	0.492964
1342	-0.0305612
1343	0.624816
1344	-3.89595
1345	-0.589512
1346	-2.01772
1347	-4.0468
1348	1.79119
1349	2.58794
1350	-0.18246
1351	0.773817
1352	-0.949126
1353	-3.30684
1354	-6.13646
1355	-6.26728
1356	-3.15224
1357	-2.38394
1358	-2.50258
1359	-3.63443
1360	-7.29202
1361	-7.26852
1362	-4.67597
1363	-4.46438
1364	-5.39665
1365	-4.41322
1366	-2.46429
1367	-1.35071
1368	-2.27213
1369	-3.50334
1370	-2.70625
1371	-3.67213
1372	-3.22811
1373	-2.44793
1374	-0.528766
1375	-2.28063
1376	-0.448912
1377	-0.045529
1378	0.388145
1379	-1.49366
1380	-0.377993
1381	0.48222
1382	-1.79478
1383	-2.83913
1384	-4.24834
1385	-3.34086
1386	-2.46583
1387	6.84789
1388	-1.94206
1389	-0.230212
1390	-1.10982
1391	0.0987588
1392	-1.07357
1393	-1.46705
1394	-2.99256
1395	-1.67807
1396	1.63793
1397	1.54547
1398	-0.481578
1399	0.68872
1400	-4.4104
1401	-6.22795
1402	-3.76425
1403	-1.1932
1404	-2.13797
1405	-7.29918
1406	-3.53183
1407	-3.85521
1408	-4.40093
1409	-4.48949
1410	-6.45798
1411	-6.42941
1412	-2.69172
1413	-2.62085
1414	-5.4297
1415	-7.33062
1416	-5.04237
1417	-4.99748
1418	-4.94749
1419	-4.37391
1420	-2.74967
1421	-3.09658
1422	-0.494599
1423	-0.607484
1424	-1.62164
1425	-0.0732235
1426	-3.21229
1427	-3.0534
1428	-0.0535186
1429	0.846475
1430	-0.0200861
1431	-2.40878
1432	-3.13062
1433	-4.69873
1434	5.09271
1435	-10.674
1436	-2.60617
1437	-0.307546
1438	-0.0902671
1439	-0.561485
1440	-2.82395
1441	-1.58531
1442	-4.67798
1443	-4.97972
1444	0.92278
1445	0.652429
1446	-1.06903
1447	-0.969863
1448	-3.99844
1449	-2.71664
1450	-2.48653
1451	-4.42426
1452	-1.36353
1453	-4.50896
1454	-7.12453
1455	-4.50832
1456	-4.06194
1457	-3.12244
1458	-6.61507
1459	-7.51833
1460	-6.08337
1461	-3.89365
1462	-1.9823
1463	-3.05437
1464	-4.02444
1465	-5.5509
1466	-6.54121
1467	-7.13106
1468	-3.51971
1469	-2.27013
1470	2.32065
1471	-2.05189
1472	-1.17395
1473	0.507278
1474	0.988985
1475	1.27211
1476	-3.77585
1477	-2.65748
1478	-2.57871
1479	-2.42568
1480	-0.822418
1481	-0.634557
1482	0.221627
1483	0.744328
1484	-1.8967
1485	-3.01672
1486	-2.95596
1487	-4.54034
1488	2.20424
1489	2.57585
1490	-1.2824
1491	-0.937551
1492	-1.44946
1493	-0.561362
1494	6.27667
1495	-1.93373
1496	-0.956749
1497	-2.06756
1498	-5.21036
1499	-2.98325
1500	-9.25164
1501	-7.51852
1502	-4.68173
1503	-4.14272
1504	-1.62902
1505	-0.590874
1506	-4.17935
1507	-2.726
1508	-5.63912
1509	-4.93753
1510	-3.77804
1511	-5.8897
1512	-2.48826
1513	-1.87422
1514	-3.57153
1515	0.033038
1516	-3.37373
1517	-4.26491
1518	-7.77139
1519	-4.7208
1520	2.32474
1521	1.00951
1522	-0.308715
1523	-0.86112
1524	-8.44899
1525	-3.4852
1526	-1.79047
1527	-3.0598
1528	1.87337
1529	-0.0581705
1530	-0.768228
1531	0.221654
1532	-3.54671
1533	-1.16681
1534	-3.97414
1535	-2.46149
1536	1.54268
1537	2.10008
1538	2.49145
1539	0.643612
1540	1.70514
1541	-0.137893
1542	-3.84246
1543	6.61039
1544	-3.51427
1545	-1.67229
1546	-5.66724
1547	-3.81862
1548	-8.1682
1549	-6.03749
1550	-6.54014
1551	-1.37648
1552	-2.42097
1553	-3.12762
1554	-1.61201
1555	-1.35489
1556	-5.98158
1557	-4.93572
1558	-5.90256
1559	-4.26009
1560	-1.15804
1561	-1.73258
1562	-1.01765
1563	-0.949063
1564	-5.93968
1565	-4.31054
1566	-5.12711
1567	-6.2179
1568	1.20398
1569	1.53335
1570	0.825797
1571	1.46782
1572	-3.28693
1573	-2.42011
1574	-2.67399
1575	-3.49188
1576	1.80692
1577	1.60306
1578	1.10862
1579	3.21594
1580	-1.47672
1581	-3.79441
1582	-3.05887
1583	-0.828014
1584	2.31686
1585	3.76672
1586	0.834885
1587	0.549546
1588	0.264497
1589	-2.95591
1590	6.72007
1591	-7.51182
1592	-1.29912
1593	-1.10121
1594	-5.19371
1595	-7.43581
1596	-8.57894
1597	-5.85046
1598	-5.54278
1599	-7.72889
1600	-2.55204
1601	-2.57141
1602	-1.22213
1603	-3.73295
1604	-5.6229
1605	-5.66964
1606	-7.26118
1607	-6.76234
1608	-0.999819
1609	-0.753904
1610	-2.21041
1611	0.122704
1612	-0.958331
1613	-5.45618
1614	-5.81298
1615	-5.02678
1616	1.41659
1617	0.300108
1618	-0.662288
1619	-0.175262
1620	-2.17352
1621	-7.1213
1622	-3.48572
1623	-2.36251
1624	0.105986
1625	0.525759
1626	-1.59643
1627	0.27846
1628	-4.46146
1629	-7.901
1630	-1.90413
1631	-3.41876
1632	-1.71836
1633	-0.997479
1634	2.43479
1635	-0.96803
1636	-3.36523
1637	-3.50432
1638	-3.18549
1639	-4.22478
1640	3.44591
1641	0.829211
1642	-0.749403
1643	-1.84421
1644	-6.5817
1645	-4.91613
1646	-6.16012
1647	-9.34148
1648	-3.42805
1649	-2.93014
1650	-2.69517
1651	-1.46822
1652	-5.85894
1653	-0.953232
1654	-7.84384
1655	-6.06415
1656	0.0632444
1657	-1.24789
1658	-1.54443
1659	-2.39237
1660	-3.91416
1661	-4.03178
1662	-7.24504
1663	-6.56748
1664	0.155187
1665	-0.883734
1666	0.0512658
1667	-3.0147
1668	-3.74105
1669	-5.26328
1670	-3.48912
1671	-2.14288
1672	2.76068
1673	2.43359
1674	1.94343
1675	2.88971
1676	-2.13691
1677	-2.386
1678	-3.43031
1679	-2.45149
1680	1.28371
1681	1.78299
1682	-0.689064
1683	-0.30002
1684	-1.17905
1685	-3.11546
1686	-3.91838
1687	-3.64282
1688	-12.0313
1689	2.72047
1690	-1.38159
1691	1.72956
1692	-6.7316
1693	-8.5156
1694	-7.48059
1695	-5.98446
1696	-0.582443
1697	-1.03239
1698	-2.6758
1699	-1.3409
1700	-7.1148
1701	-6.54151
1702	-4.58339
1703	-6.70323
1704	0.698621
1705	-0.339962
1706	0.331362
1707	-1.86695
1708	-5.52331
1709	-3.13572
1710	-5.77309
1711	-5.51939
1712	3.22542
1713	1.39883
1714	1.20597
1715	-0.228945
1716	-5.01875
1717	-3.77954
1718	-1.68164
1719	-4.85304
1720	1.97018
1721	0.523529
1722	1.6613
1723	1.39243
1724	-5.09171
1725	-4.33353
1726	-3.48139
1727	-5.82667
1728	2.31414
1729	0.588102
1730	-0.662372
1731	-0.872359
1732	-3.31077
1733	-3.63385
1734	-1.09518
1735	-3.24487
1736	0.837476
1737	0.880508
1738	1.27841
1739	1.76097
1740	-7.08614
1741	-7.15694
1742	-7.95629
1743	-3.7256
1744	-2.36304
1745	-1.758
1746	-3.53284
1747	-2.37468
1748	-6.35827
1749	-6.14633
1750	-5.65702
1751	-4.58268
1752	-2.14624
1753	-1.1739
1754	-3.20179
1755	-3.69518
1756	-6.26967
1757	-6.69545
1758	-5.87396
1759	-5.91249
1760	0.168554
1761	-0.0632733
1762	0.279438
1763	1.28066
1764	-4.17074
1765	-3.14583
1766	-1.4289
1767	-4.7558
1768	3.42494
1769	-0.00539788
1770	1.38106
1771	-1.50551
1772	-3.59226
1773	-4.16522
1774	-3.92724
1775	-3.72935
1776	0.585465
1777	-2.21803
1778	-0.504783
1779	-2.86388
1780	-1.2646
1781	-3.16937
1782	-3.45894
1783	-2.74309
1784	2.31241
1785	0.0815627
1786	3.50617
1787	1.31271
1788	-7.44825
1789	-7.99407
1790	-7.66931
1791	-4.61186
1792	-2.14654
1793	-0.603273
1794	-6.43749
1795	-3.08364
1796	-7.56518
1797	-5.67556
1798	-4.61544
1799	-7.19055
1800	-1.70759
1801	-1.21373
1802	-2.15611
1803	-1.59869
1804	-6.15973
1805	-5.62545
1806	-8.89264
1807	-7.02709
1808	1.88378
1809	-2.24213
1810	-0.478566
1811	0.348527
1812	-3.13158
1813	-3.97597
1814	-0.782333
1815	-3.55247
1816	-1.69286
1817	-2.73242
1818	-0.676684
1819	-3.35152
1820	-4.79815
1821	-5.48278
1822	-3.43975
1823	-4.60904
1824	-1.43457
1825	0.22763
1826	-1.51466
1827	-3.23329
1828	-4.88677
1829	-4.21766
1830	-6.29266
1831	-4.47595
1832	0.963072
1833	0.64433
1834	1.85076
1835	1.79128
1836	-8.21709
1837	-8.4537
1838	-4.76604
1839	-6.56041
1840	0.442405
1841	-4.39371
1842	-3.07481
1843	-2.73709
1844	-9.71638
1845	-9.49009
1846	-6.30563
1847	-6.36824
1848	-2.17812
1849	-0.584985
1850	-3.29166
1851	-1.70487
1852	-5.34427
1853	-5.22915
1854	-7.38726
1855	-4.92858
1856	-2.94469
1857	-4.65581
1858	-1.13398
1859	-1.69886
1860	-0.303525
1861	-1.03138
1862	-2.05853
1863	0.37977
1864	-2.2
1865	-2.11931
1866	-3.50589
1867	-3.44907
1868	1.55674
1869	4.06461
1870	-1.87604
1871	-0.0504253
1872	-2.02883
1873	0.496933
1874	-5.67656
1875	-5.05749
1876	-2.9135
1877	-1.14655
1878	-3.73082
1879	-2.80692
1880	-2.21959
1881	1.73622
1882	0.0403695
1883	-3.55814
1884	-5.3578
1885	-1.87398
1886	-3.58596
1887	-2.99835
1888	-4.74289
1889	-2.72563
1890	-4.06519
1891	-5.78237
1892	-2.56308
1893	-1.41523
1894	1.01803
1895	0.999009
1896	-6.33945
1897	-4.73531
1898	-6.74895
1899	-6.57706
1900	-1.49942
1901	0.185461
1902	-4.98448
1903	2.42163
1904	-0.78572
1905	-0.452323
1906	-2.96391
1907	-3.14034
1908	0.560957
1909	-0.779064
1910	0.933697
1911	-0.867855
1912	-4.21178
1913	-0.905241
1914	-2.6352
1915	-2.58097
1916	-2.99472
1917	-2.60195
1918	-0.663742
1919	-3.07493
1920	-3.16083
1921	-1.6401
1922	-3.58915
1923	-4.36763
1924	-7.10885
1925	-5.9579
1926	-1.82591
1927	-5.14358
1928	-2.61833
1929	0.538108
1930	-1.90602
1931	-0.960656
1932	-5.31184
1933	-2.30813
1934	-1.25336
1935	-1.38434
1936	-4.29527
1937	-4.95925
1938	-6.20814
1939	-5.03488
1940	-0.978364
1941	-2.17081
1942	-1.25791
1943	-0.897487
1944	-7.06923
1945	-2.58093
1946	-4.95421
1947	-1.13176
1948	1.00087
1949	-1.6915
1950	-4.663
1951	-0.353624
1952	-0.257724
1953	-2.37396
1954	-2.28577
1955	-1.8772
1956	0.215849
1957	1.74591
1958	-0.70925
1959	-0.719853
1960	-4.09027
1961	0.0393079
1962	-3.79498
1963	-1.587
1964	1.6408
1965	-1.84919
1966	-0.327129
1967	-0.956853
1968	-1.20818
1969	-2.59497
1970	-3.19749
1971	-2.75224
1972	-2.99382
1973	0.57884
1974	-3.13596
1975	-2.06354
1976	-2.81717
1977	-4.46966
1978	-3.46849
1979	-4.77526
1980	-0.605268
1981	-1.91549
1982	-2.8042
1983	-2.71957
1984	-6.17169
1985	-4.95341
1986	-4.15296
1987	-3.59918
1988	-3.14474
1989	-4.39842
1990	-1.19944
1991	-1.74637
1992	-5.83127
1993	-6.08105
1994	-6.66808
1995	-2.9482
1996	-2.8998
1997	-2.78097
1998	-2.47896
1999	-2.59554
2000	-3.50488
2001	-3.75672
2002	-3.46177
2003	-2.6235
2004	-0.994228
2005	-0.29146
2006	-4.02286
2007	-3.07022
2008	-2.70249
2009	-3.59224
2010	-3.18883
2011	-2.56994
2012	-1.80593
2013	-3.43369
2014	-2.13564
2015	-1.19089
2016	-6.92844
2017	-3.21939
2018	-4.12755
2019	-6.23281
2020	-2.13985
2021	-0.281108
2022	-2.56126
2023	0.092723
2024	-2.97564
2025	-5.61308
2026	-2.22821
2027	-4.38055
2028	-4.35171
2029	-4.8164
2030	-5.739
2031	-5.88059
2032	-6.72513
2033	-9.01436
2034	-8.22463
2035	-7.90949
2036	-4.95523
2037	-3.08793
2038	-3.08187
2039	-1.8744
2040	-6.58689
2041	-5.01476
2042	-6.478
2043	-6.24
2044	-4.97011
2045	-0.827388
2046	-3.89953
2047	-3.13905
2048	-3.86795
2049	-4.52574
2050	-2.79531
2051	-2.49263
2052	0.1913
2053	-1.08865
2054	-0.342808
2055	-0.63972
2056	-1.18857
2057	-1.22686
2058	-1.39394
2059	-3.94227
2060	-4.43615
2061	-0.929094
2062	-0.74235
2063	-1.2872
2064	-3.18041
2065	-0.068216
2066	-2.35575
2067	-4.6443
2068	-0.383367
2069	-1.39749
2070	-0.723463
2071	0.537832
2072	0.405783
2073	-4.13106
2074	-2.69359
2075	-0.434676
2076	-5.87015
2077	-5.28729
2078	-1.2008
2079	-2.00205
2080	-5.30611
2081	-6.02329
2082	-8.15433
2083	-8.52365
2084	-5.38167
2085	-2.56696
2086	0.701889
2087	-1.14583
2088	-5.95256
2089	-6.68827
2090	-7.02969
2091	-4.73857
2092	-3.49633
2093	-3.09378
2094	-3.32248
2095	-2.35694
2096	-4.92396
2097	-4.55445
2098	-7.30882
2099	-3.48443
2100	0.461231
2101	-2.05082
2102	-1.29989
2103	-1.98459
2104	-1.04142
2105	-4.08449
2106	-5.00282
2107	-1.84474
2108	-1.95832
2109	-2.68603
2110	-1.60875
2111	-3.20137
2112	-4.90869
2113	1.28195
2114	-6.10828
2115	-7.52126
2116	-2.87541
2117	0.0276141
2118	-4.1264
2119	-2.72865
2120	-3.2098
2121	-4.45054
2122	-1.97732
2123	-6.13214
2124	-1.90425
2125	-2.37998
2126	-2.4562
2127	-1.84377
2128	-5.70463
2129	-6.64698
2130	-9.59214
2131	-6.61214
2132	-4.0449
2133	-2.27033
2134	-1.08104
2135	-2.83719
2136	-7.71953
2137	-5.84066
2138	-7.72189
2139	-5.94846
2140	-3.22577
2141	-2.81487
2142	-6.06189
2143	-2.72197
2144	-4.32249
2145	-0.994494
2146	-4.20886
2147	-4.23361
2148	-1.6402
2149	-1.26415
2150	-2.36345
2151	-2.94396
2152	-5.12522
2153	-3.59442
2154	-3.47304
2155	-3.19039
2156	-2.28203
2157	-0.753529
2158	-3.11794
2159	-3.1956
2160	-3.44193
2161	-5.59566
2162	-5.82669
2163	-6.60753
2164	-3.0348
2165	-2.58013
2166	1.48415
2167	-1.281
2168	-7.84922
2169	-5.81529
2170	-4.31379
2171	-3.11538
2172	-4.95185
2173	-3.3937
2174	-3.08476
2175	-0.645938
2176	-8.15297
2177	-8.12344
2178	-5.91178
2179	-5.69963
2180	-1.95473
2181	-4.44352
2182	-4.21234
2183	-0.843503
2184	-6.20433
2185	-6.00289
2186	-7.72155
2187	-6.80161
2188	-4.36452
2189	-4.28759
2190	-1.14553
2191	-2.26927
2192	-4.13297
2193	-3.82549
2194	-2.56638
2195	-3.84332
2196	-3.49516
2197	-1.88729
2198	5.54141
2199	6.74398
2200	-1.64363
2201	-5.09749
2202	-4.42451
2203	-5.19476
2204	-2.43163
2205	-1.1543
2206	-2.53672
2207	-1.87984
2208	-6.81118
2209	-6.66488
2210	-4.8797
2211	-3.72137
2212	-2.18949
2213	-2.20149
2214	-2.99654
2215	-1.2355
2216	-5.52944
2217	-5.93989
2218	-1.98609
2219	-2.90425
2220	-3.12294
2221	-7.14571
2222	-1.00625
2223	-1.09492
2224	-7.66769
2225	-9.8733
2226	-6.3134
2227	-8.76011
2228	-5.31566
2229	-5.97725
2230	-0.261013
2231	-4.02248
2232	-5.42101
2233	-3.02605
2234	-7.67295
2235	-7.69748
2236	-3.01527
2237	-4.01082
2238	-3.02494
2239	-4.16045
2240	0
2241	0
2242	0
2243	0
2244	0
2245	0
2246	0
2247	0
2248	0
2249	0
2250	0
2251	0
2252	0
2253	0
2254	0
2255	0
2256	0
2257	0
2258	0
2259	0
2260	0
2261	0
2262	0
2263	0
2264	0
2265	0
2266	0
2267	0
2268	0
2269	0
2270	0
2271	0
2272	0
2273	0
2274	0
2275	0
2276	0
2277	0
2278	0
2279	0
2280	0
2281	0
2282	0
2283	0
2284	0
2285	0
2286	0
2287	0
2288	0
2289	0
2290	0
2291	0
2292	0
2293	0
2294	0
2295	0
2296	0
2297	0
2298	0
2299	0
2300	0
2301	0
2302	0
2303	0
2304	0
2305	0
2306	0
2307	0
2308	0
2309	0
2310	0
2311	0
2312	0
2313	0
2314	0
2315	0
2316	0
2317	0
2318	0
2319	0
2320	0
2321	0
2322	0
2323	0
2324	0
2325	0
2326	0
2327	0
2328	0
2329	0
2330	0
2331	0
2332	0
2333	0
2334	0
2335	0
2336	0
2337	0
2338	0
2339	0
2340	0
2341	0
2342	0
2343	0
2344	0
2345	0
2346	0
2347	0
2348	0
2349	0
2350	0
2351	0
2352	0
2353	0
2354	0
2355	0
2356	0
2357	0
2358	0
2359	0
2360	29.7351
2361	24.4466
2362	30.2321
2363	30.3564
2364	26.9626
2365	30.1574
2366	27.3468
2367	30.1611
2368	30.5338
2369	28.4348
2370	25.8111
2371	24.8123
2372	25.8802
2373	25.2944
2374	31.4349
2375	31.4485
2376	32.5286
2377	25.7115
2378	29.717
2379	32.6844
2380	28.1777
2381	30.1814
2382	31.0291
2383	28.5677
2384	36.1203
2385	31.0962
2386	32.5719
2387	24.9103
2388	30.0643
2389	30.4213
2390	27.9867
2391	29.9451
2392	34.3223
2393	35.5559
2394	31.597
2395	35.9801
2396	29.8077
2397	25.5742
2398	30.4893
2399	24.6633
2400	18.4285
2401	26.4622
2402	33.949
2403	34.1908
2404	32.0093
2405	34.1497
2406	29.5979
2407	28.6218
2408	24.0887
2409	24.7441
2410	24.2364
2411	24.7182
2412	27.3176
2413	26.9541
2414	35.2096
2415	30.2762
2416	30.2793
2417	34.8513
2418	33.5094
2419	30.6113
2420	33.4335
2421	31.2422
2422	29.6114
2423	30.91
2424	38.2683
2425	33.0726
2426	33.1246
2427	33.0675
2428	30.3779
2429	35.5406
2430	33.8524
2431	27.5266
2432	34.9337
2433	30.354
2434	27.8512
2435	30.8387
2436	32.6008
2437	34.3347
2438	30.7266
2439	33.0024
2440	32.0159
2441	35.9941
2442	31.8369
2443	30.0187
2444	29.2978
2445	25.4274
2446	32.0712
2447	26.5002
2448	31.178
2449	34.6436
2450	24.1493
2451	35.3593
2452	32.4045
2453	34.2768
2454	28.8137
2455	0
2456	35.7738
2457	30.3462
2458	29.3657
2459	30.9328
2460	30.1444
2461	33.5643
2462	35.1206
2463	33.5098
2464	34.62
2465	35.873
2466	31.717
2467	27.7759
2468	28.8797
2469	34.204
2470	27.5885
2471	27.4596
2472	32.2369
2473	35.7378
2474	35.578
2475	31.8841
2476	31.7654
2477	31.7737
2478	34.8393
2479	31.1731
2480	33.2801
2481	33.4988
2482	33.8828
2483	30.6776
2484	31.9452
2485	36.7354
2486	35.4411
2487	37.7747
2488	36.7406
2489	37.237
2490	32.2552
2491	27.8285
2492	36.0685
2493	33.4808
2494	28.8293
2495	30.2377
2496	33.5547
2497	31.6628
2498	38.2579
2499	36.0512
2500	36.8871
2501	36.7508
2502	33.1732
2503	34.518
2504	34.2472
2505	32.4176
2506	28.2602
2507	34.4576
2508	33.0477
2509	38.143
2510	34.6104
2511	35.6932
2512	36.5151
2513	36.1369
2514	31.5759
2515	35.3875
2516	34.2378
2517	30.1084
2518	31.6108
2519	29.3036
2520	33.3259
2521	31.303
2522	35.7381
2523	34.3574
2524	38.4842
2525	35.8537
2526	31.9781
2527	33.6613
2528	33.4759
2529	29.92
2530	32.2966
2531	32.3197
2532	36.3246
2533	33.5401
2534	36.6445
2535	35.4381
2536	33.9382
2537	34.0959
2538	33.5534
2539	25.2345
2540	33.7856
2541	31.195
2542	31.9406
2543	29.1455
2544	25.8789
2545	27.898
2546	29.256
2547	33.8954
2548	31.5958
2549	34.0538
2550	26.8341
2551	36.8649
2552	31.5741
2553	30.0872
2554	30.2145
2555	26.5577
2556	29.5113
2557	30.3895
2558	31.6329
2559	32.8868
2560	30.626
2561	30.3667
2562	31.6461
2563	35.7314
2564	28.7038
2565	27.9727
2566	27.9838
2567	28.7712
2568	30.5019
2569	31.281
2570	29.7296
2571	29.1214
2572	27.424
2573	29.5818
2574	27.3023
2575	29.837
2576	29.4608
2577	26.6822
2578	33.5161
2579	29.1199
2580	31.5619
2581	24.3647
2582	29.3241
2583	24.8893
2584	29.6643
2585	30.1047
2586	26.8258
2587	25.9916
2588	27.2789
2589	30.027
2590	27.6453
2591	27.6546
2592	32.7828
2593	31.5509
2594	28.083
2595	30.7554
2596	0
2597	0
2598	0
2599	0
2600	0
2601	0
2602	0
2603	0
2604	0
2605	0
2606	0
2607	0
2608	0
2609	0
2610	0
2611	0
2612	0
2613	0
2614	0
2615	0
2616	0
2617	0
2618	0
2619	0
2620	0
2621	0
2622	0
2623	0
2624	0
2625	0
2626	0
2627	0
2628	0
2629	0
2630	0
2631	0
2632	0
2633	0
2634	0
2635	0
2636	0
2637	0
2638	0
2639	0
2640	0
2641	0
2642	0
2643	0
2644	0
2645	0
2646	0
2647	0
2648	0
2649	0
2650	0
2651	0
2652	0
2653	0
2654	0
2655	0
2656	0
2657	0
2658	0
2659	0
2660	0
2661	0
2662	0
2663	0
2664	0
2665	0
2666	0
2667	0
2668	0
2669	0
2670	0
2671	0
2672	0
2673	0
2674	0
2675	0
2676	0
2677	0
2678	0
2679	0
2680	0
2681	0
2682	0
2683	0
2684	0
2685	0
2686	0
2687	0
2688	0
2689	0
2690	0
2691	0
2692	0
2693	0
2694	0
2695	0
2696	0
2697	0
2698	0
2699	0
2700	0
2701	0
2702	0
2703	0
2704	0
2705	0
2706	0
2707	0
2708	0
2709	0
2710	0
2711	0
2712	0
2713	0
2714	0
2715	0
