0	-1.37876
1	-0.17512
2	-2.94573
3	-2.78723
4	-1.93717
5	-1.48651
6	-5.33626
7	-1.36069
8	-2.20597
9	-6.85953
10	-2.91931
11	-7.65656
12	-2.65431
13	-1.06105
14	-0.808831
15	-2.53949
16	0.804606
17	-3.1367
18	-3.91632
19	-1.48375
20	0.611462
21	-4.12782
22	-1.98046
23	-0.0028023
24	-4.27049
25	-5.02827
26	-3.74993
27	-5.34642
28	-3.13431
29	-5.72756
30	-3.55008
31	-3.42322
32	-10.3598
33	-8.65734
34	-6.66931
35	-7.62978
36	-5.78468
37	-5.43041
38	-5.67121
39	-2.76508
40	-6.82209
41	-5.58281
42	-5.47441
43	-7.64563
44	-12.0975
45	-6.92658
46	-4.5693
47	-5.5943
48	1.69201
49	0.653609
50	-3.86455
51	-2.42131
52	1.52917
53	-1.53252
54	-0.0233884
55	-0.797184
56	-0.484913
57	-1.44323
58	-2.58649
59	0.497835
60	2.50416
61	-0.283559
62	0.516758
63	-1.81365
64	-1.54344
65	-1.73365
66	-1.55138
67	-1.14604
68	1.19428
69	-1.56573
70	-2.7313
71	-1.02433
72	-2.02248
73	-4.43309
74	-5.99948
75	-4.71361
76	-2.71846
77	-3.21292
78	-3.19004
79	-4.00271
80	-7.09207
81	-6.95506
82	-6.3645
83	-6.67769
84	-4.6728
85	-2.5158
86	-3.05303
87	-3.08974
88	-4.73891
89	-5.36217
90	-4.71731
91	-4.80352
92	-8.4139
93	-7.76802
94	-6.40337
95	-9.4387
96	6.13985
97	4.48688
98	-0.769857
99	-0.408963
100	1.4169
101	1.11377
102	0.560393
103	1.50662
104	-0.803223
105	-2.77195
106	1.1041
107	-0.639074
108	1.29993
109	1.08971
110	1.99425
111	2.03694
112	-2.7942
113	-2.76107
114	-3.1359
115	-0.917812
116	-1.59295
117	-1.72656
118	-3.325
119	-1.07165
120	-5.23434
121	-4.5552
122	-6.25607
123	-4.60343
124	-1.86809
125	-3.5175
126	-3.7556
127	-1.80945
128	-6.03031
129	-3.17026
130	-4.76654
131	-3.11727
132	-0.907944
133	-3.09409
134	-0.742001
135	2.04958
136	-3.24788
137	-4.37414
138	-4.03519
139	-2.43717
140	-5.32119
141	-7.64331
142	-6.00605
143	-8.17832
144	2.6459
145	1.16782
146	-2.66782
147	-1.50763
148	0.718789
149	1.08851
150	1.24224
151	0.988576
152	-4.58018
153	-1.46575
154	-0.709599
155	0.640491
156	0.790128
157	3.52262
158	1.44331
159	1.31544
160	1.7035
161	1.30948
162	-0.245837
163	-2.38505
164	-0.0868568
165	-1.275
166	-3.71355
167	-1.86068
168	-1.69873
169	-4.28907
170	-8.13807
171	-7.66879
172	-2.19902
173	-2.69643
174	-0.754898
175	-4.73337
176	-2.84209
177	-4.75558
178	-1.94948
179	-3.98728
180	-0.680535
181	0.0291466
182	-3.23201
183	-2.07446
184	0.507966
185	-4.40525
186	-3.721
187	0.529512
188	-6.73074
189	-3.21111
190	-5.97048
191	-8.91171
192	4.16069
193	3.97456
194	-1.56468
195	-0.910216
196	0.383018
197	0.317056
198	-0.798323
199	2.05872
200	-1.03931
201	0.854163
202	-0.70727
203	-3.46084
204	1.73989
205	0.282828
206	0.146341
207	2.45982
208	0.440395
209	-0.825031
210	-20.8725
211	0.294508
212	0.24804
213	-1.29039
214	-4.31544
215	-3.13695
216	-4.36249
217	-4.674
218	-2.43956
219	-4.89162
220	-1.78455
221	-5.167
222	-1.82002
223	-0.409132
224	-4.01172
225	-3.10681
226	-6.46536
227	-4.03658
228	-2.45265
229	-1.16738
230	-2.92249
231	-2.68577
232	-0.144917
233	-2.08854
234	-1.96181
235	0.654026
236	-6.28655
237	-5.14557
238	-8.26376
239	-10.5115
240	2.27342
241	4.71403
242	-0.405021
243	-1.41764
244	-0.860484
245	-1.95735
246	0.376398
247	-0.169307
248	1.90491
249	-0.686876
250	-0.294638
251	-0.208831
252	2.24966
253	1.28634
254	2.42687
255	-0.34658
256	0.252568
257	0.863765
258	-0.586154
259	-1.26764
260	0.818698
261	-2.43885
262	-5.79039
263	-3.99062
264	-3.15667
265	-2.84443
266	-3.99618
267	-7.50178
268	-0.461836
269	-1.353
270	-2.50393
271	-1.52627
272	-4.61267
273	-2.48563
274	-0.436096
275	-1.61149
276	-0.765522
277	-1.97012
278	-0.664673
279	-0.941155
280	0.170513
281	0.613237
282	-0.442503
283	-0.129029
284	-4.58132
285	-0.368862
286	-9.09181
287	-6.81021
288	4.62104
289	3.46557
290	0.080693
291	-0.178131
292	-1.0075
293	1.3446
294	-1.58399
295	3.51937
296	-0.65893
297	0.500602
298	-1.80829
299	-1.12717
300	0.793929
301	4.12912
302	2.33174
303	1.03421
304	1.30714
305	-0.230801
306	-3.1795
307	-0.525484
308	-5.70545
309	-10.0884
310	-7.54041
311	-8.80099
312	-3.57888
313	-3.60704
314	-3.53359
315	-3.3943
316	-1.72693
317	2.01233
318	-2.81471
319	-0.415726
320	-4.64813
321	-5.93954
322	-7.41457
323	-5.9696
324	-5.00629
325	-1.75581
326	-3.427
327	-7.23525
328	-2.80726
329	-5.86467
330	-5.5782
331	-1.49431
332	-8.86195
333	-7.90629
334	-3.2843
335	-4.70527
336	5.41404
337	3.74497
338	0.723807
339	2.68843
340	2.86953
341	0.111201
342	2.61955
343	2.26302
344	-0.995226
345	-0.259969
346	1.30366
347	-0.326715
348	2.56824
349	0.134978
350	2.64612
351	1.61036
352	-0.99392
353	0.607685
354	1.89293
355	0.556882
356	-2.92544
357	-4.54219
358	-5.84364
359	-9.97373
360	-0.517599
361	-5.0779
362	-3.21467
363	-0.443644
364	-3.10122
365	-1.86454
366	-2.50723
367	-2.16956
368	-3.76358
369	-4.04187
370	-2.00718
371	-5.9092
372	0.485657
373	1.41031
374	-0.914369
375	3.696
376	-1.29455
377	2.07363
378	-0.497621
379	-1.25416
380	-3.8023
381	-6.01931
382	-8.23113
383	-7.32262
384	-2.07786
385	-2.95857
386	4.34487
387	0.621789
388	-4.25456
389	-5.43268
390	-6.47691
391	-4.25324
392	1.53315
393	2.06735
394	-0.389707
395	0.81964
396	-5.83985
397	-3.89843
398	-5.48441
399	-2.52542
400	-0.579729
401	-1.34025
402	2.28832
403	-1.45178
404	-5.88488
405	-6.56003
406	-7.56559
407	-7.92112
408	0.976861
409	-3.10856
410	0.246406
411	-3.56113
412	-6.32224
413	-7.96201
414	-4.88034
415	-7.98172
416	-3.08486
417	-4.11494
418	-3.36363
419	-2.64829
420	-6.00345
421	-8.00135
422	-7.05777
423	-4.47158
424	-12.5761
425	-13.1562
426	-12.7846
427	-12.9371
428	-10.7229
429	-9.07931
430	-14.5288
431	-13.3468
432	-3.81505
433	-3.44454
434	1.1948
435	-1.22201
436	-3.5693
437	-7.2289
438	-2.6891
439	-5.71675
440	1.29408
441	0.242599
442	0.151755
443	1.82304
444	-0.720794
445	-3.83062
446	-3.0307
447	-4.35805
448	1.05374
449	-0.737411
450	2.35484
451	-2.47571
452	-0.686623
453	-7.02687
454	-8.61152
455	-7.90249
456	-0.982667
457	-1.6309
458	-3.44955
459	-3.36172
460	-6.32169
461	-5.8733
462	-5.07542
463	-8.52345
464	-3.26702
465	-3.15922
466	-5.8026
467	-3.96835
468	-5.18237
469	-4.94815
470	-7.31631
471	-4.98083
472	-11.8542
473	-13.8425
474	-13.4819
475	-12.956
476	-13.7479
477	-13.0504
478	-13.4252
479	-13.062
480	3.93442
481	1.15515
482	0.277638
483	2.03852
484	-6.07825
485	-4.33613
486	-4.40556
487	-4.62478
488	1.98151
489	2.39416
490	1.13981
491	-0.158317
492	-2.9704
493	-2.42071
494	-1.95879
495	-4.24574
496	0.696932
497	1.04598
498	-0.196752
499	0.0685716
500	-1.10915
501	-7.10265
502	-7.0956
503	-6.54205
504	-0.970344
505	-0.8584
506	-4.13877
507	-1.4365
508	-6.15236
509	-8.35108
510	-6.22377
511	-5.75596
512	-3.31971
513	-4.72155
514	0.272872
515	-3.65538
516	-4.951
517	-6.29865
518	-6.73656
519	-5.86205
520	-11.8695
521	-14.4505
522	-9.41329
523	-10.906
524	-10.3819
525	-11.6767
526	-11.2555
527	-8.91455
528	2.81651
529	1.83562
530	-1.93932
531	-1.87886
532	-3.17887
533	-2.05264
534	-3.78331
535	-5.80837
536	-1.46597
537	-1.26098
538	1.03692
539	-0.268094
540	-5.7778
541	-5.98542
542	-7.03304
543	-2.07976
544	3.2271
545	2.29771
546	-2.66302
547	-0.421093
548	-5.51769
549	-7.50981
550	-9.03905
551	-9.68522
552	-0.520081
553	1.45156
554	-0.478377
555	0.907462
556	-5.52502
557	-5.58523
558	-5.03609
559	-5.38286
560	-3.75906
561	-0.68298
562	-2.21663
563	-0.0999693
564	-6.42759
565	-4.03908
566	-6.48638
567	-5.48763
568	-11.3598
569	-11.8478
570	-10.5408
571	-10.8445
572	-6.65603
573	-6.71805
574	-11.2673
575	-11.81
576	0.395844
577	0.371602
578	2.29727
579	2.12969
580	-3.28257
581	-2.46573
582	-2.19849
583	-1.54633
584	2.19774
585	1.16108
586	1.96987
587	0.685073
588	-5.92958
589	-4.46097
590	-0.639601
591	-3.15011
592	2.35217
593	-1.93841
594	0.80895
595	0.821493
596	-3.93401
597	-6.93357
598	-5.71469
599	-6.20112
600	1.18587
601	-0.777255
602	-0.0167968
603	1.07524
604	-6.55655
605	-3.88764
606	-4.84301
607	-5.48896
608	-2.3955
609	-4.15806
610	-1.77131
611	-1.23352
612	-5.16568
613	-6.18181
614	-5.82265
615	-5.41714
616	-10.9368
617	-11.9706
618	-10.153
619	-9.32013
620	-11.0583
621	-9.40966
622	-13.3451
623	-11.7121
624	2.35429
625	2.6464
626	3.93127
627	1.9766
628	-1.73285
629	-0.379751
630	-1.56969
631	-4.5893
632	2.69859
633	4.02511
634	0.353933
635	0.51509
636	-2.38782
637	0.00634001
638	-2.01537
639	-0.0953947
640	2.36314
641	1.5197
642	1.83574
643	1.74665
644	-0.743242
645	-5.39192
646	-4.55248
647	1.91791
648	-9.57901
649	-8.76535
650	-10.8035
651	-11.5931
652	-6.0934
653	-8.29544
654	-5.06672
655	-5.35061
656	-2.84387
657	-2.49258
658	-2.46128
659	-3.92862
660	-6.84171
661	-4.95605
662	-6.38404
663	-5.15334
664	-10.628
665	-8.26073
666	-9.42764
667	-9.78309
668	-9.88504
669	-10.2731
670	-8.31608
671	-7.85221
672	3.19911
673	1.53802
674	1.26856
675	1.36628
676	-1.50474
677	-3.86658
678	-2.14225
679	-4.40359
680	2.12612
681	3.87697
682	4.42822
683	2.87329
684	-4.95229
685	-5.53658
686	-3.26626
687	-6.20185
688	2.96031
689	-1.63014
690	0.417455
691	1.25583
692	0.0777075
693	-2.7133
694	3.29011
695	-6.82521
696	-8.39342
697	-9.17247
698	-10.1341
699	-8.62809
700	-6.64644
701	-4.29767
702	-6.5276
703	-4.64612
704	-2.55001
705	-3.915
706	0.323008
707	-1.42097
708	-6.55734
709	-4.23898
710	-3.80467
711	-6.25925
712	-11.8522
713	-8.2042
714	-10.6538
715	-11.6644
716	-8.47523
717	-8.2303
718	-11.2222
719	-10.9723
720	-3.67006
721	-4.32834
722	1.12879
723	2.63725
724	-2.61974
725	-3.1971
726	-3.88938
727	-2.78161
728	2.97614
729	1.62245
730	0.130138
731	2.80454
732	-5.26644
733	-7.1477
734	-5.72011
735	-4.36256
736	1.06935
737	0.848204
738	-2.45804
739	-2.85244
740	-1.9646
741	-2.02349
742	-4.57007
743	3.60569
744	-7.25191
745	-6.4894
746	-10.0662
747	-7.9142
748	-3.24557
749	-3.90647
750	-6.19167
751	-3.75562
752	-3.11292
753	-2.91462
754	-5.0637
755	-1.17753
756	-7.2351
757	-5.73871
758	-10.1848
759	-9.41902
760	-11.8893
761	-8.60308
762	-9.98125
763	-10.9749
764	-7.15349
765	-10.2253
766	-7.49876
767	-10.6411
768	-3.10886
769	-4.99982
770	-3.25264
771	-4.30675
772	-2.41002
773	-0.87666
774	-3.309
775	-0.662962
776	-4.9512
777	-3.23844
778	-6.12327
779	-4.06851
780	-3.98406
781	-1.30109
782	-4.76922
783	-6.18209
784	-4.8701
785	-6.28483
786	-3.05213
787	-2.81864
788	-1.1505
789	-3.36627
790	-3.11048
791	-4.43608
792	-8.8017
793	-8.46462
794	-8.96114
795	-10.7803
796	-5.25992
797	-4.35287
798	-8.34217
799	-6.15522
800	-8.0362
801	-8.45035
802	-9.35266
803	-8.05656
804	-9.57986
805	-9.12789
806	-7.07982
807	-5.05826
808	-13.833
809	-12.236
810	-9.39318
811	-8.9849
812	-13.41
813	-14.2814
814	-18.1006
815	-13.3524
816	-5.53944
817	-3.0568
818	-5.80265
819	-4.24898
820	-1.58516
821	-1.61173
822	-1.4825
823	-1.74329
824	-6.46496
825	-4.78698
826	-4.99648
827	-7.12766
828	-2.44779
829	-3.71053
830	-3.78209
831	-4.12003
832	-1.01756
833	-6.78505
834	-3.81059
835	-5.30021
836	-2.88456
837	-3.62478
838	-5.32981
839	-3.94528
840	-6.39938
841	-6.93775
842	-10.701
843	-8.07308
844	-5.03872
845	-4.10968
846	-5.98056
847	-8.2258
848	-7.93397
849	-7.50449
850	-7.81095
851	-6.79476
852	-2.07512
853	-7.75469
854	-6.83352
855	-5.24705
856	-12.3895
857	-11.7028
858	-8.63359
859	-10.0347
860	-22.2701
861	-15.5946
862	-15.4096
863	-13.3675
864	-4.02648
865	-4.22353
866	-3.92474
867	-2.60187
868	-2.37456
869	-4.18277
870	-1.37339
871	-1.74193
872	-5.13691
873	-6.45203
874	-5.43769
875	-5.49948
876	-7.05999
877	-2.10987
878	-5.92004
879	-5.7173
880	-4.14123
881	-7.58891
882	-1.96358
883	-5.65274
884	-3.88644
885	-5.46804
886	-5.33977
887	-2.57702
888	-6.15405
889	-7.33592
890	-12.1622
891	-10.9413
892	-6.19524
893	-7.40627
894	-5.4643
895	-10.221
896	-8.93057
897	-8.77581
898	-8.43924
899	-6.46061
900	-4.95804
901	-5.89465
902	-5.24993
903	-5.43374
904	-12.238
905	-12.3497
906	-9.71349
907	-9.54199
908	-11.3154
909	-12.516
910	-16.1866
911	-15.1099
912	-3.01931
913	-2.7852
914	-5.19131
915	-3.06844
916	-0.654681
917	-2.16059
918	-1.55193
919	-1.05721
920	-5.09375
921	-4.00808
922	-2.5532
923	-0.938236
924	-0.620895
925	-1.48361
926	-0.916384
927	-0.95358
928	0.268401
929	-2.81545
930	-3.48947
931	-7.10796
932	-4.16112
933	-3.58376
934	-2.41948
935	-4.77326
936	-6.7264
937	-5.3774
938	-8.87549
939	-9.04878
940	-5.43656
941	-5.40062
942	-6.90559
943	-4.22
944	-7.81743
945	-5.63121
946	-5.45536
947	-5.84629
948	-4.77578
949	-5.40292
950	-3.97245
951	-5.53528
952	-9.99666
953	-11.2261
954	-8.51462
955	-6.81192
956	-11.4939
957	-13.8491
958	-13.3393
959	-13.5126
960	-4.11931
961	-5.47638
962	-3.84379
963	-3.80295
964	-0.334911
965	0.138117
966	-3.71503
967	-2.25878
968	-2.06792
969	-2.13788
970	-2.47319
971	-4.01043
972	-7.07838
973	-2.36931
974	-4.44878
975	-5.16701
976	-4.06636
977	-5.37085
978	-5.96347
979	-6.0505
980	-3.44389
981	-6.47821
982	-6.36153
983	-4.37806
984	-8.96143
985	-7.84888
986	-5.12795
987	-7.17915
988	-3.33449
989	-1.77721
990	-5.79264
991	-5.14828
992	-11.5961
993	-11.3975
994	-7.50975
995	-9.09878
996	-9.14874
997	-11.5215
998	-12.3024
999	-14.1503
1000	-4.01815
1001	-1.60963
1002	-0.168431
1003	-1.5514
1004	-1.48908
1005	0.957008
1006	0.44591
1007	1.89097
1008	-1.91686
1009	-2.63486
1010	-1.16103
1011	-2.21816
1012	0.744326
1013	-1.68742
1014	-3.24245
1015	-6.03743
1016	-1.8395
1017	-2.29134
1018	-3.81573
1019	-2.98832
1020	-1.60364
1021	-3.29207
1022	-4.69419
1023	-3.29727
1024	-5.51087
1025	-5.56104
1026	-7.0818
1027	-6.09223
1028	-5.50496
1029	-4.48686
1030	-2.26129
1031	-5.62528
1032	-11.8907
1033	-11.0224
1034	-9.23223
1035	-6.15763
1036	-10.3999
1037	-12.4067
1038	-14.1251
1039	-15.2565
1040	-1.80018
1041	-2.51454
1042	-0.0213276
1043	-1.77716
1044	-5.32252
1045	-5.3706
1046	-1.11126
1047	-0.203051
1048	-2.71338
1049	-3.0455
1050	-2.63406
1051	-2.33283
1052	-2.86853
1053	-0.151181
1054	-1.43896
1055	0.485601
1056	-2.3029
1057	-5.16569
1058	-1.01916
1059	-3.70152
1060	-1.73358
1061	-4.65591
1062	-5.59559
1063	-4.11441
1064	-6.69671
1065	-6.10764
1066	-4.04151
1067	-6.73423
1068	-3.89561
1069	-5.21293
1070	-5.88886
1071	-4.50292
1072	-10.3644
1073	-9.34342
1074	-9.47327
1075	-6.70133
1076	-9.88194
1077	-8.76234
1078	-13.1193
1079	-11.8434
1080	1.73617
1081	0.243388
1082	-2.29913
1083	-1.66775
1084	2.17764
1085	-0.649659
1086	-3.09767
1087	-0.221053
1088	-3.58096
1089	-2.76943
1090	-2.89405
1091	-1.78061
1092	-0.759685
1093	0.34398
1094	-2.13484
1095	-1.59282
1096	-2.37388
1097	-3.735
1098	-3.36005
1099	-5.72572
1100	-2.55291
1101	-4.60031
1102	-7.25767
1103	-3.69243
1104	-9.33087
1105	-7.70537
1106	-4.08512
1107	-6.95493
1108	-4.91215
1109	-3.37393
1110	-4.32079
1111	-7.00983
1112	-10.9899
1113	-10.4045
1114	-7.13736
1115	-7.60937
1116	-7.16266
1117	-10.2149
1118	-14.0598
1119	-12.9116
1120	0.961192
1121	0.975382
1122	2.6037
1123	-0.248618
1124	5.02218
1125	3.65752
1126	-0.615326
1127	-1.29811
1128	-3.40024
1129	-0.768262
1130	-2.96239
1131	-2.43137
1132	1.31261
1133	1.89039
1134	2.7996
1135	0.182443
1136	-0.793057
1137	-1.21595
1138	-2.38177
1139	-3.37354
1140	-2.67356
1141	-2.07178
1142	-1.14133
1143	-2.18777
1144	-3.51779
1145	-5.64677
1146	-5.2203
1147	-2.76086
1148	0.614471
1149	-2.31967
1150	-4.86377
1151	-4.67478
1152	-3.67402
1153	-7.41681
1154	-2.87062
1155	-1.254
1156	-3.20295
1157	-5.73867
1158	1.99092
1159	0.201745
1160	0.877103
1161	1.29138
1162	-0.862855
1163	-1.42745
1164	1.04679
1165	-0.220011
1166	-1.02581
1167	-1.25571
1168	-1.54199
1169	-3.01042
1170	-1.54134
1171	-3.22441
1172	1.23662
1173	2.73962
1174	3.55711
1175	2.92698
1176	-1.42588
1177	-0.692216
1178	-0.845275
1179	-2.81656
1180	1.19193
1181	-2.864
1182	-4.76861
1183	-3.55846
1184	-3.47492
1185	-5.31607
1186	-4.36405
1187	-4.19938
1188	-2.42135
1189	-1.1533
1190	1.75825
1191	-1.44716
1192	-2.4913
1193	-3.35032
1194	-5.31876
1195	-2.21127
1196	2.15896
1197	-0.627062
1198	-1.13666
1199	1.46583
1200	-1.24048
1201	0.190897
1202	-1.9654
1203	-0.0666971
1204	3.29852
1205	1.48516
1206	-1.13121
1207	-1.21241
1208	-1.27243
1209	-2.22285
1210	-3.65552
1211	-2.53951
1212	-1.38471
1213	1.43932
1214	1.08821
1215	0.126149
1216	-0.751558
1217	-1.27302
1218	-3.86331
1219	-3.46773
1220	-4.19247
1221	-7.76035
1222	-2.2602
1223	-2.40628
1224	-3.53025
1225	-5.73316
1226	-6.24886
1227	-3.84032
1228	-1.32895
1229	-0.752391
1230	-1.027
1231	0.115614
1232	-4.34507
1233	-3.88694
1234	-0.497815
1235	-3.71802
1236	-1.43299
1237	0.0235502
1238	1.40362
1239	0.517253
1240	-1.80093
1241	-1.09361
1242	-0.477489
1243	-3.38711
1244	1.78684
1245	-0.347878
1246	0.45236
1247	-0.517626
1248	-3.4539
1249	-0.764237
1250	-2.31287
1251	-3.0039
1252	-0.298604
1253	1.716
1254	-0.0814374
1255	-0.314277
1256	-1.01592
1257	-0.675077
1258	0.973717
1259	-2.43003
1260	-2.4896
1261	-3.10471
1262	-3.37927
1263	-7.78787
1264	-4.44815
1265	-6.14856
1266	-4.90138
1267	-5.47167
1268	-2.90063
1269	-1.87269
1270	-4.26053
1271	-3.11882
1272	-4.02268
1273	-3.32261
1274	-2.53191
1275	-3.59705
1276	-1.04963
1277	-2.58597
1278	-0.343937
1279	-0.555452
1280	-0.368719
1281	0.530416
1282	1.56574
1283	-3.02369
1284	3.17597
1285	3.24368
1286	2.15629
1287	1.77863
1288	-1.25972
1289	-1.84461
1290	-5.7432
1291	-2.11187
1292	1.97058
1293	2.61576
1294	-0.571611
1295	2.12152
1296	-0.578435
1297	-0.399182
1298	-5.44246
1299	-4.5246
1300	1.6427
1301	1.45662
1302	-1.08333
1303	-0.749968
1304	-2.2672
1305	-0.108059
1306	-2.09262
1307	-3.48059
1308	-3.98884
1309	-4.67998
1310	-3.48618
1311	-4.75683
1312	-5.26405
1313	-2.13333
1314	-4.77004
1315	-7.42748
1316	-1.74049
1317	-2.43751
1318	-0.696843
1319	-5.14113
1320	-3.63921
1321	-3.50219
1322	-4.56259
1323	-2.94482
1324	-0.855569
1325	-1.73431
1326	0.880693
1327	1.21819
1328	-2.34445
1329	-2.06406
1330	0.247674
1331	-2.08639
1332	1.57951
1333	1.12583
1334	0.0872287
1335	-0.446527
1336	-5.86735
1337	-5.44799
1338	5.12994
1339	-4.20048
1340	-1.43042
1341	0.441687
1342	-0.110461
1343	0.558952
1344	-3.98393
1345	-0.667163
1346	-2.09604
1347	-4.13983
1348	1.70789
1349	2.49951
1350	-0.260209
1351	0.711125
1352	-1.00468
1353	-3.34417
1354	-6.16221
1355	-6.28527
1356	-3.15274
1357	-2.37222
1358	-2.49294
1359	-3.63049
1360	-7.28186
1361	-7.2581
1362	-4.67627
1363	-4.46501
1364	-5.37843
1365	-4.4133
1366	-2.46651
1367	-1.35512
1368	-2.25663
1369	-3.47656
1370	-2.68772
1371	-3.66207
1372	-3.22561
1373	-2.45028
1374	-0.510076
1375	-2.27998
1376	-0.480735
1377	-0.0466815
1378	0.334586
1379	-1.53038
1380	-0.405748
1381	0.441578
1382	-1.8366
1383	-2.87708
1384	-4.28388
1385	-3.39496
1386	-2.50554
1387	6.79554
1388	-1.99842
1389	-0.282944
1390	-1.16864
1391	0.025952
1392	-1.15554
1393	-1.54713
1394	-3.08141
1395	-1.76527
1396	1.55422
1397	1.4634
1398	-0.555842
1399	0.617367
1400	-4.4823
1401	-6.26766
1402	-3.80174
1403	-1.21502
1404	-2.15677
1405	-7.30706
1406	-3.5369
1407	-3.83917
1408	-4.40025
1409	-4.46731
1410	-6.44849
1411	-6.43008
1412	-2.68282
1413	-2.6128
1414	-5.42364
1415	-7.32869
1416	-5.04583
1417	-4.99363
1418	-4.92501
1419	-4.35833
1420	-2.72249
1421	-3.08204
1422	-0.493345
1423	-0.613057
1424	-1.64145
1425	-0.0790701
1426	-3.25541
1427	-3.08518
1428	-0.081376
1429	0.821355
1430	-0.0645118
1431	-2.44356
1432	-3.16787
1433	-4.73427
1434	5.03508
1435	-10.731
1436	-2.66639
1437	-0.365303
1438	-0.136145
1439	-0.618641
1440	-2.90023
1441	-1.65648
1442	-4.75708
1443	-5.06011
1444	0.831108
1445	0.581234
1446	-1.13752
1447	-1.03902
1448	-4.05541
1449	-2.75956
1450	-2.53601
1451	-4.451
1452	-1.3838
1453	-4.50849
1454	-7.12144
1455	-4.51021
1456	-4.06054
1457	-3.10906
1458	-6.61821
1459	-7.5071
1460	-6.07309
1461	-3.88824
1462	-1.96356
1463	-3.04026
1464	-4.00794
1465	-5.56079
1466	-6.54574
1467	-7.11408
1468	-3.51653
1469	-2.26271
1470	2.32982
1471	-2.06783
1472	-1.23548
1473	0.475402
1474	0.967645
1475	1.23829
1476	-3.79543
1477	-2.68392
1478	-2.58921
1479	-2.44127
1480	-0.856708
1481	-0.67199
1482	0.180693
1483	0.698716
1484	-1.93685
1485	-3.06631
1486	-2.99511
1487	-4.59871
1488	2.1436
1489	2.51967
1490	-1.3451
1491	-1.01809
1492	-1.51569
1493	-0.637938
1494	6.21568
1495	-1.99783
1496	-1.00738
1497	-2.10033
1498	-5.24926
1499	-3.01524
1500	-9.26444
1501	-7.53689
1502	-4.68198
1503	-4.15466
1504	-1.6469
1505	-0.598234
1506	-4.17375
1507	-2.72881
1508	-5.61373
1509	-4.92567
1510	-3.76931
1511	-5.88877
1512	-2.46044
1513	-1.88054
1514	-3.56587
1515	0.0244681
1516	-3.37377
1517	-4.25188
1518	-7.73048
1519	-4.7539
1520	2.30847
1521	0.973
1522	-0.323586
1523	-0.880464
1524	-8.46867
1525	-3.51409
1526	-1.81675
1527	-3.0926
1528	1.842
1529	-0.0960884
1530	-0.802281
1531	0.182128
1532	-3.59236
1533	-1.2195
1534	-4.02164
1535	-2.50555
1536	1.4971
1537	2.05247
1538	2.42687
1539	0.580042
1540	1.64649
1541	-0.196774
1542	-3.9177
1543	6.54598
1544	-3.57541
1545	-1.71104
1546	-5.70831
1547	-3.83829
1548	-8.17359
1549	-6.05211
1550	-6.54166
1551	-1.37935
1552	-2.42833
1553	-3.13026
1554	-1.61717
1555	-1.34986
1556	-5.96079
1557	-4.92754
1558	-5.89653
1559	-4.24756
1560	-1.14076
1561	-1.71932
1562	-1.00922
1563	-0.936149
1564	-5.93673
1565	-4.30565
1566	-5.10819
1567	-6.20639
1568	1.15716
1569	1.5014
1570	0.816143
1571	1.44498
1572	-3.31171
1573	-2.44193
1574	-2.70924
1575	-3.52699
1576	1.77595
1577	1.57317
1578	1.09025
1579	3.18902
1580	-1.50882
1581	-3.82983
1582	-3.10584
1583	-0.867394
1584	2.266
1585	3.71036
1586	0.777062
1587	0.492918
1588	0.201301
1589	-3.01535
1590	6.66061
1591	-7.55055
1592	-1.35139
1593	-1.13659
1594	-5.22648
1595	-7.45943
1596	-8.59713
1597	-5.86181
1598	-5.56263
1599	-7.72509
1600	-2.54572
1601	-2.57323
1602	-1.22452
1603	-3.73744
1604	-5.62041
1605	-5.65112
1606	-7.26725
1607	-6.75586
1608	-0.99635
1609	-0.744988
1610	-2.19344
1611	0.116374
1612	-0.959519
1613	-5.44746
1614	-5.78128
1615	-5.0123
1616	1.39477
1617	0.283104
1618	-0.685787
1619	-0.194669
1620	-2.17645
1621	-7.14875
1622	-3.50975
1623	-2.3939
1624	0.0882636
1625	0.490963
1626	-1.61957
1627	0.239656
1628	-4.4975
1629	-7.94124
1630	-1.93429
1631	-3.46058
1632	-1.76565
1633	-1.03581
1634	2.39095
1635	-1.02273
1636	-3.42641
1637	-3.54773
1638	-3.22372
1639	-4.25454
1640	3.41482
1641	0.794041
1642	-0.773852
1643	-1.87256
1644	-6.59178
1645	-4.93449
1646	-6.17154
1647	-9.36699
1648	-3.45279
1649	-2.93146
1650	-2.71111
1651	-1.46199
1652	-5.85848
1653	-0.95494
1654	-7.85904
1655	-6.07047
1656	0.0523527
1657	-1.23963
1658	-1.54191
1659	-2.38599
1660	-3.8836
1661	-4.02446
1662	-7.23819
1663	-6.57597
1664	0.121914
1665	-0.898057
1666	0.0406929
1667	-3.03007
1668	-3.74901
1669	-5.2916
1670	-3.51567
1671	-2.16064
1672	2.72905
1673	2.3903
1674	1.92615
1675	2.8563
1676	-2.17362
1677	-2.41452
1678	-3.47136
1679	-2.48805
1680	1.23549
1681	1.74595
1682	-0.727027
1683	-0.346118
1684	-1.21407
1685	-3.16687
1686	-3.95737
1687	-3.67325
1688	-12.0644
1689	2.70028
1690	-1.40761
1691	1.70233
1692	-6.75165
1693	-8.53586
1694	-7.48047
1695	-6.00202
1696	-0.583932
1697	-1.03732
1698	-2.68091
1699	-1.36075
1700	-7.12331
1701	-6.54183
1702	-4.58405
1703	-6.70168
1704	0.689352
1705	-0.348511
1706	0.329731
1707	-1.88578
1708	-5.50738
1709	-3.15166
1710	-5.76971
1711	-5.52693
1712	3.16772
1713	1.37026
1714	1.1807
1715	-0.249644
1716	-5.02173
1717	-3.81931
1718	-1.7243
1719	-4.9005
1720	1.93182
1721	0.505329
1722	1.61905
1723	1.37873
1724	-5.12422
1725	-4.36144
1726	-3.51191
1727	-5.87081
1728	2.27613
1729	0.553216
1730	-0.690862
1731	-0.914885
1732	-3.34587
1733	-3.66367
1734	-1.14046
1735	-3.27772
1736	0.810292
1737	0.862249
1738	1.25391
1739	1.73979
1740	-7.11637
1741	-7.16862
1742	-7.97786
1743	-3.74109
1744	-2.38153
1745	-1.7711
1746	-3.55134
1747	-2.36609
1748	-6.36948
1749	-6.15209
1750	-5.65518
1751	-4.5795
1752	-2.15181
1753	-1.15424
1754	-3.1849
1755	-3.68597
1756	-6.27907
1757	-6.71523
1758	-5.89137
1759	-5.94265
1760	0.142957
1761	-0.0811488
1762	0.268105
1763	1.25685
1764	-4.19024
1765	-3.18194
1766	-1.45125
1767	-4.80698
1768	3.39549
1769	-0.0272208
1770	1.35889
1771	-1.53023
1772	-3.62249
1773	-4.18973
1774	-3.95797
1775	-3.74676
1776	0.55673
1777	-2.25905
1778	-0.549288
1779	-2.89374
1780	-1.29459
1781	-3.19744
1782	-3.48611
1783	-2.76594
1784	2.28158
1785	0.0645017
1786	3.47145
1787	1.29331
1788	-7.47515
1789	-8.01614
1790	-7.69555
1791	-4.616
1792	-2.14635
1793	-0.60934
1794	-6.44556
1795	-3.067
1796	-7.56948
1797	-5.69032
1798	-4.63685
1799	-7.20257
1800	-1.72335
1801	-1.20662
1802	-2.13885
1803	-1.58316
1804	-6.1319
1805	-5.60462
1806	-8.90961
1807	-7.00997
1808	1.89737
1809	-2.26395
1810	-0.490929
1811	0.308913
1812	-3.15167
1813	-4.00532
1814	-0.800116
1815	-3.57732
1816	-1.73545
1817	-2.75545
1818	-0.696907
1819	-3.3839
1820	-4.82097
1821	-5.5072
1822	-3.47052
1823	-4.64443
1824	-1.46456
1825	0.196218
1826	-1.54472
1827	-3.25651
1828	-4.92199
1829	-4.256
1830	-6.33448
1831	-4.49411
1832	0.941017
1833	0.611172
1834	1.82108
1835	1.76833
1836	-8.23288
1837	-8.47714
1838	-4.76976
1839	-6.58729
1840	0.428061
1841	-4.39692
1842	-3.08797
1843	-2.72334
1844	-9.73236
1845	-9.52787
1846	-6.30986
1847	-6.38535
1848	-2.18566
1849	-0.590141
1850	-3.30418
1851	-1.69783
1852	-5.34996
1853	-5.20597
1854	-7.3704
1855	-4.91763
1856	-2.98491
1857	-4.69763
1858	-1.1531
1859	-1.71109
1860	-0.317965
1861	-1.03117
1862	-2.08246
1863	0.359124
1864	-2.23275
1865	-2.15022
1866	-3.51089
1867	-3.46772
1868	1.52435
1869	4.04475
1870	-1.90662
1871	-0.08166
1872	-2.06119
1873	0.469526
1874	-5.7091
1875	-5.07781
1876	-2.94358
1877	-1.17671
1878	-3.7587
1879	-2.83661
1880	-2.25299
1881	1.71802
1882	0.0236313
1883	-3.57039
1884	-5.37651
1885	-1.89526
1886	-3.59251
1887	-3.01603
1888	-4.75942
1889	-2.73016
1890	-4.0808
1891	-5.78395
1892	-2.56359
1893	-1.40479
1894	1.01431
1895	1.00087
1896	-6.34521
1897	-4.73796
1898	-6.7296
1899	-6.60107
1900	-1.50511
1901	0.186119
1902	-4.96809
1903	2.40422
1904	-0.785974
1905	-0.488662
1906	-2.97624
1907	-3.15567
1908	0.532641
1909	-0.812729
1910	0.895745
1911	-0.896159
1912	-4.23462
1913	-0.932236
1914	-2.65527
1915	-2.59866
1916	-3.02275
1917	-2.61763
1918	-0.675749
1919	-3.09372
1920	-3.18327
1921	-1.6581
1922	-3.61764
1923	-4.39706
1924	-7.14033
1925	-5.98263
1926	-1.84879
1927	-5.17592
1928	-2.635
1929	0.512895
1930	-1.9193
1931	-0.966366
1932	-5.32734
1933	-2.32865
1934	-1.27053
1935	-1.39657
1936	-4.30344
1937	-4.96857
1938	-6.21863
1939	-5.05182
1940	-0.990227
1941	-2.17366
1942	-1.25633
1943	-0.911467
1944	-7.05294
1945	-2.5881
1946	-4.95673
1947	-1.12073
1948	1.00797
1949	-1.70905
1950	-4.64862
1951	-0.32457
1952	-0.280752
1953	-2.38755
1954	-2.30309
1955	-1.90532
1956	0.189784
1957	1.70711
1958	-0.749896
1959	-0.74036
1960	-4.09766
1961	0.0306925
1962	-3.82391
1963	-1.61549
1964	1.62288
1965	-1.86151
1966	-0.347766
1967	-0.980238
1968	-1.22434
1969	-2.59881
1970	-3.225
1971	-2.77823
1972	-3.03552
1973	0.551721
1974	-3.1461
1975	-2.09056
1976	-2.84055
1977	-4.49617
1978	-3.49741
1979	-4.79533
1980	-0.61272
1981	-1.91992
1982	-2.81471
1983	-2.73278
1984	-6.17953
1985	-4.96501
1986	-4.17697
1987	-3.62524
1988	-3.15214
1989	-4.39688
1990	-1.19736
1991	-1.73375
1992	-5.82201
1993	-6.08149
1994	-6.67879
1995	-2.96423
1996	-2.91775
1997	-2.77986
1998	-2.45819
1999	-2.58144
2000	-3.51189
2001	-3.76592
2002	-3.48538
2003	-2.64126
2004	-1.01849
2005	-0.306054
2006	-4.03871
2007	-3.07646
2008	-2.73806
2009	-3.61459
2010	-3.21258
2011	-2.59482
2012	-1.82447
2013	-3.44522
2014	-2.1651
2015	-1.21894
2016	-6.93951
2017	-3.22249
2018	-4.14028
2019	-6.25432
2020	-2.16416
2021	-0.31861
2022	-2.57646
2023	0.0670425
2024	-2.9831
2025	-5.62984
2026	-2.23718
2027	-4.39642
2028	-4.37917
2029	-4.83214
2030	-5.7459
2031	-5.8862
2032	-6.74126
2033	-9.0442
2034	-8.23243
2035	-7.92909
2036	-4.9578
2037	-3.11528
2038	-3.09848
2039	-1.86841
2040	-6.58421
2041	-5.00996
2042	-6.47125
2043	-6.23741
2044	-4.97614
2045	-0.838931
2046	-3.90707
2047	-3.14177
2048	-3.90568
2049	-4.5693
2050	-2.81496
2051	-2.51737
2052	0.172281
2053	-1.10027
2054	-0.371106
2055	-0.65968
2056	-1.20721
2057	-1.26168
2058	-1.39459
2059	-3.9568
2060	-4.45521
2061	-0.961798
2062	-0.774443
2063	-1.30622
2064	-3.20938
2065	-0.0770308
2066	-2.37496
2067	-4.66541
2068	-0.412641
2069	-1.43506
2070	-0.735677
2071	0.526046
2072	0.395725
2073	-4.14393
2074	-2.70234
2075	-0.451236
2076	-5.88186
2077	-5.30572
2078	-1.22719
2079	-2.01976
2080	-5.3219
2081	-6.03359
2082	-8.14171
2083	-8.5349
2084	-5.38711
2085	-2.56141
2086	0.674406
2087	-1.15117
2088	-5.97583
2089	-6.6952
2090	-7.021
2091	-4.74566
2092	-3.51011
2093	-3.08597
2094	-3.33276
2095	-2.33011
2096	-4.96049
2097	-4.57501
2098	-7.32549
2099	-3.49321
2100	0.44583
2101	-2.05764
2102	-1.35291
2103	-1.97738
2104	-1.07082
2105	-4.13229
2106	-5.02839
2107	-1.87096
2108	-1.98914
2109	-2.72556
2110	-1.62541
2111	-3.2329
2112	-4.94344
2113	1.25374
2114	-6.124
2115	-7.51439
2116	-2.90727
2117	0.0297128
2118	-4.15994
2119	-2.75736
2120	-3.2338
2121	-4.46298
2122	-1.97979
2123	-6.16262
2124	-1.91646
2125	-2.3783
2126	-2.481
2127	-1.85642
2128	-5.73895
2129	-6.66187
2130	-9.60808
2131	-6.61459
2132	-4.03476
2133	-2.29709
2134	-1.11161
2135	-2.83107
2136	-7.71084
2137	-5.83748
2138	-7.74293
2139	-5.98401
2140	-3.21628
2141	-2.78235
2142	-6.09219
2143	-2.73155
2144	-4.34431
2145	-1.02378
2146	-4.24886
2147	-4.24154
2148	-1.65134
2149	-1.28502
2150	-2.3874
2151	-2.95874
2152	-5.14788
2153	-3.61243
2154	-3.4956
2155	-3.23562
2156	-2.29148
2157	-0.759967
2158	-3.13976
2159	-3.21742
2160	-3.44588
2161	-5.63112
2162	-5.84497
2163	-6.61885
2164	-3.07624
2165	-2.58873
2166	1.47661
2167	-1.28414
2168	-7.8807
2169	-5.83372
2170	-4.329
2171	-3.11606
2172	-4.96226
2173	-3.39949
2174	-3.10658
2175	-0.660544
2176	-8.17636
2177	-8.13469
2178	-5.92778
2179	-5.71823
2180	-1.94
2181	-4.41455
2182	-4.20038
2183	-0.87506
2184	-6.22188
2185	-5.99318
2186	-7.73411
2187	-6.81828
2188	-4.36766
2189	-4.27974
2190	-1.17904
2191	-2.2552
2192	-4.19673
2193	-3.85131
2194	-2.58598
2195	-3.86931
2196	-3.51001
2197	-1.89483
2198	5.51403
2199	6.75386
2200	-1.68853
2201	-5.12899
2202	-4.45174
2203	-5.21795
2204	-2.43882
2205	-1.15112
2206	-2.56994
2207	-1.88872
2208	-6.86725
2209	-6.67583
2210	-4.90597
2211	-3.73346
2212	-2.19731
2213	-2.22131
2214	-3.00122
2215	-1.24782
2216	-5.55023
2217	-5.92411
2218	-2.0071
2219	-2.93434
2220	-3.13022
2221	-7.1711
2222	-1.01404
2223	-1.10649
2224	-7.68739
2225	-9.92386
2226	-6.32386
2227	-8.75483
2228	-5.32385
2229	-5.96874
2230	-0.265189
2231	-4.02243
2232	-5.41813
2233	-3.01281
2234	-7.67024
2235	-7.70597
2236	-3.01709
2237	-4.02153
2238	-3.01735
2239	-4.09709
2240	0
2241	0
2242	0
2243	0
2244	0
2245	0
2246	0
2247	0
2248	0
2249	0
2250	0
2251	0
2252	0
2253	0
2254	0
2255	0
2256	0
2257	0
2258	0
2259	0
2260	0
2261	0
2262	0
2263	0
2264	0
2265	0
2266	0
2267	0
2268	0
2269	0
2270	0
2271	0
2272	0
2273	0
2274	0
2275	0
2276	0
2277	0
2278	0
2279	0
2280	0
2281	0
2282	0
2283	0
2284	0
2285	0
2286	0
2287	0
2288	0
2289	0
2290	0
2291	0
2292	0
2293	0
2294	0
2295	0
2296	0
2297	0
2298	0
2299	0
2300	0
2301	0
2302	0
2303	0
2304	0
2305	0
2306	0
2307	0
2308	0
2309	0
2310	0
2311	0
2312	0
2313	0
2314	0
2315	0
2316	0
2317	0
2318	0
2319	0
2320	0
2321	0
2322	0
2323	0
2324	0
2325	0
2326	0
2327	0
2328	0
2329	0
2330	0
2331	0
2332	0
2333	0
2334	0
2335	0
2336	0
2337	0
2338	0
2339	0
2340	0
2341	0
2342	0
2343	0
2344	0
2345	0
2346	0
2347	0
2348	0
2349	0
2350	0
2351	0
2352	0
2353	0
2354	0
2355	0
2356	0
2357	0
2358	0
2359	0
2360	29.7078
2361	24.4478
2362	30.2517
2363	30.3925
2364	26.9511
2365	30.1775
2366	27.3416
2367	30.1738
2368	30.5419
2369	28.4298
2370	25.8312
2371	24.8172
2372	25.8914
2373	25.3015
2374	31.4507
2375	31.4483
2376	32.5391
2377	25.7269
2378	29.7134
2379	32.6903
2380	28.1747
2381	30.1895
2382	31.0471
2383	28.568
2384	36.1461
2385	31.0827
2386	32.5585
2387	24.9152
2388	30.0618
2389	30.4191
2390	27.9745
2391	29.9686
2392	34.3436
2393	35.5826
2394	31.6089
2395	35.9799
2396	29.7976
2397	25.5774
2398	30.4944
2399	24.6583
2400	18.4265
2401	26.4777
2402	33.9569
2403	34.1915
2404	32.0163
2405	34.1592
2406	29.6225
2407	28.616
2408	24.0872
2409	24.7491
2410	24.2306
2411	24.7174
2412	27.3416
2413	26.9622
2414	35.2147
2415	30.2801
2416	30.2729
2417	34.8387
2418	33.5053
2419	30.6146
2420	33.4209
2421	31.232
2422	29.6066
2423	30.9024
2424	38.2762
2425	33.093
2426	33.1455
2427	33.0736
2428	30.3871
2429	35.5401
2430	33.8363
2431	27.5199
2432	34.9214
2433	30.3508
2434	27.8427
2435	30.8317
2436	32.6156
2437	34.3378
2438	30.7333
2439	33.0217
2440	32.0312
2441	36.0048
2442	31.8316
2443	30.0198
2444	29.2812
2445	25.4178
2446	32.0613
2447	26.485
2448	31.1912
2449	34.6641
2450	24.1578
2451	35.3697
2452	32.4228
2453	34.2715
2454	28.8238
2455	0
2456	35.771
2457	30.3471
2458	29.3631
2459	30.9221
2460	30.1554
2461	33.5642
2462	35.127
2463	33.511
2464	34.6254
2465	35.8621
2466	31.715
2467	27.778
2468	28.8674
2469	34.1947
2470	27.5801
2471	27.4549
2472	32.2515
2473	35.7452
2474	35.5799
2475	31.8876
2476	31.8688
2477	31.7845
2478	34.8454
2479	31.1562
2480	33.2815
2481	33.4792
2482	33.87
2483	30.6687
2484	31.9585
2485	36.7452
2486	35.4512
2487	37.7979
2488	36.7595
2489	37.25
2490	32.2406
2491	27.8079
2492	36.0528
2493	33.4642
2494	28.8128
2495	30.2185
2496	33.5694
2497	31.6748
2498	38.2767
2499	36.0502
2500	36.8863
2501	36.7565
2502	33.1458
2503	34.5131
2504	34.2362
2505	32.4142
2506	28.2475
2507	34.4591
2508	33.0592
2509	38.1554
2510	34.6192
2511	35.7149
2512	36.5264
2513	36.1576
2514	31.5528
2515	35.389
2516	34.2352
2517	30.1016
2518	31.5964
2519	29.2878
2520	33.3339
2521	31.311
2522	35.7389
2523	34.3551
2524	38.4948
2525	35.8466
2526	31.9829
2527	33.6534
2528	33.4703
2529	29.9022
2530	32.2934
2531	32.3029
2532	36.328
2533	33.5427
2534	36.6397
2535	35.447
2536	33.9446
2537	34.1084
2538	33.5394
2539	25.2082
2540	33.7752
2541	31.1897
2542	31.9199
2543	29.1309
2544	25.8889
2545	27.9089
2546	29.2629
2547	33.9013
2548	31.5895
2549	34.0574
2550	26.8187
2551	36.8375
2552	31.5735
2553	30.0831
2554	30.1932
2555	26.5615
2556	29.5139
2557	30.3882
2558	31.6428
2559	32.8918
2560	30.5911
2561	30.3637
2562	31.6545
2563	35.7146
2564	28.6969
2565	27.9642
2566	27.9878
2567	28.7841
2568	30.4982
2569	31.2915
2570	29.7058
2571	29.1068
2572	27.4193
2573	29.5518
2574	27.3135
2575	29.8389
2576	29.4686
2577	26.6858
2578	33.5103
2579	29.1104
2580	31.5519
2581	24.3484
2582	29.3293
2583	24.8855
2584	29.6522
2585	30.0881
2586	26.803
2587	25.9943
2588	27.2551
2589	30.0374
2590	27.6322
2591	27.6621
2592	32.761
2593	31.5346
2594	28.0759
2595	30.7513
2596	0
2597	0
2598	0
2599	0
2600	0
2601	0
2602	0
2603	0
2604	0
2605	0
2606	0
2607	0
2608	0
2609	0
2610	0
2611	0
2612	0
2613	0
2614	0
2615	0
2616	0
2617	0
2618	0
2619	0
2620	0
2621	0
2622	0
2623	0
2624	0
2625	0
2626	0
2627	0
2628	0
2629	0
2630	0
2631	0
2632	0
2633	0
2634	0
2635	0
2636	0
2637	0
2638	0
2639	0
2640	0
2641	0
2642	0
2643	0
2644	0
2645	0
2646	0
2647	0
2648	0
2649	0
2650	0
2651	0
2652	0
2653	0
2654	0
2655	0
2656	0
2657	0
2658	0
2659	0
2660	0
2661	0
2662	0
2663	0
2664	0
2665	0
2666	0
2667	0
2668	0
2669	0
2670	0
2671	0
2672	0
2673	0
2674	0
2675	0
2676	0
2677	0
2678	0
2679	0
2680	0
2681	0
2682	0
2683	0
2684	0
2685	0
2686	0
2687	0
2688	0
2689	0
2690	0
2691	0
2692	0
2693	0
2694	0
2695	0
2696	0
2697	0
2698	0
2699	0
2700	0
2701	0
2702	0
2703	0
2704	0
2705	0
2706	0
2707	0
2708	0
2709	0
2710	0
2711	0
2712	0
2713	0
2714	0
2715	0
