0	-1.38922
1	-0.141073
2	-2.94292
3	-2.77311
4	-1.92156
5	-1.45018
6	-5.28202
7	-1.34532
8	-2.23083
9	-6.82923
10	-2.91084
11	-7.59123
12	-2.62335
13	-1.0691
14	-0.807031
15	-2.52461
16	0.806552
17	-3.14344
18	-3.91533
19	-1.48418
20	0.593006
21	-4.11722
22	-1.9877
23	-0.00307298
24	-4.28642
25	-5.03153
26	-3.74598
27	-5.31931
28	-3.10584
29	-5.73867
30	-3.55784
31	-3.43045
32	-10.3591
33	-8.68577
34	-6.70485
35	-7.66417
36	-5.79161
37	-5.45034
38	-5.68173
39	-2.74819
40	-6.82473
41	-5.60766
42	-5.43533
43	-7.62137
44	-12.0944
45	-6.90903
46	-4.55667
47	-5.59
48	1.71369
49	0.67041
50	-3.84179
51	-2.42685
52	1.53463
53	-1.53537
54	-0.0128809
55	-0.789601
56	-0.503833
57	-1.43784
58	-2.57959
59	0.509161
60	2.49426
61	-0.291999
62	0.503914
63	-1.82971
64	-1.55998
65	-1.74501
66	-1.56611
67	-1.13843
68	1.18215
69	-1.56189
70	-2.76517
71	-1.06107
72	-2.03075
73	-4.45474
74	-6.02181
75	-4.73116
76	-2.73469
77	-3.23723
78	-3.21735
79	-4.0207
80	-7.11131
81	-6.97799
82	-6.37526
83	-6.68596
84	-4.68526
85	-2.54885
86	-3.07
87	-3.08563
88	-4.78143
89	-5.3537
90	-4.74685
91	-4.82558
92	-8.41896
93	-7.77494
94	-6.43402
95	-9.43174
96	6.18353
97	4.50463
98	-0.738312
99	-0.394748
100	1.4271
101	1.11698
102	0.583144
103	1.51631
104	-0.778673
105	-2.7699
106	1.10612
107	-0.662003
108	1.28649
109	1.08376
110	1.98068
111	2.02934
112	-2.80233
113	-2.78031
114	-3.14196
115	-0.936686
116	-1.60916
117	-1.74997
118	-3.33522
119	-1.08913
120	-5.25594
121	-4.58007
122	-6.28732
123	-4.62043
124	-1.89865
125	-3.51806
126	-3.78304
127	-1.85033
128	-6.04885
129	-3.19642
130	-4.78872
131	-3.12104
132	-0.922203
133	-3.10803
134	-0.739918
135	2.03027
136	-3.28861
137	-4.40278
138	-4.0613
139	-2.43226
140	-5.35802
141	-7.64885
142	-6.03254
143	-8.13871
144	2.64135
145	1.18718
146	-2.65045
147	-1.49113
148	0.736778
149	1.06884
150	1.21531
151	0.995219
152	-4.58911
153	-1.44909
154	-0.725403
155	0.651014
156	0.793877
157	3.51658
158	1.42561
159	1.29571
160	1.70094
161	1.29294
162	-0.257778
163	-2.38071
164	-0.109515
165	-1.29406
166	-3.74753
167	-1.87981
168	-1.71226
169	-4.31256
170	-8.16033
171	-7.70012
172	-2.22721
173	-2.72449
174	-0.769562
175	-4.73975
176	-2.86644
177	-4.78108
178	-1.96429
179	-4.01473
180	-0.714921
181	0.0365827
182	-3.26718
183	-2.07508
184	0.486131
185	-4.43897
186	-3.72681
187	0.529318
188	-6.74417
189	-3.18953
190	-5.96432
191	-8.92477
192	4.17011
193	3.96671
194	-1.58396
195	-0.899931
196	0.378307
197	0.336013
198	-0.77444
199	2.05737
200	-1.01326
201	0.826915
202	-0.707136
203	-3.48468
204	1.73713
205	0.271723
206	0.127328
207	2.43226
208	0.443638
209	-0.838449
210	-20.872
211	0.276659
212	0.225312
213	-1.31988
214	-4.32402
215	-3.17226
216	-4.38036
217	-4.69045
218	-2.46377
219	-4.91253
220	-1.80841
221	-5.2056
222	-1.85126
223	-0.424174
224	-4.03683
225	-3.12881
226	-6.49964
227	-4.05901
228	-2.47838
229	-1.18488
230	-2.9502
231	-2.7172
232	-0.175474
233	-2.13391
234	-1.9871
235	0.660272
236	-6.31429
237	-5.15832
238	-8.23972
239	-10.5354
240	2.26916
241	4.69442
242	-0.387626
243	-1.42418
244	-0.847441
245	-1.95106
246	0.38916
247	-0.159649
248	1.91113
249	-0.689759
250	-0.288373
251	-0.205126
252	2.26071
253	1.26587
254	2.42505
255	-0.350001
256	0.236036
257	0.841825
258	-0.594128
259	-1.28584
260	0.790238
261	-2.462
262	-5.82818
263	-4.012
264	-3.18233
265	-2.86828
266	-4.01782
267	-7.52746
268	-0.482679
269	-1.39801
270	-2.53945
271	-1.564
272	-4.63583
273	-2.50706
274	-0.461935
275	-1.62565
276	-0.790919
277	-1.98706
278	-0.678157
279	-0.962616
280	0.146046
281	0.583242
282	-0.458836
283	-0.144173
284	-4.58758
285	-0.401986
286	-9.12085
287	-6.81311
288	4.65231
289	3.46647
290	0.0685498
291	-0.168192
292	-0.984756
293	1.35957
294	-1.59989
295	3.52217
296	-0.650462
297	0.506807
298	-1.78879
299	-1.10583
300	0.794307
301	4.12878
302	2.31048
303	1.03074
304	1.28944
305	-0.237851
306	-3.20455
307	-0.546707
308	-5.7217
309	-10.1125
310	-7.56009
311	-8.81777
312	-3.61935
313	-3.63046
314	-3.57141
315	-3.42845
316	-1.75526
317	1.96597
318	-2.84705
319	-0.457122
320	-4.68202
321	-5.95965
322	-7.43292
323	-6.00353
324	-5.03016
325	-1.78941
326	-3.46267
327	-7.23499
328	-2.83493
329	-5.89435
330	-5.58631
331	-1.50615
332	-8.86665
333	-7.92141
334	-3.31585
335	-4.72136
336	5.45352
337	3.7356
338	0.746046
339	2.6898
340	2.84391
341	0.137183
342	2.62335
343	2.2411
344	-0.984718
345	-0.272
346	1.31265
347	-0.318989
348	2.56155
349	0.127447
350	2.6264
351	1.60235
352	-1.01603
353	0.610754
354	1.85694
355	0.530113
356	-2.94703
357	-4.55164
358	-5.85606
359	-10.0045
360	-0.569364
361	-5.1265
362	-3.25552
363	-0.505264
364	-3.12771
365	-1.89343
366	-2.54031
367	-2.19408
368	-3.80016
369	-4.06938
370	-2.04427
371	-5.92709
372	0.467174
373	1.36964
374	-0.933475
375	3.66123
376	-1.32643
377	2.0538
378	-0.516865
379	-1.26455
380	-3.81084
381	-6.02492
382	-8.2431
383	-7.34473
384	-2.0721
385	-2.99403
386	4.34885
387	0.624777
388	-4.25689
389	-5.4194
390	-6.46337
391	-4.24937
392	1.52604
393	2.08516
394	-0.410839
395	0.813019
396	-5.85587
397	-3.90444
398	-5.48996
399	-2.55583
400	-0.58461
401	-1.36555
402	2.26374
403	-1.47922
404	-5.91297
405	-6.59607
406	-7.60168
407	-7.94853
408	0.929311
409	-3.14848
410	0.190588
411	-3.61138
412	-6.37913
413	-8.00652
414	-4.92086
415	-8.02342
416	-3.12755
417	-4.13324
418	-3.38112
419	-2.68776
420	-6.02739
421	-8.03521
422	-7.07798
423	-4.50553
424	-12.594
425	-13.1893
426	-12.7887
427	-12.9616
428	-10.7525
429	-9.1171
430	-14.5523
431	-13.3446
432	-3.79808
433	-3.42766
434	1.22719
435	-1.20814
436	-3.56411
437	-7.22326
438	-2.69938
439	-5.72451
440	1.32219
441	0.243372
442	0.164985
443	1.81122
444	-0.71939
445	-3.83897
446	-3.04426
447	-4.38007
448	1.029
449	-0.747478
450	2.24116
451	-2.51141
452	-0.713174
453	-7.04991
454	-8.64392
455	-7.942
456	-1.03306
457	-1.68137
458	-3.51279
459	-3.41943
460	-6.38336
461	-5.91593
462	-5.11362
463	-8.56744
464	-3.30016
465	-3.2045
466	-5.8278
467	-4.00267
468	-5.21084
469	-4.97686
470	-7.33968
471	-5.01535
472	-11.876
473	-13.8646
474	-13.5109
475	-12.9519
476	-13.764
477	-13.0647
478	-13.4436
479	-13.1026
480	3.93543
481	1.1658
482	0.26855
483	2.06266
484	-6.07401
485	-4.33163
486	-4.40718
487	-4.63969
488	1.97453
489	2.38987
490	1.14556
491	-0.167495
492	-2.97128
493	-2.42205
494	-1.96876
495	-4.26641
496	0.670745
497	1.02207
498	-0.224812
499	0.0392612
500	-1.12931
501	-7.13886
502	-7.129
503	-6.57638
504	-1.01789
505	-0.908899
506	-4.2045
507	-1.50576
508	-6.22031
509	-8.40944
510	-6.28002
511	-5.80249
512	-3.36084
513	-4.76455
514	0.236646
515	-3.69559
516	-4.98952
517	-6.32766
518	-6.7642
519	-5.90779
520	-11.8981
521	-14.4868
522	-9.42389
523	-10.9424
524	-10.4087
525	-11.6995
526	-11.2732
527	-8.9283
528	2.82349
529	1.83846
530	-1.92418
531	-1.89287
532	-3.17573
533	-2.03693
534	-3.78061
535	-5.78976
536	-1.45319
537	-1.26778
538	1.02284
539	-0.2696
540	-5.77795
541	-5.97447
542	-7.03733
543	-2.09085
544	3.21088
545	2.28704
546	-2.7004
547	-0.451912
548	-5.56607
549	-7.5527
550	-9.07526
551	-9.73924
552	-0.574472
553	1.37003
554	-0.541219
555	0.854518
556	-5.59895
557	-5.65074
558	-5.09495
559	-5.42857
560	-3.79299
561	-0.722268
562	-2.26466
563	-0.151298
564	-6.474
565	-4.06814
566	-6.53158
567	-5.52931
568	-11.3855
569	-11.8755
570	-10.5587
571	-10.8433
572	-6.68635
573	-6.764
574	-11.3081
575	-11.8396
576	0.408858
577	0.384311
578	2.299
579	2.14815
580	-3.24757
581	-2.45994
582	-2.18879
583	-1.52638
584	2.1898
585	1.17206
586	1.99638
587	0.671399
588	-5.93212
589	-4.46397
590	-0.634312
591	-3.15016
592	2.3304
593	-1.94447
594	0.784084
595	0.800361
596	-3.96706
597	-6.97796
598	-5.76467
599	-6.25764
600	1.10063
601	-0.85378
602	-0.0790405
603	1.00098
604	-6.62947
605	-3.96138
606	-4.91147
607	-5.55529
608	-2.45045
609	-4.203
610	-1.81285
611	-1.28462
612	-5.20539
613	-6.22437
614	-5.84367
615	-5.4455
616	-10.9766
617	-12.0083
618	-10.2055
619	-9.33871
620	-11.0825
621	-9.42603
622	-13.3434
623	-11.7618
624	2.35395
625	2.66201
626	3.94204
627	1.98566
628	-1.73063
629	-0.339729
630	-1.55825
631	-4.57959
632	2.7089
633	4.02297
634	0.365499
635	0.511518
636	-2.39826
637	-0.00284001
638	-2.03328
639	-0.109971
640	2.34149
641	1.48735
642	1.78948
643	1.70855
644	-0.790673
645	-5.45542
646	-4.6126
647	1.85284
648	-9.64286
649	-8.83188
650	-10.8707
651	-11.6919
652	-6.17602
653	-8.37576
654	-5.14188
655	-5.41776
656	-2.91189
657	-2.54015
658	-2.49726
659	-3.97693
660	-6.8792
661	-4.99409
662	-6.40794
663	-5.18227
664	-10.6744
665	-8.28441
666	-9.45175
667	-9.80655
668	-9.90987
669	-10.2833
670	-8.33126
671	-7.86761
672	3.20627
673	1.55095
674	1.28127
675	1.3566
676	-1.51569
677	-3.84262
678	-2.12266
679	-4.39827
680	2.12986
681	3.88651
682	4.43695
683	2.8791
684	-4.95167
685	-5.53494
686	-3.28302
687	-6.21243
688	2.94683
689	-1.65295
690	0.387345
691	1.22544
692	0.0328167
693	-2.77296
694	3.21706
695	-6.89975
696	-8.48193
697	-9.25735
698	-10.2291
699	-8.71433
700	-6.73507
701	-4.37655
702	-6.61316
703	-4.72316
704	-2.61544
705	-3.96581
706	0.269797
707	-1.47251
708	-6.58671
709	-4.27332
710	-3.83168
711	-6.29979
712	-11.8675
713	-8.24172
714	-10.6764
715	-11.7119
716	-8.50152
717	-8.24958
718	-11.2499
719	-10.9924
720	-3.66158
721	-4.34192
722	1.13347
723	2.65884
724	-2.6091
725	-3.18862
726	-3.88296
727	-2.77409
728	2.99023
729	1.61857
730	0.138604
731	2.78579
732	-5.2637
733	-7.14665
734	-5.73973
735	-4.3722
736	1.05369
737	0.82463
738	-2.49182
739	-2.88738
740	-2.01642
741	-2.08439
742	-4.62725
743	3.52199
744	-7.33355
745	-6.58404
746	-10.1655
747	-8.00755
748	-3.35138
749	-3.99873
750	-6.27286
751	-3.83322
752	-3.17607
753	-2.9851
754	-5.10756
755	-1.23882
756	-7.27684
757	-5.77328
758	-10.2199
759	-9.44823
760	-11.9223
761	-8.62252
762	-10.0144
763	-10.9987
764	-7.17408
765	-10.2418
766	-7.51679
767	-10.665
768	-3.11383
769	-4.97838
770	-3.23671
771	-4.28887
772	-2.38655
773	-0.858635
774	-3.29332
775	-0.656935
776	-4.93236
777	-3.23186
778	-6.12569
779	-4.04185
780	-3.99518
781	-1.30344
782	-4.78478
783	-6.20144
784	-4.87727
785	-6.28772
786	-3.07436
787	-2.8504
788	-1.19605
789	-3.42571
790	-3.18096
791	-4.51269
792	-8.89353
793	-8.57055
794	-9.05863
795	-10.8879
796	-5.36426
797	-4.44336
798	-8.43409
799	-6.24358
800	-8.11353
801	-8.52284
802	-9.41303
803	-8.11906
804	-9.63625
805	-9.1792
806	-7.12724
807	-5.10505
808	-13.8696
809	-12.2733
810	-9.41772
811	-9.01246
812	-13.4384
813	-14.3012
814	-18.1136
815	-13.3638
816	-5.50895
817	-3.02543
818	-5.78338
819	-4.21524
820	-1.55799
821	-1.58918
822	-1.46639
823	-1.72253
824	-6.45124
825	-4.77224
826	-4.98317
827	-7.11481
828	-2.44028
829	-3.70919
830	-3.7749
831	-4.12953
832	-1.02722
833	-6.7954
834	-3.82733
835	-5.33679
836	-2.92328
837	-3.69126
838	-5.39323
839	-4.03275
840	-6.49125
841	-7.03763
842	-10.8094
843	-8.18977
844	-5.14571
845	-4.21436
846	-6.08766
847	-8.3105
848	-8.01835
849	-7.58588
850	-7.89012
851	-6.85992
852	-2.1345
853	-7.80248
854	-6.88389
855	-5.30391
856	-12.4517
857	-11.7475
858	-8.67385
859	-10.0743
860	-22.2815
861	-15.6109
862	-15.4313
863	-13.4037
864	-4.03294
865	-4.18979
866	-3.90586
867	-2.57595
868	-2.35713
869	-4.14665
870	-1.35927
871	-1.7287
872	-5.12432
873	-6.44263
874	-5.43895
875	-5.49691
876	-7.05494
877	-2.09801
878	-5.91802
879	-5.70479
880	-4.14763
881	-7.60855
882	-1.98599
883	-5.68048
884	-3.93961
885	-5.51911
886	-5.40448
887	-2.67502
888	-6.25446
889	-7.44508
890	-12.2897
891	-11.0503
892	-6.30524
893	-7.52175
894	-5.56029
895	-10.3298
896	-9.02967
897	-8.86512
898	-8.51839
899	-6.52257
900	-5.01714
901	-5.95795
902	-5.29457
903	-5.47233
904	-12.2845
905	-12.3987
906	-9.74273
907	-9.57259
908	-11.3501
909	-12.5384
910	-16.2198
911	-15.1383
912	-2.99805
913	-2.77384
914	-5.16385
915	-3.04877
916	-0.619683
917	-2.12971
918	-1.52503
919	-1.03705
920	-5.08302
921	-4.00336
922	-2.53966
923	-0.917937
924	-0.596951
925	-1.47445
926	-0.894745
927	-0.933636
928	0.270223
929	-2.81915
930	-3.4977
931	-7.12885
932	-4.18905
933	-3.63642
934	-2.47718
935	-4.84373
936	-6.81718
937	-5.4806
938	-8.98816
939	-9.16184
940	-5.55554
941	-5.51412
942	-7.01691
943	-4.32508
944	-7.91584
945	-5.71481
946	-5.53758
947	-5.91403
948	-4.83504
949	-5.4441
950	-4.0099
951	-5.60789
952	-10.0371
953	-11.2589
954	-8.55303
955	-6.8428
956	-11.5302
957	-13.8736
958	-13.3498
959	-13.5975
960	-4.10255
961	-5.45767
962	-3.81185
963	-3.77335
964	-0.320768
965	0.157016
966	-3.69198
967	-2.2316
968	-2.05618
969	-2.1099
970	-2.45986
971	-4.00843
972	-7.05817
973	-2.34957
974	-4.44853
975	-5.13091
976	-4.052
977	-5.36916
978	-5.9692
979	-6.05355
980	-3.55974
981	-6.59784
982	-6.46387
983	-4.47399
984	-9.06748
985	-7.86757
986	-5.20754
987	-7.25306
988	-3.38852
989	-1.84373
990	-5.84684
991	-5.20232
992	-11.6329
993	-11.4274
994	-7.5479
995	-9.13319
996	-9.18487
997	-11.5474
998	-12.3342
999	-14.1743
1000	-3.98325
1001	-1.59471
1002	-0.145928
1003	-1.52875
1004	-1.47364
1005	0.997054
1006	0.472058
1007	1.91889
1008	-1.89838
1009	-2.61686
1010	-1.14976
1011	-2.18689
1012	0.764797
1013	-1.67424
1014	-3.21805
1015	-6.01246
1016	-1.82319
1017	-2.3393
1018	-3.80651
1019	-2.98639
1020	-1.71808
1021	-3.40411
1022	-4.80257
1023	-3.39561
1024	-5.6112
1025	-5.64942
1026	-7.16077
1027	-6.1478
1028	-5.56147
1029	-4.52706
1030	-2.31669
1031	-5.66656
1032	-11.9231
1033	-11.0663
1034	-9.25574
1035	-6.19584
1036	-10.4342
1037	-12.4583
1038	-14.1536
1039	-15.2686
1040	-1.78571
1041	-2.48418
1042	0.000271181
1043	-1.74968
1044	-5.29738
1045	-5.33995
1046	-1.07356
1047	-0.181283
1048	-2.69824
1049	-3.01721
1050	-2.61333
1051	-2.30309
1052	-2.84311
1053	-0.127478
1054	-1.40488
1055	0.523123
1056	-2.26873
1057	-5.12421
1058	-0.992285
1059	-3.68377
1060	-1.83297
1061	-4.7611
1062	-5.69866
1063	-4.21189
1064	-6.79343
1065	-6.19352
1066	-4.11678
1067	-6.78995
1068	-3.95527
1069	-5.26616
1070	-5.93842
1071	-4.54417
1072	-10.4057
1073	-9.37467
1074	-9.51193
1075	-6.73818
1076	-9.89784
1077	-8.81
1078	-13.1378
1079	-11.8605
1080	1.76981
1081	0.272062
1082	-2.26873
1083	-1.63585
1084	2.21289
1085	-0.630648
1086	-3.07517
1087	-0.179418
1088	-3.54873
1089	-2.75568
1090	-2.86814
1091	-1.74405
1092	-0.728199
1093	0.378669
1094	-2.1034
1095	-1.55686
1096	-2.35078
1097	-3.70038
1098	-3.32476
1099	-5.70226
1100	-2.6481
1101	-4.69812
1102	-7.35081
1103	-3.78873
1104	-9.4255
1105	-7.786
1106	-4.16041
1107	-7.01631
1108	-4.96075
1109	-3.4142
1110	-4.36877
1111	-7.05634
1112	-11.0234
1113	-10.4465
1114	-7.17265
1115	-7.63932
1116	-7.19314
1117	-10.2596
1118	-14.0787
1119	-12.9231
1120	1.00928
1121	1.01332
1122	2.63893
1123	-0.229805
1124	5.05378
1125	3.68386
1126	-0.581478
1127	-1.27062
1128	-3.36703
1129	-0.734689
1130	-2.92626
1131	-2.39039
1132	1.36654
1133	1.92815
1134	2.84912
1135	0.237233
1136	-0.73999
1137	-1.15682
1138	-2.33835
1139	-3.32524
1140	-2.74329
1141	-2.14926
1142	-1.23286
1143	-2.27137
1144	-3.59329
1145	-5.71083
1146	-5.26695
1147	-2.81959
1148	0.560063
1149	-2.3612
1150	-4.88569
1151	-4.70581
1152	-3.70378
1153	-7.44385
1154	-2.8912
1155	-1.27887
1156	-3.21593
1157	-5.76637
1158	1.98561
1159	0.189159
1160	0.905328
1161	1.29207
1162	-0.828583
1163	-1.39157
1164	1.07254
1165	-0.183375
1166	-1.00032
1167	-1.23032
1168	-1.52165
1169	-2.97247
1170	-1.49983
1171	-3.18324
1172	1.27879
1173	2.78916
1174	3.61522
1175	2.98037
1176	-1.36576
1177	-0.637262
1178	-0.793731
1179	-2.75948
1180	1.13355
1181	-2.93502
1182	-4.84297
1183	-3.6247
1184	-3.54282
1185	-5.38276
1186	-4.41834
1187	-4.24861
1188	-2.45054
1189	-1.1933
1190	1.73705
1191	-1.47877
1192	-2.51351
1193	-3.37608
1194	-5.33239
1195	-2.23078
1196	2.1609
1197	-0.636147
1198	-1.13533
1199	1.44173
1200	-1.21084
1201	0.219772
1202	-1.93348
1203	-0.0307657
1204	3.32222
1205	1.5217
1206	-1.09834
1207	-1.18771
1208	-1.24376
1209	-2.17775
1210	-3.61291
1211	-2.49661
1212	-1.33118
1213	1.50132
1214	1.15258
1215	0.18776
1216	-0.698539
1217	-1.21615
1218	-3.79998
1219	-3.40638
1220	-4.2356
1221	-7.81806
1222	-2.31861
1223	-2.47326
1224	-3.58184
1225	-5.78042
1226	-6.30458
1227	-3.88305
1228	-1.35535
1229	-0.786886
1230	-1.04318
1231	0.0771429
1232	-4.36399
1233	-3.90791
1234	-0.514721
1235	-3.74418
1236	-1.44943
1237	0.023446
1238	1.38135
1239	0.522493
1240	-1.7729
1241	-1.06559
1242	-0.432658
1243	-3.34045
1244	1.82685
1245	-0.311188
1246	0.496383
1247	-0.469664
1248	-3.43391
1249	-0.731715
1250	-2.27723
1251	-2.95822
1252	-0.247559
1253	1.77151
1254	-0.0174603
1255	-0.252836
1256	-0.953616
1257	-0.602937
1258	1.03764
1259	-2.36172
1260	-2.52656
1261	-3.14096
1262	-3.43295
1263	-7.83989
1264	-4.49781
1265	-6.19437
1266	-4.94236
1267	-5.50037
1268	-2.92246
1269	-1.8945
1270	-4.27513
1271	-3.12767
1272	-4.0311
1273	-3.34051
1274	-2.53979
1275	-3.60591
1276	-1.07887
1277	-2.62023
1278	-0.352712
1279	-0.57349
1280	-0.353192
1281	0.563741
1282	1.58822
1283	-2.98375
1284	3.2192
1285	3.27163
1286	2.19453
1287	1.81672
1288	-1.21861
1289	-1.81038
1290	-5.69467
1291	-2.0778
1292	2.02107
1293	2.66738
1294	-0.514787
1295	2.18229
1296	-0.513587
1297	-0.334084
1298	-5.37613
1299	-4.45496
1300	1.69771
1301	1.52624
1302	-1.02612
1303	-0.704024
1304	-2.24175
1305	-0.0967117
1306	-2.08322
1307	-3.49583
1308	-4.01497
1309	-4.71635
1310	-3.51785
1311	-4.80715
1312	-5.29602
1313	-2.17128
1314	-4.80336
1315	-7.4571
1316	-1.76139
1317	-2.45506
1318	-0.715096
1319	-5.14268
1320	-3.66723
1321	-3.52153
1322	-4.56998
1323	-2.96188
1324	-0.86798
1325	-1.73385
1326	0.874309
1327	1.22145
1328	-2.29883
1329	-2.01858
1330	0.271235
1331	-2.07161
1332	1.62264
1333	1.14791
1334	0.119879
1335	-0.40511
1336	-5.83239
1337	-5.40484
1338	5.16713
1339	-4.15477
1340	-1.37751
1341	0.483528
1342	-0.050071
1343	0.613808
1344	-3.91308
1345	-0.612065
1346	-2.03954
1347	-4.07577
1348	1.76763
1349	2.56464
1350	-0.204162
1351	0.747134
1352	-0.973226
1353	-3.33248
1354	-6.15736
1355	-6.29766
1356	-3.17367
1357	-2.39856
1358	-2.51769
1359	-3.65184
1360	-7.30912
1361	-7.28646
1362	-4.68779
1363	-4.47458
1364	-5.40957
1365	-4.41954
1366	-2.47445
1367	-1.36159
1368	-2.27638
1369	-3.50193
1370	-2.70966
1371	-3.66881
1372	-3.23426
1373	-2.45951
1374	-0.53084
1375	-2.27039
1376	-0.437984
1377	-0.0499465
1378	0.397543
1379	-1.48744
1380	-0.379484
1381	0.489529
1382	-1.79457
1383	-2.83665
1384	-4.2537
1385	-3.34787
1386	-2.47276
1387	6.84159
1388	-1.95421
1389	-0.241951
1390	-1.12355
1391	0.0764589
1392	-1.08801
1393	-1.48458
1394	-3.01176
1395	-1.70605
1396	1.62221
1397	1.5239
1398	-0.505642
1399	0.66471
1400	-4.43667
1401	-6.24787
1402	-3.78487
1403	-1.21727
1404	-2.15797
1405	-7.31661
1406	-3.54892
1407	-3.87231
1408	-4.41802
1409	-4.49784
1410	-6.46422
1411	-6.43893
1412	-2.70021
1413	-2.62599
1414	-5.43488
1415	-7.34068
1416	-5.05048
1417	-5.00003
1418	-4.94628
1419	-4.37507
1420	-2.75426
1421	-3.09357
1422	-0.493532
1423	-0.609589
1424	-1.61084
1425	-0.0771118
1426	-3.21454
1427	-3.0516
1428	-0.0479086
1429	0.844101
1430	-0.0259077
1431	-2.40419
1432	-3.13769
1433	-4.70211
1434	5.08041
1435	-10.6866
1436	-2.61647
1437	-0.318847
1438	-0.0943452
1439	-0.569174
1440	-2.8453
1441	-1.60031
1442	-4.70031
1443	-4.99806
1444	0.900048
1445	0.633322
1446	-1.0919
1447	-0.993168
1448	-4.02073
1449	-2.73418
1450	-2.50753
1451	-4.44214
1452	-1.3828
1453	-4.52724
1454	-7.13717
1455	-4.52098
1456	-4.0734
1457	-3.12984
1458	-6.62952
1459	-7.52579
1460	-6.09019
1461	-3.89808
1462	-2.00129
1463	-3.06294
1464	-4.02341
1465	-5.55287
1466	-6.53355
1467	-7.12353
1468	-3.50906
1469	-2.27027
1470	2.31898
1471	-2.04026
1472	-1.17701
1473	0.503446
1474	0.990121
1475	1.27235
1476	-3.77352
1477	-2.6593
1478	-2.57847
1479	-2.43509
1480	-0.833121
1481	-0.640109
1482	0.216271
1483	0.732854
1484	-1.90367
1485	-3.02535
1486	-2.9639
1487	-4.55337
1488	2.19002
1489	2.5642
1490	-1.29637
1491	-0.953344
1492	-1.46512
1493	-0.581563
1494	6.26331
1495	-1.94909
1496	-1.03729
1497	-2.08456
1498	-5.2293
1499	-3.0017
1500	-9.26427
1501	-7.53324
1502	-4.69646
1503	-4.15533
1504	-1.64123
1505	-0.601336
1506	-4.19522
1507	-2.73729
1508	-5.65394
1509	-4.94611
1510	-3.78473
1511	-5.88688
1512	-2.49312
1513	-1.87053
1514	-3.57802
1515	0.0365496
1516	-3.37322
1517	-4.2657
1518	-7.75991
1519	-4.72663
1520	2.35166
1521	1.01433
1522	-0.302818
1523	-0.857121
1524	-8.44861
1525	-3.4941
1526	-1.78664
1527	-3.07018
1528	1.86856
1529	-0.0599163
1530	-0.769113
1531	0.213562
1532	-3.55872
1533	-1.182
1534	-3.97924
1535	-2.47677
1536	1.5307
1537	2.08917
1538	2.47911
1539	0.626377
1540	1.69144
1541	-0.147525
1542	-3.85502
1543	6.59329
1544	-3.53373
1545	-1.68407
1546	-5.68507
1547	-3.83119
1548	-8.17692
1549	-6.05485
1550	-6.55199
1551	-1.38833
1552	-2.42845
1553	-3.14006
1554	-1.61896
1555	-1.35899
1556	-5.97902
1557	-4.93555
1558	-5.9064
1559	-4.27114
1560	-1.16032
1561	-1.72312
1562	-1.00748
1563	-0.937156
1564	-5.93653
1565	-4.31642
1566	-5.12195
1567	-6.20948
1568	1.2068
1569	1.52921
1570	0.839954
1571	1.47182
1572	-3.28256
1573	-2.42033
1574	-2.67056
1575	-3.48637
1576	1.81819
1577	1.59562
1578	1.10799
1579	3.21508
1580	-1.48044
1581	-3.80695
1582	-3.06628
1583	-0.839846
1584	2.30564
1585	3.75407
1586	0.816801
1587	0.532118
1588	0.250134
1589	-2.97001
1590	6.70529
1591	-7.52739
1592	-1.31606
1593	-1.11026
1594	-5.20631
1595	-7.44597
1596	-8.58792
1597	-5.85971
1598	-5.55088
1599	-7.73799
1600	-2.56756
1601	-2.57911
1602	-1.22979
1603	-3.74365
1604	-5.62466
1605	-5.66823
1606	-7.27455
1607	-6.76494
1608	-0.99372
1609	-0.743135
1610	-2.2005
1611	0.122495
1612	-0.966401
1613	-5.44796
1614	-5.80943
1615	-5.01593
1616	1.42296
1617	0.304822
1618	-0.663353
1619	-0.162531
1620	-2.17398
1621	-7.11301
1622	-3.4829
1623	-2.36792
1624	0.102725
1625	0.531862
1626	-1.59299
1627	0.277368
1628	-4.46391
1629	-7.91259
1630	-1.90709
1631	-3.42828
1632	-1.72808
1633	-1.00515
1634	2.42109
1635	-0.983101
1636	-3.37633
1637	-3.51874
1638	-3.20106
1639	-4.2375
1640	3.43018
1641	0.81791
1642	-0.769224
1643	-1.8559
1644	-6.58938
1645	-4.92979
1646	-6.16626
1647	-9.35009
1648	-3.42926
1649	-2.93388
1650	-2.70088
1651	-1.46936
1652	-5.86354
1653	-0.961414
1654	-7.84329
1655	-6.05966
1656	0.0693217
1657	-1.24174
1658	-1.53692
1659	-2.38212
1660	-3.90371
1661	-4.03142
1662	-7.2472
1663	-6.55917
1664	0.157099
1665	-0.872089
1666	0.0454103
1667	-3.00547
1668	-3.73856
1669	-5.26886
1670	-3.47775
1671	-2.14884
1672	2.7604
1673	2.4338
1674	1.9372
1675	2.88305
1676	-2.13669
1677	-2.39027
1678	-3.43979
1679	-2.45548
1680	1.27715
1681	1.78129
1682	-0.697506
1683	-0.313378
1684	-1.18479
1685	-3.12133
1686	-3.92689
1687	-3.65478
1688	-12.0441
1689	2.70998
1690	-1.39671
1691	1.72143
1692	-6.73825
1693	-8.52359
1694	-7.48417
1695	-5.99981
1696	-0.593013
1697	-1.04851
1698	-2.68716
1699	-1.34703
1700	-7.11964
1701	-6.53576
1702	-4.5876
1703	-6.70203
1704	0.699981
1705	-0.349779
1706	0.32666
1707	-1.86472
1708	-5.52739
1709	-3.12995
1710	-5.7767
1711	-5.5156
1712	3.22275
1713	1.40511
1714	1.20755
1715	-0.222076
1716	-5.01277
1717	-3.78007
1718	-1.67918
1719	-4.86212
1720	1.9651
1721	0.531914
1722	1.65151
1723	1.3914
1724	-5.09236
1725	-4.33267
1726	-3.48779
1727	-5.82972
1728	2.30741
1729	0.575196
1730	-0.669506
1731	-0.880761
1732	-3.31955
1733	-3.64175
1734	-1.11007
1735	-3.25207
1736	0.832979
1737	0.877215
1738	1.27934
1739	1.74805
1740	-7.09654
1741	-7.16245
1742	-7.96915
1743	-3.73034
1744	-2.37029
1745	-1.76418
1746	-3.54498
1747	-2.37867
1748	-6.36325
1749	-6.15248
1750	-5.66122
1751	-4.58399
1752	-2.14582
1753	-1.16455
1754	-3.19794
1755	-3.69014
1756	-6.26646
1757	-6.69111
1758	-5.87114
1759	-5.89584
1760	0.185387
1761	-0.0608399
1762	0.289859
1763	1.28321
1764	-4.16782
1765	-3.1493
1766	-1.43283
1767	-4.76147
1768	3.4331
1769	-0.00652269
1770	1.38018
1771	-1.49958
1772	-3.59461
1773	-4.1646
1774	-3.9289
1775	-3.72947
1776	0.580405
1777	-2.2278
1778	-0.514982
1779	-2.87476
1780	-1.26602
1781	-3.1796
1782	-3.4658
1783	-2.75521
1784	2.30256
1785	0.0672551
1786	3.49574
1787	1.30809
1788	-7.4484
1789	-7.99958
1790	-7.67825
1791	-4.61249
1792	-2.14825
1793	-0.608268
1794	-6.43772
1795	-3.08699
1796	-7.56804
1797	-5.68148
1798	-4.6141
1799	-7.19281
1800	-1.70073
1801	-1.20983
1802	-2.14072
1803	-1.60361
1804	-6.15489
1805	-5.61084
1806	-8.88463
1807	-7.01037
1808	1.88916
1809	-2.23762
1810	-0.460841
1811	0.353578
1812	-3.12529
1813	-3.97535
1814	-0.786597
1815	-3.54937
1816	-1.69622
1817	-2.73293
1818	-0.672439
1819	-3.34934
1820	-4.80153
1821	-5.48462
1822	-3.44552
1823	-4.61738
1824	-1.44043
1825	0.225234
1826	-1.51671
1827	-3.23363
1828	-4.8961
1829	-4.2191
1830	-6.30141
1831	-4.48197
1832	0.95946
1833	0.643064
1834	1.8374
1835	1.78355
1836	-8.22441
1837	-8.46328
1838	-4.77642
1839	-6.57152
1840	0.439021
1841	-4.39885
1842	-3.0755
1843	-2.74238
1844	-9.72287
1845	-9.49021
1846	-6.29581
1847	-6.3665
1848	-2.17673
1849	-0.587923
1850	-3.2899
1851	-1.70345
1852	-5.33503
1853	-5.22916
1854	-7.36997
1855	-4.90999
1856	-2.93085
1857	-4.66084
1858	-1.13111
1859	-1.68891
1860	-0.295404
1861	-1.02327
1862	-2.06031
1863	0.384455
1864	-2.19739
1865	-2.11357
1866	-3.50897
1867	-3.44973
1868	1.55254
1869	4.06171
1870	-1.87308
1871	-0.0526049
1872	-2.03021
1873	0.488653
1874	-5.68023
1875	-5.05585
1876	-2.91472
1877	-1.15065
1878	-3.74013
1879	-2.80948
1880	-2.234
1881	1.73066
1882	0.0366173
1883	-3.56244
1884	-5.36492
1885	-1.87806
1886	-3.58547
1887	-3.00796
1888	-4.74622
1889	-2.71864
1890	-4.06799
1891	-5.77761
1892	-2.56721
1893	-1.40197
1894	1.0245
1895	0.993547
1896	-6.33001
1897	-4.73416
1898	-6.74172
1899	-6.57288
1900	-1.48697
1901	0.19071
1902	-4.97669
1903	2.42593
1904	-0.765742
1905	-0.454388
1906	-2.94222
1907	-3.14462
1908	0.569679
1909	-0.789787
1910	0.935394
1911	-0.870103
1912	-4.20777
1913	-0.903082
1914	-2.6433
1915	-2.57447
1916	-3.00048
1917	-2.59297
1918	-0.656239
1919	-3.07482
1920	-3.16301
1921	-1.6469
1922	-3.59862
1923	-4.37141
1924	-7.12391
1925	-5.9644
1926	-1.82715
1927	-5.14291
1928	-2.63154
1929	0.529273
1930	-1.90782
1931	-0.964293
1932	-5.31429
1933	-2.30382
1934	-1.25907
1935	-1.38728
1936	-4.29846
1937	-4.96598
1938	-6.21684
1939	-5.03686
1940	-0.972595
1941	-2.17084
1942	-1.25509
1943	-0.897111
1944	-7.07003
1945	-2.5739
1946	-4.95586
1947	-1.1237
1948	1.00734
1949	-1.68263
1950	-4.65222
1951	-0.345927
1952	-0.246985
1953	-2.36142
1954	-2.27031
1955	-1.87239
1956	0.2231
1957	1.75017
1958	-0.703781
1959	-0.71742
1960	-4.08816
1961	0.0419907
1962	-3.79246
1963	-1.58513
1964	1.63837
1965	-1.85039
1966	-0.319141
1967	-0.9585
1968	-1.20833
1969	-2.59191
1970	-3.20883
1971	-2.75191
1972	-2.99678
1973	0.586668
1974	-3.13163
1975	-2.06527
1976	-2.81653
1977	-4.47089
1978	-3.47948
1979	-4.77634
1980	-0.603655
1981	-1.90587
1982	-2.81328
1983	-2.71422
1984	-6.16712
1985	-4.9467
1986	-4.15683
1987	-3.5905
1988	-3.14418
1989	-4.39774
1990	-1.19231
1991	-1.73861
1992	-5.81489
1993	-6.07442
1994	-6.66313
1995	-2.93837
1996	-2.88215
1997	-2.76313
1998	-2.46825
1999	-2.59141
2000	-3.49233
2001	-3.74677
2002	-3.45369
2003	-2.61084
2004	-0.986451
2005	-0.283128
2006	-4.01383
2007	-3.07187
2008	-2.6896
2009	-3.59199
2010	-3.18488
2011	-2.57104
2012	-1.80052
2013	-3.43471
2014	-2.13679
2015	-1.18592
2016	-6.92289
2017	-3.21225
2018	-4.13042
2019	-6.22598
2020	-2.15105
2021	-0.290283
2022	-2.55997
2023	0.0918307
2024	-2.97578
2025	-5.62247
2026	-2.22839
2027	-4.382
2028	-4.35028
2029	-4.81489
2030	-5.73573
2031	-5.88178
2032	-6.71897
2033	-9.00831
2034	-8.23255
2035	-7.91306
2036	-4.94793
2037	-3.08521
2038	-3.08376
2039	-1.87119
2040	-6.58833
2041	-4.99789
2042	-6.4615
2043	-6.23447
2044	-4.96032
2045	-0.80897
2046	-3.90879
2047	-3.12995
2048	-3.86766
2049	-4.53693
2050	-2.7978
2051	-2.47493
2052	0.202245
2053	-1.07479
2054	-0.331703
2055	-0.641895
2056	-1.18027
2057	-1.2244
2058	-1.38026
2059	-3.95043
2060	-4.41967
2061	-0.92068
2062	-0.742733
2063	-1.28747
2064	-3.18325
2065	-0.0636856
2066	-2.3517
2067	-4.63566
2068	-0.389664
2069	-1.40455
2070	-0.729701
2071	0.549756
2072	0.400271
2073	-4.13546
2074	-2.68505
2075	-0.437507
2076	-5.87301
2077	-5.28255
2078	-1.20421
2079	-2.00352
2080	-5.29619
2081	-6.02467
2082	-8.14694
2083	-8.51846
2084	-5.37694
2085	-2.55504
2086	0.709915
2087	-1.13281
2088	-5.93838
2089	-6.67608
2090	-7.02271
2091	-4.73331
2092	-3.4982
2093	-3.07936
2094	-3.31277
2095	-2.34327
2096	-4.89908
2097	-4.54756
2098	-7.28506
2099	-3.45779
2100	0.466223
2101	-2.05418
2102	-1.29245
2103	-1.97374
2104	-1.03205
2105	-4.07578
2106	-5.00549
2107	-1.83612
2108	-1.95052
2109	-2.69104
2110	-1.60332
2111	-3.20696
2112	-4.91171
2113	1.27
2114	-6.10568
2115	-7.51412
2116	-2.87591
2117	0.0260228
2118	-4.12725
2119	-2.73068
2120	-3.20938
2121	-4.44268
2122	-1.97214
2123	-6.13682
2124	-1.90692
2125	-2.37489
2126	-2.46191
2127	-1.85013
2128	-5.70459
2129	-6.64946
2130	-9.58839
2131	-6.61504
2132	-4.04384
2133	-2.27751
2134	-1.08096
2135	-2.84025
2136	-7.71254
2137	-5.81539
2138	-7.7258
2139	-5.94613
2140	-3.20478
2141	-2.78041
2142	-6.05152
2143	-2.71697
2144	-4.33584
2145	-0.972027
2146	-4.19948
2147	-4.21917
2148	-1.61667
2149	-1.24894
2150	-2.34489
2151	-2.93759
2152	-5.11335
2153	-3.59404
2154	-3.4701
2155	-3.18673
2156	-2.26858
2157	-0.740509
2158	-3.1256
2159	-3.19386
2160	-3.42823
2161	-5.59266
2162	-5.82235
2163	-6.5944
2164	-3.03476
2165	-2.57779
2166	1.50141
2167	-1.26578
2168	-7.85022
2169	-5.81085
2170	-4.30335
2171	-3.11085
2172	-4.95043
2173	-3.39103
2174	-3.08175
2175	-0.637644
2176	-8.14717
2177	-8.11564
2178	-5.90397
2179	-5.69579
2180	-1.95016
2181	-4.43782
2182	-4.19327
2183	-0.832079
2184	-6.18349
2185	-5.98742
2186	-7.69973
2187	-6.80053
2188	-4.34491
2189	-4.26578
2190	-1.14851
2191	-2.23392
2192	-4.13987
2193	-3.79885
2194	-2.55307
2195	-3.80251
2196	-3.4806
2197	-1.84757
2198	5.56138
2199	6.75989
2200	-1.61391
2201	-5.09795
2202	-4.41623
2203	-5.15878
2204	-2.40597
2205	-1.13584
2206	-2.52223
2207	-1.86731
2208	-6.79441
2209	-6.64127
2210	-4.85751
2211	-3.70641
2212	-2.17485
2213	-2.17285
2214	-2.99657
2215	-1.22804
2216	-5.52425
2217	-5.91165
2218	-1.95393
2219	-2.89355
2220	-3.10902
2221	-7.11799
2222	-0.996806
2223	-1.06725
2224	-7.65126
2225	-9.85682
2226	-6.26993
2227	-8.73048
2228	-5.29266
2229	-5.93893
2230	-0.239075
2231	-3.98583
2232	-5.38732
2233	-3.01602
2234	-7.64102
2235	-7.66751
2236	-2.9664
2237	-4.00195
2238	-3.00299
2239	-4.11455
2240	0
2241	0
2242	0
2243	0
2244	0
2245	0
2246	0
2247	0
2248	0
2249	0
2250	0
2251	0
2252	0
2253	0
2254	0
2255	0
2256	0
2257	0
2258	0
2259	0
2260	0
2261	0
2262	0
2263	0
2264	0
2265	0
2266	0
2267	0
2268	0
2269	0
2270	0
2271	0
2272	0
2273	0
2274	0
2275	0
2276	0
2277	0
2278	0
2279	0
2280	0
2281	0
2282	0
2283	0
2284	0
2285	0
2286	0
2287	0
2288	0
2289	0
2290	0
2291	0
2292	0
2293	0
2294	0
2295	0
2296	0
2297	0
2298	0
2299	0
2300	0
2301	0
2302	0
2303	0
2304	0
2305	0
2306	0
2307	0
2308	0
2309	0
2310	0
2311	0
2312	0
2313	0
2314	0
2315	0
2316	0
2317	0
2318	0
2319	0
2320	0
2321	0
2322	0
2323	0
2324	0
2325	0
2326	0
2327	0
2328	0
2329	0
2330	0
2331	0
2332	0
2333	0
2334	0
2335	0
2336	0
2337	0
2338	0
2339	0
2340	0
2341	0
2342	0
2343	0
2344	0
2345	0
2346	0
2347	0
2348	0
2349	0
2350	0
2351	0
2352	0
2353	0
2354	0
2355	0
2356	0
2357	0
2358	0
2359	0
2360	29.7619
2361	24.472
2362	30.2676
2363	30.3984
2364	26.9878
2365	30.1871
2366	27.3581
2367	30.176
2368	30.5612
2369	28.4617
2370	25.8506
2371	24.8395
2372	25.9113
2373	25.3159
2374	31.4548
2375	31.4656
2376	32.5608
2377	25.7512
2378	29.7539
2379	32.7046
2380	28.199
2381	30.2004
2382	31.0542
2383	28.5866
2384	36.1397
2385	31.1238
2386	32.6059
2387	24.9405
2388	30.0901
2389	30.4444
2390	28.0043
2391	29.9644
2392	34.3472
2393	35.577
2394	31.6226
2395	36.0276
2396	29.8317
2397	25.6051
2398	30.5125
2399	24.683
2400	18.4466
2401	26.4744
2402	33.967
2403	34.2187
2404	32.0378
2405	34.1753
2406	29.6317
2407	28.6381
2408	24.1089
2409	24.7665
2410	24.2585
2411	24.7364
2412	27.341
2413	26.9736
2414	35.232
2415	30.3021
2416	30.3124
2417	34.8884
2418	33.548
2419	30.6406
2420	33.4537
2421	31.2689
2422	29.6278
2423	30.9245
2424	38.2851
2425	33.0974
2426	33.1516
2427	33.0859
2428	30.4028
2429	35.5789
2430	33.8913
2431	27.5429
2432	34.956
2433	30.3787
2434	27.8677
2435	30.8505
2436	32.6204
2437	34.3567
2438	30.7422
2439	33.0318
2440	32.0395
2441	36.0229
2442	31.8763
2443	30.0441
2444	29.3249
2445	25.4526
2446	32.0873
2447	26.5142
2448	31.1978
2449	34.6649
2450	24.1694
2451	35.378
2452	32.4296
2453	34.3062
2454	28.8537
2455	0
2456	35.8032
2457	30.3713
2458	29.3787
2459	30.95
2460	30.1561
2461	33.5769
2462	35.1459
2463	33.5238
2464	34.6493
2465	35.9091
2466	31.7559
2467	27.805
2468	28.9028
2469	34.2231
2470	27.6052
2471	27.472
2472	32.2531
2473	35.7579
2474	35.6006
2475	31.914
2476	31.796
2477	31.8117
2478	34.8702
2479	31.1938
2480	33.3009
2481	33.5128
2482	33.9029
2483	30.6936
2484	31.9583
2485	36.7497
2486	35.4582
2487	37.7997
2488	36.7694
2489	37.275
2490	32.2922
2491	27.8592
2492	36.0934
2493	33.4959
2494	28.8481
2495	30.2471
2496	33.5707
2497	31.6812
2498	38.2837
2499	36.0645
2500	36.9112
2501	36.7928
2502	33.2082
2503	34.539
2504	34.2668
2505	32.4339
2506	28.2731
2507	34.4764
2508	33.0599
2509	38.1577
2510	34.6239
2511	35.7187
2512	36.5465
2513	36.1707
2514	31.6093
2515	35.4091
2516	34.2615
2517	30.1314
2518	31.6343
2519	29.3163
2520	33.3358
2521	31.3199
2522	35.7592
2523	34.3813
2524	38.5141
2525	35.8853
2526	32.0093
2527	33.6836
2528	33.4949
2529	29.9434
2530	32.3181
2531	32.337
2532	36.3403
2533	33.5569
2534	36.6759
2535	35.459
2536	33.9633
2537	34.1368
2538	33.5832
2539	25.2529
2540	33.8182
2541	31.2256
2542	31.9573
2543	29.1606
2544	25.8962
2545	27.9149
2546	29.2794
2547	33.9172
2548	31.6245
2549	34.0889
2550	26.8757
2551	36.8901
2552	31.5994
2553	30.1057
2554	30.2304
2555	26.5677
2556	29.5372
2557	30.4158
2558	31.6561
2559	32.911
2560	30.6447
2561	30.394
2562	31.6709
2563	35.7478
2564	28.7263
2565	27.9875
2566	28.001
2567	28.8004
2568	30.5296
2569	31.3292
2570	29.7578
2571	29.1536
2572	27.4442
2573	29.5995
2574	27.3209
2575	29.8498
2576	29.4862
2577	26.7095
2578	33.5699
2579	29.1428
2580	31.5811
2581	24.39
2582	29.3485
2583	24.9129
2584	29.6906
2585	30.1448
2586	26.8786
2587	26.0195
2588	27.2985
2589	30.0503
2590	27.6787
2591	27.6932
2592	32.8088
2593	31.586
2594	28.1133
2595	30.7894
2596	0
2597	0
2598	0
2599	0
2600	0
2601	0
2602	0
2603	0
2604	0
2605	0
2606	0
2607	0
2608	0
2609	0
2610	0
2611	0
2612	0
2613	0
2614	0
2615	0
2616	0
2617	0
2618	0
2619	0
2620	0
2621	0
2622	0
2623	0
2624	0
2625	0
2626	0
2627	0
2628	0
2629	0
2630	0
2631	0
2632	0
2633	0
2634	0
2635	0
2636	0
2637	0
2638	0
2639	0
2640	0
2641	0
2642	0
2643	0
2644	0
2645	0
2646	0
2647	0
2648	0
2649	0
2650	0
2651	0
2652	0
2653	0
2654	0
2655	0
2656	0
2657	0
2658	0
2659	0
2660	0
2661	0
2662	0
2663	0
2664	0
2665	0
2666	0
2667	0
2668	0
2669	0
2670	0
2671	0
2672	0
2673	0
2674	0
2675	0
2676	0
2677	0
2678	0
2679	0
2680	0
2681	0
2682	0
2683	0
2684	0
2685	0
2686	0
2687	0
2688	0
2689	0
2690	0
2691	0
2692	0
2693	0
2694	0
2695	0
2696	0
2697	0
2698	0
2699	0
2700	0
2701	0
2702	0
2703	0
2704	0
2705	0
2706	0
2707	0
2708	0
2709	0
2710	0
2711	0
2712	0
2713	0
2714	0
2715	0
