0	3.14156
1	3.39542
2	1.09192
3	0.749264
4	1.35541
5	1.88954
6	-1.27299
7	2.12106
8	-0.0212487
9	-3.56049
10	1.23723
11	-4.22811
12	0.68574
13	3.04908
14	2.26246
15	0.895414
16	4.56938
17	0.884182
18	-0.626486
19	2.1009
20	3.83329
21	-1.13316
22	1.63649
23	3.32434
24	-1.04397
25	-1.61732
26	-0.562915
27	-1.39057
28	0.941699
29	-1.98077
30	0.317641
31	-0.299249
32	-6.43078
33	-4.95163
34	-3.37282
35	-4.21191
36	-1.73392
37	-1.68693
38	-3.10457
39	0.627562
40	-2.75766
41	-2.16173
42	-1.30971
43	-4.09851
44	-7.46273
45	-3.44668
46	-1.87959
47	-2.06709
48	4.75318
49	4.28529
50	-0.294904
51	1.62876
52	5.37735
53	1.83567
54	3.74058
55	2.54159
56	2.97598
57	2.04016
58	0.758576
59	4.15837
60	5.81314
61	3.26473
62	3.80871
63	1.6307
64	1.77671
65	1.64883
66	2.0034
67	2.2937
68	4.70487
69	1.68565
70	0.702524
71	2.29082
72	1.17075
73	-1.08292
74	-2.77756
75	-1.64625
76	0.541572
77	0.436347
78	0.259975
79	-0.485954
80	-3.53656
81	-2.96063
82	-2.81735
83	-2.67452
84	-0.674728
85	0.589535
86	0.136235
87	0.397691
88	-1.17204
89	-1.73282
90	-0.853304
91	-1.52593
92	-3.9987
93	-4.13791
94	-2.66228
95	-5.74458
96	9.37905
97	8.15696
98	2.95569
99	3.21109
100	4.06167
101	5.00349
102	3.89543
103	5.07491
104	2.54248
105	0.96265
106	4.54742
107	3.01394
108	4.94406
109	4.32428
110	5.3981
111	5.33636
112	0.597476
113	0.542998
114	0.354509
115	2.38699
116	1.71887
117	1.79038
118	0.176738
119	2.00153
120	-2.03519
121	-1.03344
122	-3.10859
123	-1.20139
124	1.43576
125	-0.0534812
126	0.0259263
127	1.343
128	-3.00411
129	0.352562
130	-1.57677
131	0.258513
132	2.32629
133	0.198318
134	2.72487
135	5.41444
136	-0.121973
137	-0.854582
138	0.284893
139	1.08147
140	-1.47929
141	-4.17783
142	-2.2756
143	-4.41959
144	6.59745
145	4.97827
146	1.12161
147	2.23986
148	4.16417
149	4.23415
150	4.80338
151	4.05572
152	-0.989097
153	2.08403
154	2.90495
155	4.27099
156	4.09331
157	6.7756
158	4.5599
159	4.80701
160	4.72862
161	4.29849
162	3.17527
163	0.916052
164	3.20797
165	2.07527
166	-0.346458
167	1.3391
168	1.76403
169	-0.974357
170	-4.81361
171	-4.58582
172	1.52712
173	0.353481
174	2.61524
175	-1.64996
176	0.719349
177	-1.29375
178	1.43049
179	-0.726052
180	2.91341
181	3.44981
182	0.188322
183	1.54836
184	3.90932
185	-0.778264
186	-0.126322
187	4.35765
188	-3.05587
189	0.428004
190	-2.27021
191	-5.22739
192	7.76583
193	7.4891
194	2.32141
195	2.89331
196	4.30957
197	3.99735
198	2.75707
199	5.42876
200	2.39416
201	4.39766
202	2.67996
203	-0.439465
204	4.94398
205	3.54776
206	3.49859
207	6.04271
208	3.60596
209	2.54714
210	-17.4959
211	3.48532
212	3.46928
213	1.86952
214	-0.887864
215	0.151188
216	-0.934745
217	-1.44789
218	0.682574
219	-1.80044
220	1.57276
221	-1.46401
222	1.55765
223	3.16125
224	-1.06457
225	0.250358
226	-3.19671
227	-1.00598
228	0.993142
229	2.25629
230	0.433783
231	0.717779
232	3.11494
233	1.49229
234	1.65504
235	4.62999
236	-2.73905
237	-1.83701
238	-3.80124
239	-6.82591
240	5.95542
241	7.89542
242	2.86718
243	2.1225
244	2.86807
245	1.61035
246	3.78174
247	3.06968
248	4.96401
249	2.57398
250	3.04651
251	3.22773
252	5.21503
253	4.73118
254	5.78977
255	3.08493
256	3.42542
257	4.2189
258	2.63065
259	2.25413
260	4.10975
261	0.836663
262	-2.41887
263	-0.789958
264	-0.120542
265	0.324062
266	-0.826775
267	-4.35814
268	2.69109
269	1.92306
270	0.857797
271	1.70167
272	-1.44965
273	0.791665
274	2.84486
275	1.89871
276	2.71458
277	1.34923
278	2.73827
279	2.61625
280	3.91184
281	3.86596
282	2.70443
283	2.97147
284	-1.08093
285	3.18318
286	-3.95235
287	-2.81425
288	7.67491
289	6.74314
290	3.78449
291	2.987
292	2.8497
293	4.71835
294	1.93925
295	7.0284
296	2.53685
297	3.54141
298	1.38574
299	2.62467
300	4.34881
301	7.23368
302	5.49858
303	4.24025
304	4.41314
305	2.79163
306	0.178371
307	2.76796
308	-2.58352
309	-6.89624
310	-4.25225
311	-5.37545
312	-0.333507
313	-0.298636
314	-0.155472
315	-0.106144
316	1.50918
317	5.04775
318	0.271397
319	2.88798
320	-1.56024
321	-2.41484
322	-4.3256
323	-2.45387
324	-1.58977
325	1.51517
326	-0.0359123
327	-3.80197
328	0.672288
329	-2.36296
330	-2.08347
331	1.69191
332	-5.53672
333	-4.81389
334	0.399499
335	-1.19063
336	9.24689
337	6.83688
338	4.21614
339	6.24938
340	5.92755
341	3.55158
342	6.00304
343	5.7377
344	2.22451
345	3.1756
346	4.63272
347	2.86716
348	5.56459
349	3.42435
350	5.7656
351	4.63857
352	2.35719
353	3.66263
354	4.96545
355	3.82745
356	0.299783
357	-1.45066
358	-2.66525
359	-6.77822
360	2.55977
361	-2.12642
362	-0.0659532
363	2.57405
364	0.0188316
365	1.29451
366	0.842812
367	1.09392
368	-0.536446
369	-1.11438
370	1.30423
371	-2.77016
372	3.91541
373	4.78124
374	2.50317
375	7.22908
376	2.27636
377	5.49541
378	2.97865
379	2.6303
380	0.0399558
381	-2.44986
382	-4.36959
383	-3.4839
384	1.2135
385	1.37596
386	7.85619
387	4.24331
388	-0.625192
389	-2.25823
390	-3.00247
391	-0.883075
392	4.78254
393	5.58812
394	2.82341
395	3.92296
396	-2.54509
397	-0.767232
398	-2.2437
399	0.707174
400	2.63225
401	1.70673
402	5.68365
403	1.78912
404	-2.60852
405	-3.29483
406	-4.50497
407	-4.85105
408	4.33209
409	0.0612838
410	3.41668
411	-0.390857
412	-2.99833
413	-4.59527
414	-1.44868
415	-4.86118
416	-0.102349
417	-0.968742
418	-0.176562
419	0.597338
420	-2.73917
421	-4.92848
422	-3.52634
423	-1.10695
424	-9.0965
425	-10.1874
426	-9.26026
427	-9.32618
428	-7.31577
429	-5.22269
430	-10.6416
431	-9.73827
432	-0.977134
433	-0.00142452
434	4.42932
435	2.32133
436	-0.134771
437	-3.53972
438	0.598751
439	-2.16783
440	4.54971
441	3.50874
442	3.29195
443	5.18031
444	2.37436
445	-0.707953
446	0.140581
447	-1.24357
448	4.15728
449	2.55324
450	5.47217
451	0.519962
452	2.44215
453	-3.82912
454	-5.5478
455	-4.77805
456	1.82688
457	1.4392
458	-0.473077
459	-0.189819
460	-3.24964
461	-2.61809
462	-2.06735
463	-5.33123
464	-0.0772898
465	0.105596
466	-2.4732
467	-0.789814
468	-1.77816
469	-1.73581
470	-3.92677
471	-1.83916
472	-8.80644
473	-10.6236
474	-9.83681
475	-9.39475
476	-10.5678
477	-9.39185
478	-10.0301
479	-9.40455
480	7.31525
481	4.74129
482	3.5641
483	5.18834
484	-2.38716
485	-0.745176
486	-1.27871
487	-1.22022
488	5.67417
489	5.81493
490	4.35959
491	2.9005
492	0.17225
493	0.864046
494	1.30578
495	-1.11024
496	3.9057
497	4.21706
498	2.86829
499	3.25376
500	1.95363
501	-3.8976
502	-4.06405
503	-3.63295
504	2.1801
505	2.42887
506	-0.84065
507	1.5749
508	-3.18842
509	-5.241
510	-2.92501
511	-2.56332
512	0.00439544
513	-1.58433
514	3.50499
515	-0.480997
516	-1.64751
517	-2.77987
518	-3.1077
519	-2.73765
520	-8.5111
521	-11.1204
522	-5.97051
523	-7.29722
524	-6.47531
525	-8.3707
526	-7.6699
527	-5.29137
528	6.70341
529	5.75906
530	1.65363
531	1.56208
532	0.40268
533	1.4211
534	-0.538481
535	-2.4445
536	1.89621
537	1.99541
538	4.04963
539	3.04212
540	-2.61845
541	-2.73315
542	-3.96868
543	1.24552
544	6.41794
545	5.29836
546	0.362385
547	2.57139
548	-2.55415
549	-4.68731
550	-5.85051
551	-6.73697
552	2.35964
553	4.47865
554	2.92244
555	3.91426
556	-2.64685
557	-2.33692
558	-1.61723
559	-2.1954
560	-0.657445
561	2.4038
562	0.887695
563	3.03452
564	-3.09768
565	-0.887629
566	-2.83708
567	-2.14212
568	-8.08343
569	-8.334
570	-7.1796
571	-7.52928
572	-3.2259
573	-2.77315
574	-7.67573
575	-8.31749
576	4.24323
577	4.28698
578	5.71334
579	5.31347
580	0.394377
581	0.924129
582	1.26783
583	1.7644
584	5.36094
585	4.31342
586	5.10193
587	3.94366
588	-2.52533
589	-1.51614
590	2.42311
591	-0.0902962
592	5.37631
593	1.05121
594	3.86243
595	3.78854
596	-0.666427
597	-4.01548
598	-2.85265
599	-3.04038
600	4.17252
601	2.03051
602	3.03607
603	4.02222
604	-3.39126
605	-0.867592
606	-1.89204
607	-2.4648
608	0.563161
609	-1.06373
610	1.17142
611	1.75567
612	-2.18509
613	-2.87366
614	-2.53864
615	-2.01327
616	-7.56688
617	-8.55041
618	-6.7025
619	-6.03246
620	-7.44944
621	-5.74816
622	-10.1456
623	-8.20205
624	5.76272
625	6.21316
626	7.4631
627	5.48629
628	1.65521
629	2.95308
630	1.82801
631	-1.3124
632	5.86852
633	7.2777
634	3.52252
635	3.68391
636	0.760618
637	2.91016
638	1.25497
639	2.73203
640	5.54265
641	4.50407
642	4.79754
643	4.86406
644	2.41285
645	-2.58742
646	-1.35353
647	4.80276
648	-6.50067
649	-5.7922
650	-7.83202
651	-8.53456
652	-3.25351
653	-5.43559
654	-2.07705
655	-2.35887
656	0.448641
657	0.554588
658	0.644108
659	-0.672964
660	-3.62012
661	-1.57709
662	-3.24453
663	-1.81368
664	-7.37061
665	-5.03161
666	-6.17365
667	-5.97093
668	-6.41626
669	-6.6108
670	-4.96645
671	-4.45049
672	6.69015
673	5.62778
674	4.91345
675	4.70214
676	1.71313
677	-0.417194
678	1.29686
679	-1.17287
680	5.35967
681	7.03797
682	7.67635
683	5.84643
684	-1.73481
685	-2.46862
686	-0.131447
687	-3.23667
688	5.778
689	1.57517
690	3.54076
691	4.14942
692	3.13048
693	0.282202
694	6.27897
695	-3.75419
696	-5.37743
697	-6.22399
698	-7.27562
699	-5.59165
700	-3.63318
701	-1.50224
702	-3.57732
703	-1.5517
704	0.529239
705	-0.91624
706	3.61142
707	1.65275
708	-3.29768
709	-1.12912
710	-0.487601
711	-2.93586
712	-8.86035
713	-5.0934
714	-7.25855
715	-8.3532
716	-5.14247
717	-5.0219
718	-7.99549
719	-7.46428
720	-0.043868
721	-0.705872
722	4.60136
723	5.78565
724	0.410601
725	0.00856522
726	-0.661679
727	0.345573
728	6.27385
729	4.80291
730	3.41428
731	6.02184
732	-1.94477
733	-4.13435
734	-2.78728
735	-1.36589
736	4.0518
737	3.75333
738	0.263477
739	0.119188
740	0.930535
741	0.754093
742	-1.71765
743	6.56953
744	-4.30579
745	-3.59663
746	-7.1332
747	-5.04857
748	-0.161595
749	-0.856572
750	-3.28425
751	-0.770081
752	-0.11201
753	0.221568
754	-1.79065
755	1.96388
756	-4.12495
757	-2.26036
758	-6.96077
759	-6.29614
760	-8.54576
761	-5.62231
762	-6.64273
763	-7.7945
764	-3.41388
765	-6.77854
766	-4.03671
767	-7.06569
768	0.370418
769	-1.71945
770	0.254205
771	-0.984776
772	1.03931
773	2.6196
774	0.19508
775	2.62456
776	-1.87116
777	0.0624395
778	-2.92171
779	-1.03216
780	-0.982441
781	1.51725
782	-1.82398
783	-3.13315
784	-1.81699
785	-3.36934
786	-0.218696
787	0.0671275
788	1.85683
789	-0.508881
790	-0.515924
791	-1.61096
792	-5.80577
793	-5.78228
794	-5.88892
795	-8.16111
796	-2.44977
797	-1.56727
798	-5.30146
799	-3.33368
800	-5.31114
801	-5.27024
802	-6.31459
803	-4.69577
804	-6.17493
805	-5.80533
806	-3.91366
807	-1.89876
808	-10.69
809	-9.24985
810	-5.96815
811	-5.77754
812	-9.96833
813	-10.9939
814	-14.3459
815	-9.94207
816	-1.91088
817	0.337523
818	-2.20729
819	-0.968619
820	1.60621
821	1.77088
822	1.85272
823	1.46931
824	-3.17368
825	-1.75366
826	-1.92936
827	-4.13624
828	0.598082
829	-0.693525
830	-0.913179
831	-1.1635
832	1.91628
833	-3.82579
834	-1.1051
835	-2.43354
836	-0.0449904
837	-0.654515
838	-2.40363
839	-1.06895
840	-3.64343
841	-4.27847
842	-7.80369
843	-5.17203
844	-2.34651
845	-1.42524
846	-3.21464
847	-5.36154
848	-5.01475
849	-4.45688
850	-4.81668
851	-3.67538
852	1.0609
853	-4.64781
854	-3.6272
855	-1.89219
856	-9.2738
857	-8.13325
858	-5.21465
859	-6.92217
860	-18.8262
861	-12.2315
862	-12.0505
863	-9.97325
864	-0.544298
865	-0.475037
866	-0.219888
867	0.518648
868	0.948465
869	-0.929583
870	1.87988
871	1.3617
872	-1.94036
873	-3.26938
874	-2.10206
875	-2.3673
876	-4.05837
877	1.121
878	-2.97329
879	-2.8536
880	-1.51098
881	-4.61659
882	0.757372
883	-2.83945
884	-0.897383
885	-2.70357
886	-2.75749
887	0.290182
888	-3.65539
889	-4.38575
890	-9.52231
891	-8.08983
892	-3.42867
893	-4.56025
894	-2.45388
895	-7.36761
896	-6.06654
897	-5.79536
898	-5.45287
899	-3.48778
900	-1.8731
901	-3.12511
902	-1.9914
903	-2.2989
904	-8.97565
905	-9.01548
906	-6.36194
907	-6.39947
908	-7.79246
909	-8.68812
910	-12.7347
911	-11.4073
912	0.439474
913	0.480553
914	-1.88368
915	0.152148
916	2.768
917	1.23711
918	1.95094
919	2.20919
920	-2.08397
921	-0.885946
922	0.463679
923	2.13444
924	2.43135
925	1.55685
926	2.10242
927	2.13925
928	3.12056
929	0.189322
930	-0.908733
931	-4.40923
932	-1.16903
933	-1.389
934	0.318774
935	-1.75018
936	-4.24527
937	-2.75213
938	-6.19707
939	-6.2124
940	-2.90646
941	-2.71445
942	-4.06347
943	-1.29146
944	-5.0027
945	-2.64354
946	-2.59868
947	-2.69706
948	-1.84782
949	-2.24437
950	-0.788153
951	-2.37979
952	-6.69633
953	-7.88117
954	-5.22139
955	-3.7833
956	-8.28701
957	-9.91191
958	-9.83347
959	-9.7864
960	-0.744298
961	-2.09029
962	-0.325745
963	-0.440066
964	2.77674
965	3.51957
966	-0.239898
967	0.898316
968	1.06493
969	0.95678
970	0.711568
971	-0.832156
972	-4.17995
973	0.658499
974	-1.47266
975	-2.2275
976	-1.08794
977	-2.51373
978	-3.16544
979	-3.14508
980	-0.669263
981	-3.54356
982	-3.40627
983	-1.7309
984	-5.98008
985	-4.77504
986	-1.81227
987	-4.05138
988	-0.264348
989	1.26231
990	-2.97464
991	-1.83367
992	-8.41426
993	-8.17901
994	-4.24845
995	-5.76668
996	-5.75639
997	-7.91512
998	-8.74339
999	-10.6424
1000	-0.4033
1001	1.80879
1002	3.40216
1003	1.77732
1004	1.96755
1005	4.15906
1006	3.81004
1007	5.20053
1008	1.26706
1009	0.458799
1010	1.72621
1011	0.770377
1012	3.77194
1013	1.40427
1014	-0.577016
1015	-3.04924
1016	0.991877
1017	0.400397
1018	-1.09749
1019	-0.172315
1020	0.960727
1021	-0.652655
1022	-1.93906
1023	-0.483318
1024	-2.58903
1025	-2.61911
1026	-3.96185
1027	-2.948
1028	-2.45883
1029	-1.2945
1030	0.930806
1031	-2.50411
1032	-8.63283
1033	-7.87803
1034	-6.07055
1035	-2.77559
1036	-7.22731
1037	-8.79375
1038	-10.8111
1039	-11.4658
1040	1.26542
1041	0.904059
1042	3.40882
1043	1.76651
1044	-2.02904
1045	-2.03369
1046	2.1049
1047	3.0127
1048	0.473146
1049	0.262986
1050	0.633553
1051	0.778155
1052	0.254365
1053	2.83683
1054	1.41934
1055	3.36147
1056	0.542414
1057	-2.20484
1058	1.71072
1059	-0.832287
1060	0.877766
1061	-1.96208
1062	-2.96882
1063	-1.40604
1064	-3.5005
1065	-3.37796
1066	-0.94819
1067	-3.59332
1068	-1.04232
1069	-1.98918
1070	-2.77197
1071	-1.26224
1072	-7.09676
1073	-6.25683
1074	-6.23473
1075	-3.61874
1076	-7.07428
1077	-5.34398
1078	-9.97932
1079	-8.49949
1080	5.66295
1081	3.59436
1082	0.98907
1083	1.70015
1084	5.30143
1085	2.53054
1086	0.220219
1087	2.93761
1088	-0.514743
1089	0.278522
1090	0.192287
1091	1.269
1092	2.18519
1093	3.45285
1094	0.807692
1095	1.39987
1096	0.363449
1097	-0.985667
1098	-0.505887
1099	-3.24265
1100	0.151035
1101	-1.83568
1102	-4.45701
1103	-1.08314
1104	-6.5008
1105	-4.84773
1106	-1.34727
1107	-4.05237
1108	-1.90843
1109	-0.365873
1110	-1.06356
1111	-3.99993
1112	-7.76604
1113	-7.31428
1114	-3.54571
1115	-4.38847
1116	-3.87018
1117	-6.93045
1118	-10.6645
1119	-9.22128
1120	4.23581
1121	4.20591
1122	6.04306
1123	2.80512
1124	8.54174
1125	6.8908
1126	2.64333
1127	1.95281
1128	-0.107964
1129	2.18661
1130	0.03582
1131	0.601238
1132	4.44689
1133	4.72637
1134	5.88912
1135	3.24919
1136	2.00934
1137	1.50414
1138	0.309925
1139	-0.731642
1140	-0.00977913
1141	0.368618
1142	1.65137
1143	0.679602
1144	-0.595611
1145	-2.53614
1146	-2.17702
1147	0.0685638
1148	3.77847
1149	0.706088
1150	-1.75099
1151	-1.43114
1152	-0.450257
1153	-4.02623
1154	0.411939
1155	1.96949
1156	0.348049
1157	-1.98288
1158	5.62978
1159	3.94633
1160	4.37775
1161	4.71141
1162	2.55559
1163	1.94198
1164	4.25589
1165	3.26281
1166	2.35211
1167	1.95292
1168	1.52251
1169	0.0958545
1170	1.71488
1171	-0.234918
1172	4.02087
1173	5.755
1174	6.52802
1175	5.72813
1176	1.53495
1177	2.12634
1178	1.93562
1179	0.165707
1180	4.03791
1181	-0.120393
1182	-1.87096
1183	-0.588631
1184	-0.652329
1185	-2.50949
1186	-1.40209
1187	-1.04311
1188	0.559139
1189	2.09047
1190	5.07081
1191	1.65882
1192	0.768824
1193	-0.197617
1194	-2.15663
1195	1.24319
1196	5.24388
1197	2.84591
1198	2.21307
1199	5.14984
1200	2.43034
1201	3.43541
1202	1.34448
1203	3.11473
1204	6.51709
1205	5.00058
1206	1.87017
1207	1.83022
1208	1.9929
1209	1.03029
1210	-0.496629
1211	0.349473
1212	1.71731
1213	4.30424
1214	3.97444
1215	2.89541
1216	2.25171
1217	1.71635
1218	-1.10783
1219	-0.427703
1220	-1.46132
1221	-4.93726
1222	0.495052
1223	0.359909
1224	-0.553026
1225	-2.58196
1226	-3.3121
1227	-0.917618
1228	1.75844
1229	2.20898
1230	2.28524
1231	3.10603
1232	-1.02759
1233	-0.51894
1234	2.77932
1235	-0.23165
1236	2.03121
1237	3.10509
1238	4.64991
1239	3.98459
1240	1.86901
1241	2.13911
1242	2.72281
1243	0.0335822
1244	4.98654
1245	2.77775
1246	3.58244
1247	2.77566
1248	-0.490396
1249	2.38899
1250	0.902046
1251	0.115307
1252	2.85121
1253	4.66046
1254	2.79356
1255	2.57237
1256	1.83693
1257	2.14655
1258	3.80885
1259	0.413695
1260	0.103075
1261	0.022194
1262	-0.488549
1263	-4.91188
1264	-1.67013
1265	-3.0586
1266	-1.80028
1267	-2.44174
1268	0.238505
1269	1.16565
1270	-1.04886
1271	0.0844085
1272	-0.730925
1273	-0.0421479
1274	0.803646
1275	-0.326399
1276	2.60072
1277	0.859142
1278	3.16876
1279	2.99408
1280	3.2633
1281	3.82208
1282	4.98641
1283	0.388877
1284	6.57793
1285	6.50866
1286	5.6026
1287	4.85398
1288	1.84745
1289	1.37913
1290	-2.66024
1291	0.881575
1292	4.91802
1293	5.50845
1294	2.51307
1295	4.97168
1296	2.30178
1297	2.42327
1298	-2.6507
1299	-1.8843
1300	4.41956
1301	4.00619
1302	1.71325
1303	1.644
1304	0.351141
1305	2.68867
1306	0.468603
1307	-0.813269
1308	-1.10001
1309	-1.58145
1310	-0.702698
1311	-1.81952
1312	-2.42249
1313	0.825864
1314	-1.79377
1315	-4.36875
1316	1.45049
1317	0.577543
1318	2.23226
1319	-1.97227
1320	-0.433905
1321	-0.108493
1322	-1.444
1323	0.196994
1324	2.6771
1325	1.47308
1326	4.13078
1327	4.46665
1328	1.10071
1329	1.2753
1330	3.67513
1331	1.28484
1332	4.94496
1333	4.35056
1334	3.33292
1335	2.84418
1336	-2.61848
1337	-2.43616
1338	8.15826
1339	-0.88103
1340	1.42453
1341	3.46962
1342	3.00415
1343	3.40479
1344	-1.03484
1345	2.27486
1346	0.810228
1347	-1.27445
1348	4.56303
1349	5.54898
1350	2.58007
1351	3.63797
1352	1.50082
1353	-0.641593
1354	-3.24446
1355	-3.5699
1356	-0.366461
1357	0.385011
1358	0.267901
1359	-0.700869
1360	-4.35254
1361	-4.38218
1362	-1.73217
1363	-1.31525
1364	-2.16826
1365	-1.32328
1366	1.08796
1367	1.71426
1368	0.984085
1369	-0.291395
1370	0.522691
1371	-0.00496981
1372	0.0164991
1373	1.03703
1374	2.9924
1375	1.19184
1376	3.00992
1377	3.18912
1378	3.43322
1379	1.74606
1380	3.01196
1381	3.77816
1382	1.53862
1383	0.863543
1384	-1.18626
1385	-0.29556
1386	0.489331
1387	10.0501
1388	1.20029
1389	2.79172
1390	1.84054
1391	3.10684
1392	1.67469
1393	1.3904
1394	-0.170399
1395	1.22444
1396	4.39833
1397	4.22349
1398	2.35679
1399	3.40777
1400	-1.39537
1401	-3.50175
1402	-0.970479
1403	1.60284
1404	0.843668
1405	-4.31164
1406	-0.766769
1407	-0.963128
1408	-1.35583
1409	-1.35258
1410	-3.39919
1411	-3.40673
1412	0.541244
1413	0.553224
1414	-2.214
1415	-3.85694
1416	-1.89449
1417	-1.59404
1418	-1.67242
1419	-1.2907
1420	0.646211
1421	0.176292
1422	3.13495
1423	2.34968
1424	1.56258
1425	3.74757
1426	0.133836
1427	0.0427861
1428	3.25729
1429	4.27596
1430	3.34818
1431	0.986502
1432	0.0261414
1433	-1.62354
1434	8.03962
1435	-7.71315
1436	0.346897
1437	2.6929
1438	2.91566
1439	2.64841
1440	0.0894595
1441	1.43424
1442	-1.68463
1443	-2.04269
1444	3.61302
1445	3.37855
1446	1.94865
1447	1.92463
1448	-1.17081
1449	0.0468551
1450	0.5751
1451	-1.5532
1452	1.49119
1453	-1.55608
1454	-4.19031
1455	-1.50872
1456	-1.05585
1457	-0.119582
1458	-3.62223
1459	-4.33982
1460	-2.87503
1461	-0.736081
1462	1.33272
1463	0.316022
1464	-0.762346
1465	-1.94915
1466	-3.05913
1467	-3.90694
1468	-0.332572
1469	1.20686
1470	5.87041
1471	1.55344
1472	2.47646
1473	4.02973
1474	4.57498
1475	4.66951
1476	-0.365769
1477	0.445205
1478	0.495415
1479	0.752923
1480	2.2574
1481	2.65401
1482	3.15256
1483	3.60118
1484	1.25764
1485	-0.0131814
1486	0.10702
1487	-1.4845
1488	5.13293
1489	5.44227
1490	1.58941
1491	1.8827
1492	1.49982
1493	2.44775
1494	9.13063
1495	0.790086
1496	1.84796
1497	0.781931
1498	-2.18688
1499	-0.138009
1500	-6.24375
1501	-4.51427
1502	-1.74276
1503	-1.08137
1504	1.37683
1505	2.23918
1506	-1.09756
1507	0.503268
1508	-2.63105
1509	-1.83897
1510	-0.547318
1511	-2.40658
1512	1.04346
1513	1.52848
1514	-0.278573
1515	3.25055
1516	-0.163431
1517	-0.753903
1518	-3.91577
1519	-1.2944
1520	5.67064
1521	4.24279
1522	3.10908
1523	2.5842
1524	-5.12867
1525	-0.466558
1526	1.44684
1527	0.127091
1528	4.97965
1529	3.10852
1530	2.50928
1531	3.43966
1532	-0.51558
1533	1.8164
1534	-0.807794
1535	0.523686
1536	4.40067
1537	5.05695
1538	5.47149
1539	3.62908
1540	4.7104
1541	2.6252
1542	-0.906371
1543	9.47398
1544	-0.479622
1545	1.19018
1546	-2.89318
1547	-0.709295
1548	-5.25903
1549	-3.22807
1550	-3.6019
1551	1.76871
1552	0.578317
1553	-0.212713
1554	1.47801
1555	1.712
1556	-2.69846
1557	-1.87106
1558	-2.65324
1559	-1.26054
1560	2.30563
1561	1.5349
1562	2.51412
1563	2.15543
1564	-2.66634
1565	-0.916519
1566	-1.8225
1567	-3.29738
1568	4.92453
1569	4.4148
1570	4.4239
1571	4.75678
1572	-0.0313063
1573	0.895416
1574	0.938932
1575	-0.381091
1576	5.1147
1577	4.55726
1578	4.12866
1579	6.5467
1580	1.62902
1581	-0.667444
1582	0.0836312
1583	2.30738
1584	5.4596
1585	6.73549
1586	3.8528
1587	3.42216
1588	3.22599
1589	-0.014756
1590	9.69059
1591	-4.78939
1592	1.55054
1593	1.84158
1594	-2.01616
1595	-4.33961
1596	-5.54647
1597	-2.86017
1598	-2.60659
1599	-4.65098
1600	0.596419
1601	0.436159
1602	1.97121
1603	-0.650036
1604	-2.46055
1605	-2.4787
1606	-4.17192
1607	-3.35959
1608	2.35708
1609	2.47686
1610	1.11185
1611	3.57027
1612	2.15776
1613	-2.06944
1614	-2.546
1615	-1.35219
1616	4.98199
1617	3.97796
1618	2.48889
1619	3.18575
1620	1.25541
1621	-3.6266
1622	-0.201356
1623	0.614991
1624	3.47566
1625	3.79851
1626	1.78217
1627	3.52531
1628	-1.47538
1629	-4.7753
1630	1.28712
1631	-0.367173
1632	1.19763
1633	2.09227
1634	5.40243
1635	2.13407
1636	-0.534744
1637	-0.619666
1638	-0.246991
1639	-1.163
1640	6.38156
1641	3.89504
1642	2.29199
1643	1.15192
1644	-3.40908
1645	-1.74085
1646	-2.92166
1647	-6.19547
1648	-0.408238
1649	0.13845
1650	0.491837
1651	1.73326
1652	-2.72168
1653	2.20836
1654	-4.52806
1655	-2.99204
1656	3.36601
1657	2.11241
1658	2.04311
1659	1.03363
1660	-0.623252
1661	-0.920874
1662	-3.2211
1663	-3.1122
1664	3.35771
1665	2.70801
1666	3.37689
1667	0.440345
1668	-0.523791
1669	-1.84995
1670	-0.136649
1671	1.19936
1672	6.0176
1673	5.73101
1674	5.20094
1675	6.08763
1676	1.31657
1677	0.758211
1678	-0.348113
1679	0.644214
1680	4.41904
1681	4.67579
1682	2.43361
1683	2.71316
1684	1.86953
1685	-0.121691
1686	-0.803142
1687	-0.67334
1688	-8.96494
1689	5.81548
1690	1.50278
1691	4.8282
1692	-3.74569
1693	-5.61969
1694	-4.37364
1695	-2.80596
1696	2.79994
1697	2.15311
1698	0.760764
1699	1.76307
1700	-3.81439
1701	-3.28055
1702	-1.43432
1703	-3.38309
1704	4.10145
1705	2.97543
1706	3.92916
1707	1.27081
1708	-2.21503
1709	0.589963
1710	-2.20761
1711	-1.84719
1712	6.07777
1713	5.30237
1714	5.10865
1715	2.71468
1716	-1.53132
1717	-0.631826
1718	1.50427
1719	-1.36396
1720	5.28204
1721	3.94763
1722	5.06921
1723	4.88561
1724	-1.81582
1725	-1.07874
1726	-0.25089
1727	-2.76308
1728	5.49861
1729	3.50929
1730	2.36208
1731	2.17235
1732	-0.215535
1733	-0.556742
1734	1.90004
1735	-0.380042
1736	4.18007
1737	3.93095
1738	4.16901
1739	4.65824
1740	-4.09109
1741	-3.74981
1742	-4.60505
1743	-0.594922
1744	0.823483
1745	1.62639
1746	-0.413136
1747	0.842163
1748	-3.2079
1749	-2.67438
1750	-2.09282
1751	-1.57364
1752	1.44405
1753	1.95041
1754	0.175417
1755	0.184151
1756	-2.70763
1757	-3.16699
1758	-2.35085
1759	-2.44644
1760	4.3436
1761	3.33232
1762	3.98135
1763	4.85424
1764	-0.461833
1765	0.348247
1766	1.863
1767	-1.56962
1768	6.66327
1769	3.1179
1770	4.76004
1771	1.71058
1772	-0.0607877
1773	-1.0805
1774	-1.00038
1775	-0.514315
1776	3.68098
1777	0.842868
1778	2.54798
1779	0.323271
1780	1.72902
1781	-0.0743015
1782	-0.0558928
1783	0.470373
1784	5.42288
1785	3.1988
1786	6.4231
1787	4.35281
1788	-4.28292
1789	-4.60866
1790	-4.3488
1791	-1.47557
1792	1.17491
1793	3.07718
1794	-3.13098
1795	0.0845086
1796	-3.91945
1797	-3.00678
1798	-1.30376
1799	-3.7312
1800	1.57826
1801	2.26188
1802	1.23753
1803	2.00375
1804	-2.76492
1805	-2.11358
1806	-5.29089
1807	-3.58164
1808	5.33846
1809	1.17296
1810	2.8309
1811	4.02829
1812	0.367902
1813	-0.428494
1814	2.42391
1815	-0.246091
1816	1.49289
1817	0.627206
1818	2.62708
1819	-0.326541
1820	-1.64276
1821	-2.10272
1822	0.0323411
1823	-1.42459
1824	1.7163
1825	3.30817
1826	1.71293
1827	-0.0320496
1828	-1.82149
1829	-1.02559
1830	-3.34193
1831	-1.31325
1832	4.16613
1833	3.73541
1834	5.05228
1835	5.10812
1836	-5.12475
1837	-5.17944
1838	-1.56783
1839	-3.34701
1840	3.59391
1841	-1.15997
1842	0.292444
1843	0.602494
1844	-6.3053
1845	-6.33881
1846	-3.00327
1847	-2.9215
1848	0.992424
1849	2.64035
1850	0.0490408
1851	1.7868
1852	-1.86095
1853	-1.67267
1854	-3.30457
1855	-1.43374
1856	0.287418
1857	-1.13032
1858	1.96394
1859	1.83363
1860	3.04627
1861	2.57752
1862	1.16068
1863	3.76274
1864	1.18454
1865	1.19845
1866	0.0593815
1867	-0.0201558
1868	4.72227
1869	7.47534
1870	1.27028
1871	3.51322
1872	1.2785
1873	3.51459
1874	-2.41265
1875	-1.93225
1876	0.31332
1877	2.06046
1878	-0.535976
1879	0.209946
1880	0.88051
1881	4.6074
1882	3.04914
1883	-0.315188
1884	-2.20841
1885	1.60671
1886	-0.35161
1887	0.351003
1888	-1.35093
1889	0.250907
1890	-0.948619
1891	-2.48389
1892	0.848218
1893	1.5393
1894	3.70239
1895	4.24542
1896	-2.73608
1897	-1.23293
1898	-3.74652
1899	-3.20113
1900	2.4006
1901	3.78192
1902	-1.50004
1903	5.87042
1904	2.92188
1905	3.46512
1906	0.418751
1907	0.445418
1908	3.93303
1909	2.67556
1910	4.40779
1911	2.54794
1912	-0.861488
1913	2.31764
1914	0.880668
1915	0.856575
1916	0.753552
1917	0.976263
1918	2.40117
1919	0.112358
1920	-0.0609713
1921	1.48445
1922	-0.3074
1923	-0.972736
1924	-3.83209
1925	-2.66152
1926	1.5528
1927	-1.93539
1928	0.591226
1929	3.80186
1930	1.31898
1931	2.29304
1932	-2.01533
1933	0.768805
1934	2.11446
1935	2.00007
1936	-1.00931
1937	-1.75918
1938	-3.00346
1939	-1.74317
1940	2.35515
1941	1.04718
1942	1.99088
1943	2.77797
1944	-3.641
1945	0.824404
1946	-1.90754
1947	2.37577
1948	4.19542
1949	1.68809
1950	-0.564583
1951	3.49996
1952	3.17486
1953	0.846137
1954	0.871414
1955	1.83148
1956	3.517
1957	4.80361
1958	2.8116
1959	2.13122
1960	-0.348367
1961	3.79384
1962	-0.374935
1963	2.04265
1964	4.95502
1965	1.57267
1966	2.59297
1967	2.27657
1968	2.17291
1969	0.790286
1970	0.129945
1971	0.703012
1972	0.110847
1973	4.0516
1974	0.0498419
1975	0.994827
1976	0.406645
1977	-1.18753
1978	-0.0619685
1979	-1.71944
1980	2.68358
1981	1.40008
1982	0.582084
1983	0.511189
1984	-2.85602
1985	-1.42253
1986	-0.675037
1987	-0.508122
1988	0.228752
1989	-1.14267
1990	2.27632
1991	1.50231
1992	-2.51046
1993	-2.83366
1994	-3.59052
1995	0.839561
1996	0.73649
1997	0.827977
1998	1.10282
1999	1.09218
2000	0.122085
2001	-0.350528
2002	-0.168868
2003	0.866534
2004	2.75317
2005	2.86181
2006	-0.455762
2007	1.02928
2008	0.794818
2009	-0.231411
2010	0.144707
2011	0.736418
2012	1.60264
2013	0.162085
2014	1.20546
2015	2.14013
2016	-3.69131
2017	0.103659
2018	-0.812383
2019	-2.90317
2020	1.34271
2021	2.9213
2022	0.765971
2023	3.65263
2024	0.217543
2025	-1.83361
2026	0.938473
2027	-1.08359
2028	-1.2356
2029	-1.50457
2030	-2.46276
2031	-2.74324
2032	-3.58964
2033	-5.67407
2034	-4.77574
2035	-4.64883
2036	-1.31054
2037	0.123828
2038	0.542979
2039	1.12852
2040	-2.54259
2041	-1.82879
2042	-2.32494
2043	-2.80121
2044	-1.57699
2045	2.63474
2046	0.0416862
2047	0.387222
2048	-0.33509
2049	-1.18817
2050	0.591193
2051	0.999776
2052	3.77197
2053	2.39838
2054	2.966
2055	2.66181
2056	2.1061
2057	2.5746
2058	2.17916
2059	-0.190137
2060	-0.71904
2061	2.35348
2062	2.59694
2063	2.30949
2064	-0.0120248
2065	3.5131
2066	1.17117
2067	-1.22086
2068	3.01604
2069	1.95268
2070	2.53543
2071	3.7051
2072	3.60395
2073	-0.716011
2074	0.533195
2075	2.9892
2076	-2.56809
2077	-2.00963
2078	2.27845
2079	1.62749
2080	-2.0812
2081	-2.91445
2082	-4.49145
2083	-5.17088
2084	-1.91445
2085	1.00311
2086	4.13366
2087	2.4918
2088	-2.33627
2089	-2.96945
2090	-3.85408
2091	-1.10059
2092	0.408751
2093	0.416469
2094	-0.31038
2095	1.25838
2096	-0.763595
2097	-0.591375
2098	-3.30024
2099	0.245418
2100	4.19271
2101	1.67257
2102	2.27022
2103	1.58431
2104	2.09542
2105	-0.041346
2106	-1.20309
2107	1.55591
2108	1.48541
2109	0.967511
2110	1.72946
2111	0.156331
2112	-1.68698
2113	4.30109
2114	-2.53587
2115	-4.14497
2116	0.759137
2117	3.23336
2118	-0.718375
2119	1.12446
2120	0.166846
2121	-1.35336
2122	1.30066
2123	-2.89531
2124	1.28754
2125	0.965322
2126	0.903637
2127	1.93369
2128	-2.55431
2129	-3.03176
2130	-6.17124
2131	-3.12219
2132	-0.950938
2133	1.1208
2134	2.43709
2135	0.578882
2136	-4.26733
2137	-2.55188
2138	-4.48034
2139	-2.10199
2140	0.421058
2141	0.988969
2142	-2.22352
2143	0.85653
2144	0.159936
2145	2.96624
2146	-0.211248
2147	-0.504581
2148	2.34266
2149	2.1127
2150	0.145419
2151	0.589223
2152	-1.40933
2153	0.016251
2154	-0.0889296
2155	0.17747
2156	1.346
2157	2.62131
2158	0.721506
2159	0.230612
2160	0.12858
2161	-2.21948
2162	-2.7521
2163	-3.11353
2164	0.593378
2165	0.962735
2166	4.68791
2167	1.69796
2168	-4.52715
2169	-2.3762
2170	-0.880125
2171	0.102859
2172	-1.59715
2173	-0.122142
2174	0.514308
2175	2.60639
2176	-4.78796
2177	-4.48419
2178	-2.39107
2179	-2.21444
2180	1.47043
2181	-0.720238
2182	-0.821525
2183	2.99298
2184	-3.434
2185	-2.1697
2186	-4.46282
2187	-3.1773
2188	-0.593156
2189	-0.759422
2190	2.40792
2191	1.44236
2192	-1.96291
2193	-0.34329
2194	1.54058
2195	-0.234814
2196	0.105945
2197	1.31306
2198	10.2453
2199	9.18773
2200	1.89541
2201	-1.61763
2202	-1.26648
2203	-1.88164
2204	1.34541
2205	2.21489
2206	1.28574
2207	1.2097
2208	-4.11057
2209	-3.15574
2210	-1.47517
2211	-0.634312
2212	1.25777
2213	1.27585
2214	0.307858
2215	2.23344
2216	-1.6651
2217	-2.73892
2218	0.94636
2219	0.8841
2220	0.470885
2221	-3.64502
2222	2.68048
2223	2.28673
2224	-4.21426
2225	-6.12651
2226	-2.57125
2227	-5.09189
2228	-1.59074
2229	-2.35248
2230	3.81069
2231	0.234953
2232	-1.40802
2233	0.882085
2234	-4.43946
2235	-4.92362
2236	0.0368815
2237	0.179288
2238	1.96012
2239	-0.452408
2240	0
2241	0
2242	0
2243	0
2244	0
2245	0
2246	0
2247	0
2248	0
2249	0
2250	0
2251	0
2252	0
2253	0
2254	0
2255	0
2256	0
2257	0
2258	0
2259	0
2260	0
2261	0
2262	0
2263	0
2264	0
2265	0
2266	0
2267	0
2268	0
2269	0
2270	0
2271	0
2272	0
2273	0
2274	0
2275	0
2276	0
2277	0
2278	0
2279	0
2280	0
2281	0
2282	0
2283	0
2284	0
2285	0
2286	0
2287	0
2288	0
2289	0
2290	0
2291	0
2292	0
2293	0
2294	0
2295	0
2296	0
2297	0
2298	0
2299	0
2300	0
2301	0
2302	0
2303	0
2304	0
2305	0
2306	0
2307	0
2308	0
2309	0
2310	0
2311	0
2312	0
2313	0
2314	0
2315	0
2316	0
2317	0
2318	0
2319	0
2320	0
2321	0
2322	0
2323	0
2324	0
2325	0
2326	0
2327	0
2328	0
2329	0
2330	0
2331	0
2332	0
2333	0
2334	0
2335	0
2336	0
2337	0
2338	0
2339	0
2340	0
2341	0
2342	0
2343	0
2344	0
2345	0
2346	0
2347	0
2348	0
2349	0
2350	0
2351	0
2352	0
2353	0
2354	0
2355	0
2356	0
2357	0
2358	0
2359	0
2360	33.8914
2361	28.0449
2362	34.1293
2363	34.0851
2364	30.672
2365	33.62
2366	30.9087
2367	33.7601
2368	34.0479
2369	32.459
2370	29.4747
2371	28.534
2372	29.3241
2373	28.6983
2374	35.04
2375	34.6863
2376	36.3043
2377	29.5713
2378	32.9258
2379	36.1866
2380	31.6439
2381	33.6624
2382	34.5399
2383	32.083
2384	39.8839
2385	35.1108
2386	35.8976
2387	28.5026
2388	33.6405
2389	33.8194
2390	31.5506
2391	33.6144
2392	37.9712
2393	39.1587
2394	35.0822
2395	39.4201
2396	33.2955
2397	29.4443
2398	34.0789
2399	28.2683
2400	21.9313
2401	29.7777
2402	37.2488
2403	37.794
2404	35.644
2405	37.8871
2406	33.4784
2407	32.3024
2408	27.8625
2409	28.3208
2410	27.6081
2411	28.0037
2412	30.8197
2413	30.6287
2414	38.6165
2415	33.7793
2416	33.852
2417	39.2122
2418	37.2451
2419	34.5251
2420	36.8231
2421	34.4897
2422	32.8801
2423	34.3371
2424	41.6353
2425	36.8655
2426	36.6694
2427	36.7552
2428	34.067
2429	38.7824
2430	37.3042
2431	30.9502
2432	38.5906
2433	33.93
2434	31.3141
2435	34.3286
2436	36.1679
2437	37.7911
2438	34.2455
2439	36.6659
2440	35.6835
2441	39.7367
2442	35.3259
2443	33.3838
2444	32.7763
2445	28.9822
2446	35.4948
2447	29.7926
2448	34.6011
2449	38.1599
2450	27.5193
2451	39.107
2452	36.0163
2453	37.8262
2454	31.9459
2455	0
2456	39.0938
2457	33.9413
2458	32.8769
2459	34.2492
2460	33.6019
2461	37.2147
2462	38.5457
2463	37.0663
2464	37.9293
2465	39.773
2466	35.0942
2467	31.5531
2468	32.406
2469	37.7033
2470	31.1227
2471	30.7595
2472	35.8067
2473	39.319
2474	39.1449
2475	35.5919
2476	35.5249
2477	35.2924
2478	38.2308
2479	35.0318
2480	36.7956
2481	36.9384
2482	37.3869
2483	34.0054
2484	35.1784
2485	40.0801
2486	38.7982
2487	41.2934
2488	40.2199
2489	40.451
2490	36.08
2491	31.3833
2492	39.475
2493	37.1255
2494	32.2511
2495	33.7227
2496	37.0871
2497	35.0986
2498	41.6095
2499	39.8393
2500	40.539
2501	40.6451
2502	37.0454
2503	37.9363
2504	37.7143
2505	36.0186
2506	31.8208
2507	37.8685
2508	36.4886
2509	41.4806
2510	38.2148
2511	39.2905
2512	40.0853
2513	39.6264
2514	34.8877
2515	39.0035
2516	37.9174
2517	33.6719
2518	34.8789
2519	32.6989
2520	36.9483
2521	34.9635
2522	39.3637
2523	37.8817
2524	41.9771
2525	39.5862
2526	35.3888
2527	37.5142
2528	36.984
2529	33.2843
2530	35.9521
2531	35.5786
2532	39.7969
2533	37.0276
2534	39.946
2535	39.1653
2536	37.3414
2537	37.816
2538	36.9614
2539	28.5941
2540	37.5657
2541	34.9343
2542	35.4052
2543	32.4901
2544	29.5496
2545	31.3189
2546	32.8734
2547	37.4542
2548	35.1689
2549	37.8413
2550	30.5105
2551	40.3908
2552	35.2404
2553	33.6398
2554	33.7317
2555	30.0691
2556	33.0253
2557	34.0289
2558	35.2117
2559	36.2643
2560	34.4541
2561	33.8112
2562	34.9711
2563	39.0973
2564	32.1741
2565	31.4059
2566	31.5292
2567	32.2855
2568	33.8004
2569	35.0976
2570	33.5497
2571	32.7125
2572	30.9419
2573	33.3112
2574	30.9127
2575	33.2451
2576	32.9579
2577	30.6409
2578	36.6998
2579	32.8245
2580	34.9586
2581	28.0394
2582	33.0176
2583	28.3671
2584	33.2788
2585	33.7982
2586	30.6644
2587	29.6976
2588	30.8613
2589	33.5908
2590	31.0738
2591	31.31
2592	36.3607
2593	34.8979
2594	31.1463
2595	35.2974
2596	0
2597	0
2598	0
2599	0
2600	0
2601	0
2602	0
2603	0
2604	0
2605	0
2606	0
2607	0
2608	0
2609	0
2610	0
2611	0
2612	0
2613	0
2614	0
2615	0
2616	0
2617	0
2618	0
2619	0
2620	0
2621	0
2622	0
2623	0
2624	0
2625	0
2626	0
2627	0
2628	0
2629	0
2630	0
2631	0
2632	0
2633	0
2634	0
2635	0
2636	0
2637	0
2638	0
2639	0
2640	0
2641	0
2642	0
2643	0
2644	0
2645	0
2646	0
2647	0
2648	0
2649	0
2650	0
2651	0
2652	0
2653	0
2654	0
2655	0
2656	0
2657	0
2658	0
2659	0
2660	0
2661	0
2662	0
2663	0
2664	0
2665	0
2666	0
2667	0
2668	0
2669	0
2670	0
2671	0
2672	0
2673	0
2674	0
2675	0
2676	0
2677	0
2678	0
2679	0
2680	0
2681	0
2682	0
2683	0
2684	0
2685	0
2686	0
2687	0
2688	0
2689	0
2690	0
2691	0
2692	0
2693	0
2694	0
2695	0
2696	0
2697	0
2698	0
2699	0
2700	0
2701	0
2702	0
2703	0
2704	0
2705	0
2706	0
2707	0
2708	0
2709	0
2710	0
2711	0
2712	0
2713	0
2714	0
2715	0
